     2809	2023-07-31 00:01:05	22	1	1	0
     2809	2023-07-31 00:01:09	22	1	1	0
     2635	2023-07-31 00:02:04	22	1	1	0
      480	2023-07-31 02:39:27	22	0	1	0
      480	2023-07-31 02:39:29	22	0	1	0
      480	2023-07-31 02:40:37	22	0	1	0
      737	2023-07-31 02:43:04	22	0	1	0
      737	2023-07-31 02:43:09	22	0	1	0
      737	2023-07-31 02:43:11	22	0	1	0
     2708	2023-07-31 02:46:21	22	0	1	0
     2708	2023-07-31 02:46:23	22	0	1	0
       94	2023-07-31 02:50:35	22	0	1	0
       94	2023-07-31 02:50:37	22	0	1	0
       94	2023-07-31 02:50:38	22	0	1	0
      621	2023-07-31 02:57:59	22	0	1	0
      621	2023-07-31 02:58:01	22	0	1	0
      887	2023-07-31 03:10:33	22	0	1	0
      887	2023-07-31 03:10:38	22	0	1	0
     1266	2023-07-31 05:00:08	22	0	1	0
     1328	2023-07-31 05:49:12	22	0	1	0
     1328	2023-07-31 05:49:14	22	0	1	0
     2649	2023-07-31 06:06:25	22	1	1	0
     2649	2023-07-31 06:06:27	22	1	1	0
     2649	2023-07-31 06:06:29	22	1	1	0
     2256	2023-07-31 06:38:26	22	0	1	0
     2256	2023-07-31 06:38:28	22	0	1	0
     1494	2023-07-31 07:28:12	22	0	1	0
     1494	2023-07-31 07:28:20	22	0	1	0
      261	2023-07-31 07:52:33	22	0	1	0
      261	2023-07-31 07:52:35	22	0	1	0
     2288	2023-07-31 08:31:03	22	1	1	0
     2288	2023-07-31 08:31:10	22	1	1	0
     2288	2023-07-31 08:31:21	22	1	1	0
     2288	2023-07-31 08:31:25	22	1	1	0
      480	2023-07-31 11:02:07	22	1	1	0
      480	2023-07-31 11:02:09	22	1	1	0
     2708	2023-07-31 11:04:45	22	1	1	0
     2708	2023-07-31 11:04:47	22	1	1	0
      621	2023-07-31 11:05:43	22	1	1	0
      621	2023-07-31 11:05:46	22	1	1	0
       94	2023-07-31 11:05:56	22	1	1	0
       94	2023-07-31 11:05:58	22	1	1	0
       94	2023-07-31 11:06:00	22	1	1	0
      737	2023-07-31 11:20:55	22	1	1	0
      737	2023-07-31 11:20:58	22	1	1	0
      737	2023-07-31 11:21:00	22	1	1	0
      261	2023-07-31 12:01:12	22	1	1	0
      261	2023-07-31 12:01:14	22	1	1	0
     1494	2023-07-31 12:01:28	22	1	1	0
     1494	2023-07-31 12:01:30	22	1	1	0
     1494	2023-07-31 12:01:32	22	1	1	0
      261	2023-07-31 12:32:52	22	0	1	0
      261	2023-07-31 12:32:54	22	0	1	0
     1494	2023-07-31 12:33:00	22	0	1	0
     1494	2023-07-31 12:33:02	22	0	1	0
     1336	2023-07-31 13:36:35	22	0	1	0
     1336	2023-07-31 13:36:39	22	0	1	0
     1336	2023-07-31 13:36:44	22	0	1	0
     1336	2023-07-31 13:36:45	22	0	1	0
     1328	2023-07-31 14:02:56	22	1	1	0
     1328	2023-07-31 14:02:58	22	1	1	0
     1328	2023-07-31 14:03:00	22	1	1	0
     2809	2023-07-31 15:31:28	22	0	1	0
     2809	2023-07-31 15:31:30	22	0	1	0
     2635	2023-07-31 16:25:31	22	0	1	0
      261	2023-07-31 17:03:31	22	1	1	0
      261	2023-07-31 17:03:33	22	1	1	0
     1494	2023-07-31 17:08:23	22	1	1	0
     1494	2023-07-31 17:08:32	22	1	1	0
     1494	2023-07-31 17:08:35	22	1	1	0
      887	2023-07-31 17:43:59	22	1	1	0
      887	2023-07-31 17:44:04	22	1	1	0
     2256	2023-07-31 17:57:59	22	1	1	0
     2256	2023-07-31 17:58:00	22	1	1	0
     2649	2023-07-31 21:40:13	22	0	1	0
     2649	2023-07-31 21:40:16	22	0	1	0
     2649	2023-07-31 21:40:18	22	0	1	0
     1336	2023-07-31 22:01:44	22	1	1	0
     1336	2023-07-31 22:01:45	22	1	1	0
     1336	2023-07-31 22:01:47	22	1	1	0
     2288	2023-07-31 23:47:26	22	0	1	0
     2288	2023-07-31 23:47:36	22	0	1	0
     2288	2023-07-31 23:47:43	22	0	1	0
     2288	2023-07-31 23:47:50	22	0	1	0
     2288	2023-07-31 23:47:54	22	0	1	0
     2635	2023-08-01 00:01:21	22	1	1	0
     2809	2023-08-01 00:04:29	22	1	1	0
     2809	2023-08-01 00:04:31	22	1	1	0
     2708	2023-08-01 02:38:40	22	0	1	0
     2708	2023-08-01 02:38:42	22	0	1	0
      480	2023-08-01 02:41:36	22	0	1	0
      480	2023-08-01 02:41:38	22	0	1	0
      111	2023-08-01 02:46:24	22	0	1	0
      111	2023-08-01 02:46:28	22	0	1	0
      887	2023-08-01 02:57:48	22	0	1	0
      887	2023-08-01 02:57:54	22	0	1	0
      621	2023-08-01 03:20:09	22	0	1	0
      621	2023-08-01 03:20:11	22	0	1	0
     1266	2023-08-01 04:59:36	22	0	1	0
     2256	2023-08-01 05:36:16	22	0	1	0
     2256	2023-08-01 05:36:18	22	0	1	0
     1328	2023-08-01 06:02:11	22	0	1	0
     1328	2023-08-01 06:02:13	22	0	1	0
     2649	2023-08-01 06:04:37	22	1	1	0
     2649	2023-08-01 06:04:38	22	1	1	0
     2649	2023-08-01 06:04:40	22	1	1	0
     1494	2023-08-01 07:41:45	22	0	1	0
     1494	2023-08-01 07:41:48	22	0	1	0
      261	2023-08-01 07:55:50	22	0	1	0
      261	2023-08-01 07:55:52	22	0	1	0
     2288	2023-08-01 08:16:06	22	1	1	0
     2288	2023-08-01 08:16:10	22	1	1	0
      480	2023-08-01 11:01:22	22	1	1	0
      480	2023-08-01 11:01:24	22	1	1	0
      111	2023-08-01 11:01:45	22	1	1	0
      111	2023-08-01 11:01:49	22	1	1	0
     2708	2023-08-01 11:03:54	22	1	1	0
     2708	2023-08-01 11:03:57	22	1	1	0
      621	2023-08-01 11:08:57	22	1	1	0
      621	2023-08-01 11:08:59	22	1	1	0
      261	2023-08-01 12:02:58	22	1	1	0
      261	2023-08-01 12:03:00	22	1	1	0
     1494	2023-08-01 12:03:42	22	1	1	0
     1494	2023-08-01 12:03:44	22	1	1	0
     1494	2023-08-01 12:33:03	22	0	1	0
     1494	2023-08-01 12:33:06	22	0	1	0
      261	2023-08-01 12:33:34	22	0	1	0
      261	2023-08-01 12:33:36	22	0	1	0
     1336	2023-08-01 13:44:35	22	0	1	0
     1336	2023-08-01 13:44:39	22	0	1	0
     1336	2023-08-01 13:44:44	22	0	1	0
     1328	2023-08-01 14:03:40	22	1	1	0
     1328	2023-08-01 14:03:44	22	1	1	0
     2809	2023-08-01 15:37:45	22	0	1	0
     2809	2023-08-01 15:37:47	22	0	1	0
     2635	2023-08-01 15:42:24	22	0	1	0
      261	2023-08-01 17:01:36	22	1	1	0
      261	2023-08-01 17:01:38	22	1	1	0
      887	2023-08-01 17:02:56	22	0	1	0
      887	2023-08-01 17:03:09	22	0	1	0
     1494	2023-08-01 17:05:28	22	1	1	0
     1494	2023-08-01 17:05:34	22	1	1	0
     1494	2023-08-01 17:05:35	22	1	1	0
     2256	2023-08-01 17:48:32	22	1	1	0
     2256	2023-08-01 17:48:34	22	1	1	0
     2616	2023-08-01 21:49:54	22	0	1	0
     2616	2023-08-01 21:49:59	22	0	1	0
     1336	2023-08-01 22:06:23	22	1	1	0
     1336	2023-08-01 22:06:27	22	1	1	0
     1336	2023-08-01 22:06:28	22	1	1	0
     2288	2023-08-01 23:46:11	22	0	1	0
     2288	2023-08-01 23:46:15	22	0	1	0
     2809	2023-08-02 00:01:04	22	0	1	0
     2809	2023-08-02 00:01:10	22	1	1	0
     2809	2023-08-02 00:01:12	22	1	1	0
     2809	2023-08-02 00:01:14	22	1	1	0
     2635	2023-08-02 00:02:07	22	1	1	0
      737	2023-08-02 02:41:00	22	0	1	0
      737	2023-08-02 02:41:02	22	0	1	0
      737	2023-08-02 02:41:05	22	0	1	0
      480	2023-08-02 02:42:51	22	0	1	0
      480	2023-08-02 02:42:53	22	0	1	0
      480	2023-08-02 02:42:54	22	0	1	0
      111	2023-08-02 02:43:44	22	0	1	0
      111	2023-08-02 02:43:48	22	0	1	0
     2708	2023-08-02 02:44:06	22	0	1	0
     2708	2023-08-02 02:44:12	22	0	1	0
      621	2023-08-02 03:32:42	22	0	1	0
      621	2023-08-02 03:32:44	22	0	1	0
      887	2023-08-02 03:55:21	22	0	1	0
      887	2023-08-02 03:55:25	22	0	1	0
      887	2023-08-02 03:55:29	22	0	1	0
     1266	2023-08-02 04:59:26	22	0	1	0
     1328	2023-08-02 05:56:33	22	0	1	0
     1328	2023-08-02 05:56:39	22	0	1	0
     2616	2023-08-02 06:03:10	22	1	1	0
     2616	2023-08-02 06:03:12	22	1	1	0
     1494	2023-08-02 07:33:18	22	0	1	0
     1494	2023-08-02 07:33:21	22	0	1	0
      261	2023-08-02 07:53:06	22	0	1	0
      261	2023-08-02 07:53:08	22	0	1	0
     2288	2023-08-02 08:09:20	22	1	1	0
     2288	2023-08-02 08:09:24	22	1	1	0
     2256	2023-08-02 08:18:38	22	0	1	0
     2256	2023-08-02 08:18:40	22	0	1	0
      480	2023-08-02 11:02:14	22	1	1	0
      480	2023-08-02 11:02:16	22	1	1	0
      737	2023-08-02 11:02:28	22	1	1	0
      737	2023-08-02 11:02:35	22	1	1	0
      737	2023-08-02 11:02:38	22	1	1	0
     2708	2023-08-02 11:03:08	22	1	1	0
     2708	2023-08-02 11:03:10	22	1	1	0
      111	2023-08-02 11:03:32	22	1	1	0
      111	2023-08-02 11:03:36	22	1	1	0
      621	2023-08-02 11:03:51	22	1	1	0
      621	2023-08-02 11:03:52	22	1	1	0
      887	2023-08-02 11:30:58	22	1	1	0
      887	2023-08-02 11:31:04	22	1	1	0
      887	2023-08-02 11:31:26	22	1	1	0
      261	2023-08-02 12:01:14	22	1	1	0
      261	2023-08-02 12:01:16	22	1	1	0
     1494	2023-08-02 12:01:31	22	1	1	0
     1494	2023-08-02 12:01:33	22	1	1	0
      261	2023-08-02 12:32:27	22	0	1	0
      261	2023-08-02 12:32:29	22	0	1	0
     1494	2023-08-02 12:34:10	22	0	1	0
     1494	2023-08-02 12:34:13	22	0	1	0
     2439	2023-08-02 12:40:51	22	0	1	0
     1336	2023-08-02 13:52:26	22	0	1	0
     1336	2023-08-02 13:52:29	22	0	1	0
     1336	2023-08-02 13:52:35	22	0	1	0
     1336	2023-08-02 13:52:36	22	0	1	0
     1336	2023-08-02 13:55:29	22	0	1	0
     1328	2023-08-02 14:10:03	22	1	1	0
     1328	2023-08-02 14:10:06	22	1	1	0
     1328	2023-08-02 14:11:28	22	1	1	0
     2809	2023-08-02 15:42:02	22	0	1	0
     2809	2023-08-02 15:42:04	22	0	1	0
     2635	2023-08-02 16:30:25	22	0	1	0
     1494	2023-08-02 17:01:54	22	1	1	0
     1494	2023-08-02 17:01:58	22	1	1	0
      261	2023-08-02 17:02:05	22	1	1	0
      261	2023-08-02 17:02:08	22	1	1	0
     2256	2023-08-02 18:11:29	22	1	1	0
     2256	2023-08-02 18:11:34	22	1	1	0
     2649	2023-08-02 21:40:52	22	0	1	0
     2649	2023-08-02 21:40:54	22	0	1	0
     2649	2023-08-02 21:40:56	22	0	1	0
     2616	2023-08-02 21:45:04	22	0	1	0
     2616	2023-08-02 21:45:09	22	0	1	0
     1336	2023-08-02 22:01:25	22	1	1	0
     1336	2023-08-02 22:01:27	22	1	1	0
     1336	2023-08-02 22:01:36	22	1	1	0
     2288	2023-08-02 23:44:48	22	0	1	0
     2288	2023-08-02 23:44:55	22	0	1	0
     2288	2023-08-02 23:44:58	22	0	1	0
     2809	2023-08-03 00:01:04	22	1	1	0
     2809	2023-08-03 00:01:06	22	1	1	0
     2635	2023-08-03 00:25:43	22	1	1	0
      111	2023-08-03 02:33:55	22	0	1	0
      111	2023-08-03 02:33:59	22	0	1	0
      480	2023-08-03 02:41:08	22	0	1	0
      480	2023-08-03 02:41:10	22	0	1	0
     2708	2023-08-03 02:43:25	22	0	1	0
     2708	2023-08-03 02:43:28	22	0	1	0
      737	2023-08-03 02:52:32	22	0	1	0
      737	2023-08-03 02:52:40	22	0	1	0
      737	2023-08-03 02:52:46	22	0	1	0
       94	2023-08-03 02:54:47	22	0	1	0
       94	2023-08-03 02:54:49	22	0	1	0
       94	2023-08-03 02:54:51	22	0	1	0
      887	2023-08-03 03:20:11	22	0	1	0
      887	2023-08-03 03:20:15	22	0	1	0
      887	2023-08-03 03:20:19	22	0	1	0
     1266	2023-08-03 04:59:10	22	0	1	0
     1328	2023-08-03 05:53:25	22	0	1	0
     1328	2023-08-03 05:53:28	22	0	1	0
     2649	2023-08-03 06:01:09	22	1	1	0
     2649	2023-08-03 06:01:11	22	1	1	0
     2649	2023-08-03 06:01:13	22	1	1	0
     2616	2023-08-03 06:01:34	22	1	1	0
     2616	2023-08-03 06:01:37	22	1	1	0
     2256	2023-08-03 06:19:32	22	0	1	0
     2256	2023-08-03 06:19:34	22	0	1	0
     1494	2023-08-03 07:39:13	22	0	1	0
     1494	2023-08-03 07:39:15	22	0	1	0
      261	2023-08-03 07:52:12	22	0	1	0
      261	2023-08-03 07:52:14	22	0	1	0
     2288	2023-08-03 08:12:54	22	1	1	0
     2288	2023-08-03 08:13:01	22	1	1	0
     2288	2023-08-03 08:13:04	22	1	1	0
      737	2023-08-03 11:01:04	22	1	1	0
      737	2023-08-03 11:01:07	22	1	1	0
      737	2023-08-03 11:01:09	22	1	1	0
      480	2023-08-03 11:01:24	22	1	1	0
      480	2023-08-03 11:01:27	22	1	1	0
      111	2023-08-03 11:01:41	22	1	1	0
      111	2023-08-03 11:01:45	22	1	1	0
       94	2023-08-03 11:01:57	22	1	1	0
       94	2023-08-03 11:02:00	22	1	1	0
       94	2023-08-03 11:02:02	22	1	1	0
     2708	2023-08-03 11:02:12	22	1	1	0
     2708	2023-08-03 11:02:14	22	1	1	0
      261	2023-08-03 12:01:12	22	1	1	0
      261	2023-08-03 12:01:14	22	1	1	0
     1494	2023-08-03 12:02:17	22	1	1	0
     1494	2023-08-03 12:02:20	22	1	1	0
     1494	2023-08-03 12:02:22	22	1	1	0
      261	2023-08-03 12:31:04	22	0	1	0
      261	2023-08-03 12:31:06	22	0	1	0
     1494	2023-08-03 12:31:16	22	0	1	0
     1494	2023-08-03 12:31:18	22	0	1	0
     1494	2023-08-03 12:31:19	22	0	1	0
     1336	2023-08-03 13:48:49	22	0	1	0
     1336	2023-08-03 13:48:51	22	0	1	0
     1336	2023-08-03 13:48:58	22	0	1	0
     1328	2023-08-03 14:05:21	22	1	1	0
     1328	2023-08-03 14:05:24	22	1	1	0
     2635	2023-08-03 15:47:34	22	0	1	0
      887	2023-08-03 15:52:57	22	1	1	0
      887	2023-08-03 15:53:01	22	1	1	0
      887	2023-08-03 15:53:09	22	1	1	0
     1266	2023-08-03 16:41:21	22	1	1	0
     2256	2023-08-03 17:00:37	22	0	1	0
     2256	2023-08-03 17:00:42	22	1	1	0
     2256	2023-08-03 17:00:44	22	1	1	0
     1494	2023-08-03 17:02:42	22	1	1	0
     1494	2023-08-03 17:02:44	22	1	1	0
     1494	2023-08-03 17:02:46	22	1	1	0
      261	2023-08-03 17:02:53	22	1	1	0
      261	2023-08-03 17:02:55	22	1	1	0
     2649	2023-08-03 21:43:59	22	0	1	0
     2649	2023-08-03 21:44:01	22	0	1	0
     2649	2023-08-03 21:44:03	22	0	1	0
     2649	2023-08-03 21:44:04	22	0	1	0
     1336	2023-08-03 22:01:55	22	1	1	0
     1336	2023-08-03 22:01:57	22	1	1	0
     1336	2023-08-03 22:01:58	22	1	1	0
     2288	2023-08-03 23:44:13	22	0	1	0
     2288	2023-08-03 23:44:16	22	0	1	0
     2635	2023-08-04 00:02:06	22	1	1	0
      111	2023-08-04 02:40:19	22	0	1	0
      111	2023-08-04 02:40:23	22	0	1	0
     2708	2023-08-04 02:41:15	22	0	1	0
     2708	2023-08-04 02:41:17	22	0	1	0
      480	2023-08-04 02:43:36	22	0	1	0
      480	2023-08-04 02:43:38	22	0	1	0
      737	2023-08-04 02:49:19	22	0	1	0
      737	2023-08-04 02:49:22	22	0	1	0
      737	2023-08-04 02:49:25	22	0	1	0
      887	2023-08-04 02:59:14	22	0	1	0
      887	2023-08-04 02:59:19	22	0	1	0
       94	2023-08-04 04:28:32	22	0	1	0
       94	2023-08-04 04:28:33	22	0	1	0
       94	2023-08-04 04:28:35	22	0	1	0
     1266	2023-08-04 05:00:11	22	0	1	0
     1328	2023-08-04 05:58:46	22	0	1	0
     1328	2023-08-04 05:58:48	22	0	1	0
     2649	2023-08-04 06:04:21	22	1	1	0
     2649	2023-08-04 06:04:23	22	1	1	0
     2649	2023-08-04 06:04:25	22	1	1	0
     2649	2023-08-04 06:04:28	22	1	1	0
     2256	2023-08-04 06:43:24	22	0	1	0
     2256	2023-08-04 06:43:26	22	0	1	0
     1494	2023-08-04 07:42:41	22	0	1	0
     1494	2023-08-04 07:42:43	22	0	1	0
      261	2023-08-04 07:52:35	22	0	1	0
      261	2023-08-04 07:52:37	22	0	1	0
     2288	2023-08-04 08:07:11	22	1	1	0
     2288	2023-08-04 08:07:18	22	1	1	0
     2288	2023-08-04 08:07:22	22	1	1	0
       94	2023-08-04 11:01:59	22	1	1	0
       94	2023-08-04 11:02:00	22	1	1	0
       94	2023-08-04 11:02:05	22	1	1	0
      480	2023-08-04 11:02:15	22	1	1	0
      480	2023-08-04 11:02:20	22	1	1	0
     2708	2023-08-04 11:06:23	22	1	1	0
     2708	2023-08-04 11:06:25	22	1	1	0
      737	2023-08-04 11:07:01	22	1	1	0
      737	2023-08-04 11:07:04	22	1	1	0
      737	2023-08-04 11:07:06	22	1	1	0
      111	2023-08-04 11:08:02	22	1	1	0
      111	2023-08-04 11:08:07	22	1	1	0
      261	2023-08-04 12:03:54	22	1	1	0
      261	2023-08-04 12:03:56	22	1	1	0
     1494	2023-08-04 12:04:09	22	1	1	0
     1494	2023-08-04 12:04:11	22	1	1	0
      261	2023-08-04 12:32:23	22	0	1	0
      261	2023-08-04 12:32:25	22	0	1	0
     1494	2023-08-04 12:32:41	22	0	1	0
     1494	2023-08-04 12:32:44	22	0	1	0
      887	2023-08-04 13:34:46	22	1	1	0
      887	2023-08-04 13:34:50	22	1	1	0
      887	2023-08-04 13:34:54	22	1	1	0
     1328	2023-08-04 14:28:55	22	1	1	0
     1328	2023-08-04 14:28:57	22	1	1	0
     1328	2023-08-04 14:28:59	22	1	1	0
     2809	2023-08-04 15:42:11	22	0	1	0
     2809	2023-08-04 15:42:13	22	0	1	0
      261	2023-08-04 17:01:50	22	1	1	0
      261	2023-08-04 17:01:52	22	1	1	0
     1494	2023-08-04 17:05:48	22	1	1	0
     1494	2023-08-04 17:06:00	22	1	1	0
     2256	2023-08-04 18:17:16	22	1	1	0
     2256	2023-08-04 18:17:19	22	1	1	0
     2649	2023-08-04 21:34:58	22	0	1	0
     2649	2023-08-04 21:35:00	22	0	1	0
     2649	2023-08-04 21:35:02	22	0	1	0
     2616	2023-08-04 21:54:12	22	0	1	0
     2616	2023-08-04 21:54:15	22	0	1	0
     2288	2023-08-04 23:45:08	22	0	1	0
     2288	2023-08-04 23:45:11	22	0	1	0
     2809	2023-08-05 00:04:30	22	1	1	0
     2809	2023-08-05 00:04:55	22	1	1	0
     2809	2023-08-05 00:04:59	22	1	1	0
      737	2023-08-05 02:50:18	22	0	1	0
      737	2023-08-05 02:50:21	22	0	1	0
      737	2023-08-05 02:50:23	22	0	1	0
      111	2023-08-05 02:53:17	22	0	1	0
      111	2023-08-05 02:53:22	22	0	1	0
       94	2023-08-05 04:43:40	22	0	1	0
       94	2023-08-05 04:43:42	22	0	1	0
       94	2023-08-05 04:43:44	22	0	1	0
     1328	2023-08-05 05:53:16	22	0	1	0
     1328	2023-08-05 05:53:20	22	0	1	0
     2616	2023-08-05 06:04:22	22	1	1	0
     2616	2023-08-05 06:04:24	22	1	1	0
     2649	2023-08-05 06:06:11	22	1	1	0
     2649	2023-08-05 06:06:16	22	1	1	0
     2649	2023-08-05 06:06:18	22	1	1	0
     2288	2023-08-05 08:35:21	22	1	1	0
     2288	2023-08-05 08:35:24	22	1	1	0
      111	2023-08-05 11:06:19	22	1	1	0
      111	2023-08-05 11:06:23	22	1	1	0
      737	2023-08-05 11:06:31	22	1	1	0
      737	2023-08-05 11:06:34	22	1	1	0
      737	2023-08-05 11:06:36	22	1	1	0
       94	2023-08-05 11:07:14	22	1	1	0
       94	2023-08-05 11:07:15	22	1	1	0
       94	2023-08-05 11:07:17	22	1	1	0
     1328	2023-08-05 14:12:34	22	1	1	0
     1328	2023-08-05 14:12:37	22	1	1	0
     2809	2023-08-05 15:52:18	22	0	1	0
     2809	2023-08-05 15:52:20	22	0	1	0
     2649	2023-08-05 21:33:26	22	0	1	0
     2649	2023-08-05 21:33:28	22	0	1	0
     2649	2023-08-05 21:33:33	22	0	1	0
     2616	2023-08-05 21:38:28	22	0	1	0
     2616	2023-08-05 21:38:34	22	0	1	0
     2809	2023-08-06 00:01:07	22	1	1	0
     2809	2023-08-06 00:01:09	22	1	1	0
     2708	2023-08-06 02:35:58	22	0	1	0
     2708	2023-08-06 02:36:00	22	0	1	0
      480	2023-08-06 02:45:08	22	0	1	0
      480	2023-08-06 02:45:11	22	0	1	0
      737	2023-08-06 02:45:26	22	0	1	0
      737	2023-08-06 02:45:31	22	0	1	0
      737	2023-08-06 02:45:37	22	0	1	0
       94	2023-08-06 03:10:57	22	0	1	0
       94	2023-08-06 03:10:58	22	0	1	0
       94	2023-08-06 03:11:00	22	0	1	0
     2616	2023-08-06 06:03:28	22	1	1	0
     2616	2023-08-06 06:03:31	22	1	1	0
     2649	2023-08-06 06:04:12	22	1	1	0
     2649	2023-08-06 06:04:14	22	1	1	0
     2708	2023-08-06 09:15:46	22	1	1	0
     2708	2023-08-06 09:15:48	22	1	1	0
      480	2023-08-06 11:01:29	22	1	1	0
      480	2023-08-06 11:01:31	22	1	1	0
      737	2023-08-06 11:04:32	22	1	1	0
      737	2023-08-06 11:04:34	22	1	1	0
      737	2023-08-06 11:04:36	22	1	1	0
     1336	2023-08-06 13:39:11	22	0	1	0
     1336	2023-08-06 13:39:13	22	0	1	0
     1336	2023-08-06 13:39:15	22	0	1	0
     1336	2023-08-06 13:39:18	22	0	1	0
     2809	2023-08-06 15:00:56	22	0	1	0
     2809	2023-08-06 15:00:59	22	0	1	0
     2635	2023-08-06 15:45:47	22	0	1	0
     2649	2023-08-06 21:39:36	22	0	1	0
     2649	2023-08-06 21:39:38	22	0	1	0
     1336	2023-08-06 22:01:21	22	1	1	0
     1336	2023-08-06 22:01:23	22	1	1	0
     1336	2023-08-06 22:01:24	22	1	1	0
     2288	2023-08-06 23:43:34	22	0	1	0
     2288	2023-08-06 23:43:43	22	0	1	0
     2288	2023-08-06 23:43:49	22	0	1	0
     2288	2023-08-06 23:43:53	22	0	1	0
     2635	2023-08-07 00:00:06	22	0	1	0
     2635	2023-08-07 00:00:12	22	1	1	0
     2809	2023-08-07 00:01:05	22	1	1	0
     2809	2023-08-07 00:01:07	22	1	1	0
     2708	2023-08-07 02:42:01	22	0	1	0
     2708	2023-08-07 02:42:03	22	0	1	0
      480	2023-08-07 02:42:36	22	0	1	0
      480	2023-08-07 02:42:38	22	0	1	0
      737	2023-08-07 02:49:20	22	0	1	0
      737	2023-08-07 02:49:23	22	0	1	0
      737	2023-08-07 02:49:25	22	0	1	0
      887	2023-08-07 03:15:28	22	0	1	0
      887	2023-08-07 03:15:32	22	0	1	0
       94	2023-08-07 03:24:09	22	0	1	0
       94	2023-08-07 03:24:11	22	0	1	0
       94	2023-08-07 03:24:16	22	0	1	0
     1266	2023-08-07 05:43:17	22	0	1	0
     1328	2023-08-07 05:50:19	22	0	1	0
     1328	2023-08-07 05:50:21	22	0	1	0
     2649	2023-08-07 06:02:45	22	1	1	0
     2649	2023-08-07 06:02:47	22	1	1	0
     2649	2023-08-07 06:02:49	22	1	1	0
     2256	2023-08-07 06:06:29	22	0	1	0
     2256	2023-08-07 06:06:31	22	0	1	0
     1494	2023-08-07 07:36:04	22	0	1	0
     1494	2023-08-07 07:36:05	22	0	1	0
     1494	2023-08-07 07:36:07	22	0	1	0
      261	2023-08-07 07:55:44	22	0	1	0
      261	2023-08-07 07:55:46	22	0	1	0
     2288	2023-08-07 08:11:56	22	1	1	0
     2288	2023-08-07 08:12:00	22	1	1	0
      480	2023-08-07 11:02:08	22	1	1	0
      480	2023-08-07 11:02:11	22	1	1	0
      480	2023-08-07 11:03:00	22	1	1	0
     2708	2023-08-07 11:04:35	22	1	1	0
     2708	2023-08-07 11:04:37	22	1	1	0
      737	2023-08-07 11:07:28	22	1	1	0
      737	2023-08-07 11:07:30	22	1	1	0
      737	2023-08-07 11:07:32	22	1	1	0
      737	2023-08-07 11:07:33	22	1	1	0
       94	2023-08-07 11:26:12	22	1	1	0
       94	2023-08-07 11:26:14	22	1	1	0
       94	2023-08-07 11:26:16	22	1	1	0
      261	2023-08-07 12:04:42	22	1	1	0
      261	2023-08-07 12:04:44	22	1	1	0
     1494	2023-08-07 12:04:55	22	1	1	0
     1494	2023-08-07 12:05:04	22	1	1	0
     1494	2023-08-07 12:05:05	22	1	1	0
      261	2023-08-07 12:32:55	22	0	1	0
      261	2023-08-07 12:32:57	22	0	1	0
     1494	2023-08-07 12:33:10	22	0	1	0
     1494	2023-08-07 12:33:12	22	0	1	0
     1494	2023-08-07 12:33:14	22	0	1	0
     1336	2023-08-07 13:39:44	22	0	1	0
     1336	2023-08-07 13:39:46	22	0	1	0
     1336	2023-08-07 13:39:47	22	0	1	0
     1328	2023-08-07 14:07:10	22	1	1	0
     1328	2023-08-07 14:07:12	22	1	1	0
     1328	2023-08-07 14:07:15	22	1	1	0
      887	2023-08-07 14:30:34	22	1	1	0
      887	2023-08-07 14:30:42	22	1	1	0
      887	2023-08-07 14:30:49	22	1	1	0
     2635	2023-08-07 15:57:18	22	0	1	0
      261	2023-08-07 17:03:43	22	1	1	0
      261	2023-08-07 17:03:45	22	1	1	0
     1494	2023-08-07 17:04:25	22	1	1	0
     1494	2023-08-07 17:04:28	22	1	1	0
     2256	2023-08-07 17:24:15	22	1	1	0
     2256	2023-08-07 17:24:16	22	1	1	0
     2649	2023-08-07 21:35:14	22	0	1	0
     2649	2023-08-07 21:35:16	22	0	1	0
     1336	2023-08-07 22:01:28	22	1	1	0
     1336	2023-08-07 22:01:30	22	1	1	0
     1336	2023-08-07 22:01:32	22	1	1	0
     2288	2023-08-07 23:44:50	22	0	1	0
     2288	2023-08-07 23:44:58	22	0	1	0
     2288	2023-08-07 23:45:02	22	0	1	0
     2635	2023-08-08 00:04:06	22	1	1	0
      480	2023-08-08 02:41:08	22	0	1	0
      480	2023-08-08 02:41:11	22	0	1	0
     2708	2023-08-08 02:47:23	22	0	1	0
     2708	2023-08-08 02:47:25	22	0	1	0
      111	2023-08-08 02:50:37	22	0	1	0
      111	2023-08-08 02:50:41	22	0	1	0
      887	2023-08-08 03:00:03	22	0	1	0
      887	2023-08-08 03:00:07	22	0	1	0
     1266	2023-08-08 04:58:06	22	0	1	0
     1328	2023-08-08 05:48:23	22	0	1	0
     1328	2023-08-08 05:48:25	22	0	1	0
     2649	2023-08-08 06:01:44	22	1	1	0
     2649	2023-08-08 06:01:46	22	1	1	0
     2256	2023-08-08 07:13:23	22	0	1	0
     2256	2023-08-08 07:13:24	22	0	1	0
     1494	2023-08-08 07:42:09	22	0	1	0
     1494	2023-08-08 07:42:12	22	0	1	0
      261	2023-08-08 07:48:54	22	0	1	0
      261	2023-08-08 07:48:56	22	0	1	0
     2288	2023-08-08 08:10:47	22	1	1	0
     2288	2023-08-08 08:10:50	22	1	1	0
      480	2023-08-08 11:01:48	22	1	1	0
      480	2023-08-08 11:01:50	22	1	1	0
      111	2023-08-08 11:02:09	22	1	1	0
      111	2023-08-08 11:02:13	22	1	1	0
     2708	2023-08-08 11:04:19	22	1	1	0
     2708	2023-08-08 11:04:21	22	1	1	0
      887	2023-08-08 11:18:04	22	1	1	0
      887	2023-08-08 11:18:19	22	1	1	0
      887	2023-08-08 11:18:27	22	1	1	0
      261	2023-08-08 12:03:22	22	1	1	0
      261	2023-08-08 12:03:24	22	1	1	0
     1494	2023-08-08 12:03:52	22	1	1	0
     1494	2023-08-08 12:03:54	22	1	1	0
      261	2023-08-08 12:31:13	22	0	1	0
      261	2023-08-08 12:31:15	22	0	1	0
     1494	2023-08-08 12:31:31	22	0	1	0
     1494	2023-08-08 12:31:33	22	0	1	0
     1336	2023-08-08 13:46:07	22	0	1	0
     1336	2023-08-08 13:46:09	22	0	1	0
     1336	2023-08-08 13:46:10	22	0	1	0
     1336	2023-08-08 13:46:22	22	0	1	0
     1328	2023-08-08 14:14:03	22	1	1	0
     1328	2023-08-08 14:14:05	22	1	1	0
     1266	2023-08-08 15:36:25	22	1	1	0
     2635	2023-08-08 16:18:44	22	0	1	0
     1494	2023-08-08 17:01:35	22	1	1	0
     1494	2023-08-08 17:01:40	22	1	1	0
     1494	2023-08-08 17:01:41	22	1	1	0
      261	2023-08-08 17:03:02	22	1	1	0
      261	2023-08-08 17:03:04	22	1	1	0
     2256	2023-08-08 18:25:06	22	1	1	0
     2256	2023-08-08 18:25:08	22	1	1	0
     2616	2023-08-08 21:47:30	22	0	1	0
     2616	2023-08-08 21:47:34	22	0	1	0
     1336	2023-08-08 22:07:59	22	1	1	0
     1336	2023-08-08 22:08:02	22	1	1	0
     1336	2023-08-08 22:08:03	22	1	1	0
     2288	2023-08-08 23:43:59	22	0	1	0
     2288	2023-08-08 23:44:02	22	0	1	0
     2635	2023-08-09 00:12:07	22	1	1	0
      887	2023-08-09 02:44:42	22	0	1	0
      887	2023-08-09 02:44:46	22	0	1	0
     2708	2023-08-09 02:44:55	22	0	1	0
     2708	2023-08-09 02:44:57	22	0	1	0
      737	2023-08-09 02:45:24	22	0	1	0
      737	2023-08-09 02:45:27	22	0	1	0
      737	2023-08-09 02:45:30	22	0	1	0
     1266	2023-08-09 04:57:14	22	0	1	0
     1328	2023-08-09 05:55:50	22	0	1	0
     1328	2023-08-09 05:55:54	22	0	1	0
     2616	2023-08-09 06:02:27	22	1	1	0
     2616	2023-08-09 06:02:30	22	1	1	0
     2256	2023-08-09 07:02:51	22	0	1	0
     2256	2023-08-09 07:02:52	22	0	1	0
      480	2023-08-09 07:14:19	22	0	1	0
      480	2023-08-09 07:14:21	22	0	1	0
      480	2023-08-09 07:14:25	22	0	1	0
     1494	2023-08-09 07:46:17	22	0	1	0
     1494	2023-08-09 07:46:25	22	0	1	0
     2288	2023-08-09 08:11:32	22	1	1	0
     2288	2023-08-09 08:11:36	22	1	1	0
     2708	2023-08-09 11:08:20	22	1	1	0
     2708	2023-08-09 11:08:22	22	1	1	0
      737	2023-08-09 11:12:04	22	1	1	0
      737	2023-08-09 11:12:09	22	1	1	0
      737	2023-08-09 11:12:11	22	1	1	0
     1494	2023-08-09 12:05:32	22	1	1	0
     1494	2023-08-09 12:05:36	22	1	1	0
      480	2023-08-09 12:19:21	22	1	1	0
      480	2023-08-09 12:19:24	22	1	1	0
     1266	2023-08-09 12:20:34	22	1	1	0
     1266	2023-08-09 12:21:02	22	0	1	0
     1494	2023-08-09 12:34:28	22	0	1	0
     1494	2023-08-09 12:34:31	22	0	1	0
     1494	2023-08-09 12:47:29	22	0	1	0
     1494	2023-08-09 12:47:38	22	0	1	0
      480	2023-08-09 12:51:17	22	0	1	0
      480	2023-08-09 12:51:19	22	0	1	0
     1336	2023-08-09 13:45:52	22	0	1	0
     1336	2023-08-09 13:45:54	22	0	1	0
     1336	2023-08-09 13:45:55	22	0	1	0
     1336	2023-08-09 13:46:01	22	0	1	0
     1328	2023-08-09 14:00:11	22	1	1	0
     1328	2023-08-09 14:00:15	22	1	1	0
     2635	2023-08-09 16:06:19	22	0	1	0
     1494	2023-08-09 17:06:47	22	1	1	0
     1494	2023-08-09 17:06:50	22	1	1	0
     1494	2023-08-09 17:06:53	22	1	1	0
      480	2023-08-09 17:07:07	22	1	1	0
      480	2023-08-09 17:07:09	22	1	1	0
      887	2023-08-09 17:30:16	22	1	1	0
      887	2023-08-09 17:30:21	22	1	1	0
      887	2023-08-09 17:30:25	22	1	1	0
      887	2023-08-09 17:30:29	22	1	1	0
     2256	2023-08-09 21:27:03	22	1	1	0
     2256	2023-08-09 21:27:04	22	1	1	0
     2649	2023-08-09 21:31:47	22	0	1	0
     2649	2023-08-09 21:31:50	22	0	1	0
     2649	2023-08-09 21:31:53	22	0	1	0
     1336	2023-08-09 22:01:20	22	1	1	0
     1336	2023-08-09 22:01:22	22	1	1	0
     1336	2023-08-09 22:01:23	22	1	1	0
     2288	2023-08-09 22:01:51	22	0	1	0
     2288	2023-08-09 22:02:01	22	0	1	0
     2288	2023-08-09 22:02:12	22	0	1	0
     2288	2023-08-09 22:02:17	22	0	1	0
     2616	2023-08-09 23:03:32	22	0	1	0
     2616	2023-08-09 23:03:40	22	0	1	0
     2635	2023-08-10 00:01:18	22	1	1	0
       94	2023-08-10 02:35:48	22	0	1	0
       94	2023-08-10 02:35:49	22	0	1	0
       94	2023-08-10 02:35:51	22	0	1	0
      737	2023-08-10 02:43:00	22	0	1	0
      737	2023-08-10 02:43:02	22	0	1	0
      737	2023-08-10 02:43:04	22	0	1	0
      887	2023-08-10 02:47:00	22	0	1	0
      887	2023-08-10 02:47:14	22	0	1	0
      887	2023-08-10 02:47:17	22	0	1	0
      887	2023-08-10 02:47:20	22	0	1	0
     2708	2023-08-10 02:49:15	22	0	1	0
     2708	2023-08-10 02:49:18	22	0	1	0
     1266	2023-08-10 04:52:14	22	0	1	0
     1328	2023-08-10 05:59:09	22	0	1	0
     1328	2023-08-10 05:59:17	22	0	1	0
     2649	2023-08-10 06:03:21	22	1	1	0
     2649	2023-08-10 06:03:23	22	1	1	0
     2616	2023-08-10 06:07:19	22	1	1	0
     2616	2023-08-10 06:07:22	22	1	1	0
     1494	2023-08-10 07:40:08	22	0	1	0
     1494	2023-08-10 07:40:13	22	0	1	0
      261	2023-08-10 07:53:23	22	0	1	0
      261	2023-08-10 07:53:25	22	0	1	0
     2256	2023-08-10 08:27:59	22	0	1	0
     2256	2023-08-10 08:28:01	22	0	1	0
     2288	2023-08-10 09:02:38	22	1	1	0
     2288	2023-08-10 09:02:44	22	1	1	0
     2288	2023-08-10 09:02:47	22	1	1	0
     2708	2023-08-10 11:02:36	22	1	1	0
     2708	2023-08-10 11:02:39	22	1	1	0
      737	2023-08-10 11:16:00	22	1	1	0
      737	2023-08-10 11:16:03	22	1	1	0
      737	2023-08-10 11:16:05	22	1	1	0
       94	2023-08-10 11:23:55	22	1	1	0
       94	2023-08-10 11:23:56	22	1	1	0
       94	2023-08-10 11:24:00	22	1	1	0
       94	2023-08-10 11:45:48	22	1	1	0
       94	2023-08-10 11:45:49	22	1	1	0
       94	2023-08-10 11:45:51	22	1	1	0
     1494	2023-08-10 12:01:51	22	1	1	0
     1494	2023-08-10 12:01:58	22	1	1	0
      261	2023-08-10 12:03:05	22	1	1	0
      261	2023-08-10 12:03:07	22	1	1	0
      261	2023-08-10 12:31:02	22	0	1	0
      261	2023-08-10 12:31:04	22	0	1	0
     1494	2023-08-10 12:36:01	22	0	1	0
     1494	2023-08-10 12:36:05	22	0	1	0
     1336	2023-08-10 14:06:12	22	0	1	0
     1336	2023-08-10 14:06:13	22	0	1	0
     1336	2023-08-10 14:06:14	22	0	1	0
     1328	2023-08-10 14:09:10	22	1	1	0
     1328	2023-08-10 14:09:16	22	1	1	0
     1328	2023-08-10 14:14:22	22	1	1	0
     2635	2023-08-10 15:41:00	22	0	1	0
      261	2023-08-10 17:03:19	22	1	1	0
      261	2023-08-10 17:03:21	22	1	1	0
     1494	2023-08-10 17:07:27	22	1	1	0
     1494	2023-08-10 17:07:32	22	1	1	0
      887	2023-08-10 17:20:48	22	1	1	0
      887	2023-08-10 17:20:51	22	1	1	0
      887	2023-08-10 17:20:55	22	1	1	0
      887	2023-08-10 17:20:59	22	1	1	0
     2256	2023-08-10 19:56:09	22	1	1	0
     2256	2023-08-10 19:56:15	22	1	1	0
     2649	2023-08-10 21:36:35	22	0	1	0
     2649	2023-08-10 21:36:37	22	0	1	0
     2616	2023-08-10 21:44:47	22	0	1	0
     2616	2023-08-10 21:44:50	22	0	1	0
     1336	2023-08-10 22:01:13	22	1	1	0
     1336	2023-08-10 22:01:14	22	1	1	0
     1336	2023-08-10 22:01:16	22	1	1	0
     2288	2023-08-10 23:43:52	22	0	1	0
     2288	2023-08-10 23:44:04	22	0	1	0
     2288	2023-08-10 23:44:12	22	0	1	0
     2288	2023-08-10 23:44:15	22	0	1	0
     2635	2023-08-11 00:20:23	22	1	1	0
      111	2023-08-11 02:39:38	22	0	1	0
      111	2023-08-11 02:39:42	22	0	1	0
     2708	2023-08-11 02:46:57	22	0	1	0
     2708	2023-08-11 02:46:59	22	0	1	0
      737	2023-08-11 02:47:09	22	0	1	0
      737	2023-08-11 02:47:12	22	0	1	0
      737	2023-08-11 02:47:14	22	0	1	0
       94	2023-08-11 02:55:36	22	0	1	0
       94	2023-08-11 02:55:38	22	0	1	0
       94	2023-08-11 02:55:40	22	0	1	0
     1328	2023-08-11 05:49:31	22	0	1	0
     1328	2023-08-11 05:49:33	22	0	1	0
     2616	2023-08-11 06:04:46	22	1	1	0
     2616	2023-08-11 06:04:48	22	1	1	0
     2649	2023-08-11 06:10:24	22	1	1	0
     2649	2023-08-11 06:10:26	22	1	1	0
     2649	2023-08-11 06:10:28	22	1	1	0
     2256	2023-08-11 07:21:29	22	0	1	0
     2256	2023-08-11 07:21:30	22	0	1	0
     1494	2023-08-11 07:43:05	22	0	1	0
     1494	2023-08-11 07:43:15	22	0	1	0
      261	2023-08-11 07:53:03	22	0	1	0
      261	2023-08-11 07:53:05	22	0	1	0
     2288	2023-08-11 08:11:04	22	1	1	0
     2288	2023-08-11 08:11:13	22	1	1	0
     2288	2023-08-11 08:11:17	22	1	1	0
      737	2023-08-11 11:01:06	22	1	1	0
      737	2023-08-11 11:01:09	22	1	1	0
      737	2023-08-11 11:01:12	22	1	1	0
      111	2023-08-11 11:01:27	22	1	1	0
      111	2023-08-11 11:01:31	22	1	1	0
       94	2023-08-11 11:01:43	22	1	1	0
       94	2023-08-11 11:01:45	22	1	1	0
       94	2023-08-11 11:01:46	22	1	1	0
     2708	2023-08-11 11:02:29	22	1	1	0
     2708	2023-08-11 11:02:31	22	1	1	0
      261	2023-08-11 12:02:48	22	1	1	0
      261	2023-08-11 12:02:50	22	1	1	0
     1494	2023-08-11 12:03:14	22	1	1	0
     1494	2023-08-11 12:03:19	22	1	1	0
      261	2023-08-11 12:31:18	22	0	1	0
      261	2023-08-11 12:31:20	22	0	1	0
     1494	2023-08-11 12:33:10	22	0	1	0
     1494	2023-08-11 12:33:15	22	0	1	0
     1328	2023-08-11 14:06:32	22	1	1	0
     1328	2023-08-11 14:06:34	22	1	1	0
     2635	2023-08-11 15:25:41	22	0	1	0
     2809	2023-08-11 15:30:47	22	0	1	0
     2809	2023-08-11 15:30:49	22	0	1	0
      261	2023-08-11 17:01:43	22	1	1	0
      261	2023-08-11 17:01:45	22	1	1	0
     1494	2023-08-11 17:02:48	22	1	1	0
     1494	2023-08-11 17:02:58	22	1	1	0
     2256	2023-08-11 17:16:19	22	1	1	0
     2256	2023-08-11 17:16:20	22	1	1	0
     2616	2023-08-11 21:38:28	22	0	1	0
     2616	2023-08-11 21:38:32	22	0	1	0
     2649	2023-08-11 21:39:03	22	0	1	0
     2649	2023-08-11 21:39:05	22	0	1	0
     2649	2023-08-11 21:39:07	22	0	1	0
     2288	2023-08-11 23:44:49	22	0	1	0
     2288	2023-08-11 23:44:53	22	0	1	0
     2635	2023-08-12 00:05:28	22	1	1	0
     2809	2023-08-12 00:42:50	22	1	1	0
     2809	2023-08-12 00:42:53	22	1	1	0
       94	2023-08-12 01:54:50	22	0	1	0
       94	2023-08-12 01:54:54	22	0	1	0
       94	2023-08-12 01:54:56	22	0	1	0
      111	2023-08-12 02:38:55	22	0	1	0
      111	2023-08-12 02:38:59	22	0	1	0
      737	2023-08-12 02:40:00	22	0	1	0
      737	2023-08-12 02:40:05	22	0	1	0
      737	2023-08-12 02:40:08	22	0	1	0
     1328	2023-08-12 05:54:42	22	0	1	0
     1328	2023-08-12 05:54:49	22	0	1	0
     2616	2023-08-12 06:02:06	22	1	1	0
     2616	2023-08-12 06:02:09	22	1	1	0
     2649	2023-08-12 06:02:17	22	1	1	0
     2649	2023-08-12 06:02:26	22	1	1	0
     2649	2023-08-12 06:02:28	22	1	1	0
     2288	2023-08-12 08:10:00	22	1	1	0
     2288	2023-08-12 08:10:03	22	1	1	0
      737	2023-08-12 11:01:06	22	1	1	0
      737	2023-08-12 11:01:09	22	1	1	0
      737	2023-08-12 11:01:12	22	1	1	0
      111	2023-08-12 11:01:29	22	1	1	0
      111	2023-08-12 11:01:33	22	1	1	0
       94	2023-08-12 11:01:44	22	1	1	0
       94	2023-08-12 11:01:45	22	1	1	0
       94	2023-08-12 11:01:47	22	1	1	0
       94	2023-08-12 11:03:01	22	1	1	0
       94	2023-08-12 11:03:02	22	1	1	0
       94	2023-08-12 11:03:04	22	1	1	0
     1336	2023-08-12 13:38:40	22	0	1	0
     1336	2023-08-12 13:38:41	22	0	1	0
     1336	2023-08-12 13:38:43	22	0	1	0
     1336	2023-08-12 13:38:51	22	0	1	0
     1328	2023-08-12 14:02:28	22	1	1	0
     1328	2023-08-12 14:02:30	22	1	1	0
     2649	2023-08-12 21:35:08	22	0	1	0
     2649	2023-08-12 21:35:12	22	0	1	0
     2649	2023-08-12 21:35:15	22	0	1	0
     2616	2023-08-12 21:57:04	22	0	1	0
     2616	2023-08-12 21:57:08	22	0	1	0
     1336	2023-08-12 22:01:23	22	1	1	0
     1336	2023-08-12 22:01:25	22	1	1	0
     1336	2023-08-12 22:01:26	22	1	1	0
     1336	2023-08-12 22:01:45	22	1	1	0
     2288	2023-08-12 23:44:50	22	0	1	0
     2288	2023-08-12 23:44:53	22	0	1	0
     2708	2023-08-13 02:34:08	22	0	1	0
     2708	2023-08-13 02:34:10	22	0	1	0
      737	2023-08-13 02:43:05	22	0	1	0
      737	2023-08-13 02:43:12	22	0	1	0
      737	2023-08-13 02:43:15	22	0	1	0
       94	2023-08-13 03:03:25	22	0	1	0
       94	2023-08-13 03:03:27	22	0	1	0
       94	2023-08-13 03:03:29	22	0	1	0
     2616	2023-08-13 06:02:57	22	1	1	0
     2616	2023-08-13 06:02:59	22	1	1	0
     2649	2023-08-13 06:03:06	22	1	1	0
     2649	2023-08-13 06:03:07	22	1	1	0
     2288	2023-08-13 08:20:47	22	1	1	0
     2288	2023-08-13 08:20:51	22	1	1	0
     2708	2023-08-13 11:02:29	22	1	1	0
     2708	2023-08-13 11:02:31	22	1	1	0
       94	2023-08-13 11:03:04	22	1	1	0
       94	2023-08-13 11:03:06	22	1	1	0
       94	2023-08-13 11:03:07	22	1	1	0
      737	2023-08-13 11:04:08	22	1	1	0
      737	2023-08-13 11:04:10	22	1	1	0
      737	2023-08-13 11:04:13	22	1	1	0
     2635	2023-08-13 16:05:39	22	0	1	0
     2635	2023-08-13 16:05:41	22	0	1	0
     2649	2023-08-13 21:30:07	22	0	1	0
     2649	2023-08-13 21:30:09	22	0	1	0
     2616	2023-08-13 21:59:11	22	0	1	0
     2616	2023-08-13 21:59:16	22	0	1	0
     2288	2023-08-13 23:43:19	22	0	1	0
     2288	2023-08-13 23:43:22	22	0	1	0
     2635	2023-08-14 00:03:23	22	1	1	0
     2708	2023-08-14 02:40:18	22	0	1	0
     2708	2023-08-14 02:40:21	22	0	1	0
      737	2023-08-14 02:43:22	22	0	1	0
      737	2023-08-14 02:43:24	22	0	1	0
      737	2023-08-14 02:43:34	22	0	1	0
      621	2023-08-14 02:56:53	22	0	1	0
      621	2023-08-14 02:56:56	22	0	1	0
       94	2023-08-14 03:02:12	22	0	1	0
       94	2023-08-14 03:02:13	22	0	1	0
       94	2023-08-14 03:02:15	22	0	1	0
     1266	2023-08-14 04:57:53	22	0	1	0
     1328	2023-08-14 05:53:59	22	0	1	0
     1328	2023-08-14 05:54:01	22	0	1	0
     2616	2023-08-14 06:01:57	22	1	1	0
     2616	2023-08-14 06:01:59	22	1	1	0
     2649	2023-08-14 06:03:49	22	1	1	0
     2649	2023-08-14 06:03:51	22	1	1	0
     2256	2023-08-14 06:10:19	22	0	1	0
     2256	2023-08-14 06:10:21	22	0	1	0
     1494	2023-08-14 07:35:44	22	0	1	0
     1494	2023-08-14 07:35:46	22	0	1	0
     1494	2023-08-14 07:35:47	22	0	1	0
      261	2023-08-14 07:52:55	22	0	1	0
      261	2023-08-14 07:52:57	22	0	1	0
     2288	2023-08-14 08:13:12	22	1	1	0
     2288	2023-08-14 08:13:15	22	1	1	0
       94	2023-08-14 11:02:31	22	1	1	0
       94	2023-08-14 11:02:33	22	1	1	0
       94	2023-08-14 11:02:35	22	1	1	0
     2708	2023-08-14 11:04:15	22	1	1	0
     2708	2023-08-14 11:04:17	22	1	1	0
      737	2023-08-14 11:04:31	22	1	1	0
      737	2023-08-14 11:04:34	22	1	1	0
      737	2023-08-14 11:04:36	22	1	1	0
      621	2023-08-14 11:05:18	22	1	1	0
      621	2023-08-14 11:05:20	22	1	1	0
      261	2023-08-14 12:03:15	22	1	1	0
      261	2023-08-14 12:03:17	22	1	1	0
     1494	2023-08-14 12:03:54	22	1	1	0
     1494	2023-08-14 12:03:58	22	1	1	0
      261	2023-08-14 12:31:15	22	0	1	0
      261	2023-08-14 12:31:17	22	0	1	0
     1494	2023-08-14 12:31:32	22	0	1	0
     1494	2023-08-14 12:31:39	22	0	1	0
     1336	2023-08-14 13:49:05	22	0	1	0
     1336	2023-08-14 13:49:08	22	0	1	0
     1336	2023-08-14 13:49:10	22	0	1	0
     1336	2023-08-14 13:49:17	22	0	1	0
     1266	2023-08-14 14:01:11	22	1	1	0
     1328	2023-08-14 14:06:59	22	1	1	0
     1328	2023-08-14 14:07:03	22	1	1	0
     2809	2023-08-14 15:45:53	22	0	1	0
     2809	2023-08-14 15:45:55	22	0	1	0
     2635	2023-08-14 16:42:50	22	0	1	0
      261	2023-08-14 17:02:10	22	1	1	0
      261	2023-08-14 17:02:12	22	1	1	0
     1494	2023-08-14 17:04:11	22	1	1	0
     1494	2023-08-14 17:04:13	22	1	1	0
     2256	2023-08-14 17:36:32	22	1	1	0
     2256	2023-08-14 17:36:34	22	1	1	0
     2649	2023-08-14 21:30:09	22	0	1	0
     2649	2023-08-14 21:30:12	22	0	1	0
     2616	2023-08-14 21:47:58	22	0	1	0
     2616	2023-08-14 21:48:02	22	0	1	0
     1336	2023-08-14 22:01:09	22	1	1	0
     1336	2023-08-14 22:01:14	22	1	1	0
     1336	2023-08-14 22:01:16	22	1	1	0
     2288	2023-08-14 23:45:12	22	0	1	0
     2288	2023-08-14 23:45:23	22	0	1	0
     2288	2023-08-14 23:45:27	22	0	1	0
     2635	2023-08-15 00:01:07	22	1	1	0
     2809	2023-08-15 00:01:29	22	1	1	0
     2809	2023-08-15 00:01:31	22	1	1	0
      111	2023-08-15 02:40:47	22	0	1	0
      111	2023-08-15 02:40:51	22	0	1	0
     2708	2023-08-15 02:41:01	22	0	1	0
     2708	2023-08-15 02:41:03	22	0	1	0
      887	2023-08-15 02:50:57	22	0	1	0
      887	2023-08-15 02:51:01	22	0	1	0
      621	2023-08-15 03:12:23	22	0	1	0
      621	2023-08-15 03:12:25	22	0	1	0
     1266	2023-08-15 04:56:27	22	0	1	0
     1328	2023-08-15 05:54:16	22	0	1	0
     1328	2023-08-15 05:54:19	22	0	1	0
     2616	2023-08-15 06:03:42	22	1	1	0
     2616	2023-08-15 06:03:44	22	1	1	0
     2649	2023-08-15 06:04:20	22	1	1	0
     2649	2023-08-15 06:04:22	22	1	1	0
     2256	2023-08-15 07:13:10	22	0	1	0
     2256	2023-08-15 07:13:17	22	0	1	0
     1494	2023-08-15 07:37:48	22	0	1	0
     1494	2023-08-15 07:37:51	22	0	1	0
     1494	2023-08-15 07:37:53	22	0	1	0
      261	2023-08-15 07:52:37	22	0	1	0
      261	2023-08-15 07:52:39	22	0	1	0
     2288	2023-08-15 08:21:52	22	1	1	0
     2288	2023-08-15 08:21:56	22	1	1	0
      111	2023-08-15 11:02:54	22	1	1	0
      111	2023-08-15 11:02:58	22	1	1	0
      621	2023-08-15 11:03:12	22	1	1	0
      621	2023-08-15 11:03:14	22	1	1	0
     2708	2023-08-15 11:08:55	22	1	1	0
     2708	2023-08-15 11:08:57	22	1	1	0
      887	2023-08-15 11:59:42	22	1	1	0
      887	2023-08-15 11:59:47	22	1	1	0
      887	2023-08-15 11:59:52	22	1	1	0
      261	2023-08-15 12:03:18	22	1	1	0
      261	2023-08-15 12:03:20	22	1	1	0
     1494	2023-08-15 12:03:27	22	1	1	0
     1494	2023-08-15 12:03:30	22	1	1	0
      261	2023-08-15 12:33:15	22	0	1	0
      261	2023-08-15 12:33:17	22	0	1	0
     1494	2023-08-15 12:33:56	22	0	1	0
     1494	2023-08-15 12:33:59	22	0	1	0
     1336	2023-08-15 13:45:02	22	0	1	0
     1336	2023-08-15 13:45:14	22	0	1	0
     1336	2023-08-15 13:45:22	22	0	1	0
     1336	2023-08-15 13:45:38	22	0	1	0
     1328	2023-08-15 14:08:08	22	1	1	0
     1328	2023-08-15 14:08:11	22	1	1	0
     2809	2023-08-15 15:42:46	22	0	1	0
     2809	2023-08-15 15:42:48	22	0	1	0
     2635	2023-08-15 15:57:06	22	0	1	0
      261	2023-08-15 17:04:17	22	1	1	0
      261	2023-08-15 17:04:19	22	1	1	0
     1494	2023-08-15 17:05:04	22	0	1	0
     1494	2023-08-15 17:05:10	22	0	1	0
     2256	2023-08-15 17:55:33	22	1	1	0
     2256	2023-08-15 17:55:35	22	1	1	0
     2616	2023-08-15 21:51:17	22	0	1	0
     2616	2023-08-15 21:51:20	22	0	1	0
     1336	2023-08-15 22:02:14	22	1	1	0
     1336	2023-08-15 22:02:17	22	1	1	0
     1336	2023-08-15 22:02:20	22	1	1	0
     2288	2023-08-15 23:50:13	22	0	1	0
     2288	2023-08-15 23:50:25	22	0	1	0
     2288	2023-08-15 23:50:31	22	0	1	0
     2288	2023-08-15 23:50:34	22	0	1	0
     2635	2023-08-16 00:11:05	22	1	1	0
     2708	2023-08-16 02:44:59	22	0	1	0
     2708	2023-08-16 02:45:01	22	0	1	0
      111	2023-08-16 02:47:25	22	0	1	0
      111	2023-08-16 02:47:29	22	0	1	0
      737	2023-08-16 02:51:26	22	0	1	0
      737	2023-08-16 02:51:32	22	0	1	0
      737	2023-08-16 02:51:37	22	0	1	0
      621	2023-08-16 02:52:56	22	0	1	0
      621	2023-08-16 02:52:58	22	0	1	0
     2809	2023-08-16 03:26:37	22	1	1	0
     2809	2023-08-16 03:26:39	22	1	1	0
     1266	2023-08-16 05:52:40	22	0	1	0
     1328	2023-08-16 05:54:04	22	0	1	0
     1328	2023-08-16 05:54:07	22	0	1	0
     2616	2023-08-16 06:02:44	22	1	1	0
     2616	2023-08-16 06:02:47	22	1	1	0
     2256	2023-08-16 06:43:13	22	0	1	0
     2256	2023-08-16 06:43:15	22	0	1	0
     1494	2023-08-16 07:49:19	22	0	1	0
     1494	2023-08-16 07:49:27	22	0	1	0
      261	2023-08-16 07:52:44	22	0	1	0
      261	2023-08-16 07:52:46	22	0	1	0
     2288	2023-08-16 08:15:31	22	1	1	0
     2288	2023-08-16 08:15:35	22	1	1	0
      737	2023-08-16 11:08:18	22	1	1	0
      737	2023-08-16 11:08:21	22	1	1	0
      737	2023-08-16 11:08:23	22	1	1	0
      111	2023-08-16 11:11:00	22	1	1	0
      111	2023-08-16 11:11:04	22	1	1	0
      621	2023-08-16 11:11:57	22	1	1	0
      621	2023-08-16 11:11:59	22	1	1	0
     2708	2023-08-16 11:28:43	22	1	1	0
     2708	2023-08-16 11:28:45	22	1	1	0
     1266	2023-08-16 12:00:08	22	1	1	0
     1266	2023-08-16 12:01:03	22	0	1	0
      261	2023-08-16 12:03:23	22	1	1	0
      261	2023-08-16 12:03:25	22	1	1	0
     1494	2023-08-16 12:04:00	22	1	1	0
     1494	2023-08-16 12:04:03	22	1	1	0
      261	2023-08-16 12:31:09	22	0	1	0
      261	2023-08-16 12:31:11	22	0	1	0
     1494	2023-08-16 12:31:46	22	0	1	0
     1494	2023-08-16 12:31:49	22	0	1	0
     1336	2023-08-16 13:47:41	22	0	1	0
     1336	2023-08-16 13:47:42	22	0	1	0
     1336	2023-08-16 13:47:44	22	0	1	0
     1336	2023-08-16 13:47:49	22	0	1	0
     1328	2023-08-16 14:01:52	22	1	1	0
     1328	2023-08-16 14:01:54	22	1	1	0
     2809	2023-08-16 15:49:34	22	0	1	0
     2809	2023-08-16 15:49:35	22	0	1	0
      261	2023-08-16 17:03:17	22	1	1	0
      261	2023-08-16 17:03:19	22	1	1	0
     1494	2023-08-16 17:05:28	22	1	1	0
     1494	2023-08-16 17:05:31	22	1	1	0
     1494	2023-08-16 17:05:35	22	1	1	0
     1494	2023-08-16 17:05:38	22	1	1	0
     2256	2023-08-16 19:15:43	22	1	1	0
     2256	2023-08-16 19:15:45	22	1	1	0
     2649	2023-08-16 21:35:03	22	0	1	0
     2649	2023-08-16 21:35:05	22	0	1	0
     1336	2023-08-16 22:00:39	22	1	1	0
     1336	2023-08-16 22:00:40	22	1	1	0
     1336	2023-08-16 22:00:42	22	1	1	0
     2288	2023-08-16 23:44:00	22	0	1	0
     2288	2023-08-16 23:44:03	22	0	1	0
     2809	2023-08-17 00:33:43	22	1	1	0
     2809	2023-08-17 00:33:45	22	1	1	0
      887	2023-08-17 02:36:57	22	0	1	0
      887	2023-08-17 02:37:01	22	0	1	0
      887	2023-08-17 02:37:05	22	0	1	0
      111	2023-08-17 02:41:09	22	0	1	0
      111	2023-08-17 02:41:13	22	0	1	0
       94	2023-08-17 02:45:02	22	0	1	0
       94	2023-08-17 02:45:04	22	0	1	0
       94	2023-08-17 02:45:06	22	0	1	0
     2708	2023-08-17 02:45:21	22	0	1	0
     2708	2023-08-17 02:45:24	22	0	1	0
      737	2023-08-17 02:55:12	22	0	1	0
      737	2023-08-17 02:55:15	22	0	1	0
      737	2023-08-17 02:55:17	22	0	1	0
     1266	2023-08-17 04:54:16	22	0	1	0
     1328	2023-08-17 05:58:49	22	0	1	0
     1328	2023-08-17 05:58:57	22	0	1	0
     2649	2023-08-17 06:04:21	22	1	1	0
     2649	2023-08-17 06:04:23	22	1	1	0
     2256	2023-08-17 06:57:04	22	0	1	0
     2256	2023-08-17 06:57:06	22	0	1	0
     1494	2023-08-17 07:41:41	22	0	1	0
     1494	2023-08-17 07:41:44	22	0	1	0
      261	2023-08-17 07:54:19	22	0	1	0
      261	2023-08-17 07:54:21	22	0	1	0
     2288	2023-08-17 08:13:31	22	1	1	0
     2288	2023-08-17 08:13:34	22	1	1	0
      111	2023-08-17 11:01:37	22	1	1	0
      111	2023-08-17 11:01:41	22	1	1	0
      737	2023-08-17 11:01:57	22	1	1	0
      737	2023-08-17 11:02:01	22	1	1	0
      737	2023-08-17 11:02:05	22	1	1	0
     2708	2023-08-17 11:02:12	22	1	1	0
     2708	2023-08-17 11:02:14	22	1	1	0
       94	2023-08-17 11:02:26	22	1	1	0
       94	2023-08-17 11:02:28	22	1	1	0
       94	2023-08-17 11:02:29	22	1	1	0
      261	2023-08-17 12:03:46	22	1	1	0
      261	2023-08-17 12:03:48	22	1	1	0
     1494	2023-08-17 12:04:00	22	1	1	0
     1494	2023-08-17 12:04:05	22	1	1	0
     1494	2023-08-17 12:04:07	22	1	1	0
      261	2023-08-17 12:37:26	22	0	1	0
      261	2023-08-17 12:37:28	22	0	1	0
     1494	2023-08-17 12:37:39	22	0	1	0
     1494	2023-08-17 12:37:41	22	0	1	0
     1494	2023-08-17 12:37:44	22	0	1	0
      887	2023-08-17 12:58:05	22	1	1	0
      887	2023-08-17 12:58:11	22	1	1	0
      887	2023-08-17 12:58:17	22	1	1	0
     1336	2023-08-17 13:38:17	22	0	1	0
     1336	2023-08-17 13:38:20	22	0	1	0
     1336	2023-08-17 13:38:24	22	0	1	0
     1336	2023-08-17 13:38:29	22	0	1	0
     1328	2023-08-17 14:09:54	22	1	1	0
     1328	2023-08-17 14:09:58	22	1	1	0
     1328	2023-08-17 14:10:02	22	1	1	0
     1266	2023-08-17 16:10:11	22	1	1	0
      261	2023-08-17 17:05:05	22	1	1	0
      261	2023-08-17 17:05:07	22	1	1	0
     1494	2023-08-17 17:06:00	22	1	1	0
     1494	2023-08-17 17:06:05	22	1	1	0
     1494	2023-08-17 17:06:12	22	1	1	0
     2256	2023-08-17 18:06:29	22	1	1	0
     2256	2023-08-17 18:06:31	22	1	1	0
     2649	2023-08-17 21:34:04	22	0	1	0
     2649	2023-08-17 21:34:07	22	0	1	0
     2649	2023-08-17 21:34:22	22	0	1	0
     2649	2023-08-17 21:34:30	22	0	1	0
     2616	2023-08-17 21:45:58	22	0	1	0
     2616	2023-08-17 21:46:04	22	0	1	0
     1336	2023-08-17 22:01:35	22	1	1	0
     1336	2023-08-17 22:01:36	22	1	1	0
     1336	2023-08-17 22:01:40	22	1	1	0
     2288	2023-08-17 23:44:29	22	0	1	0
     2288	2023-08-17 23:44:32	22	0	1	0
     2708	2023-08-18 02:38:30	22	0	1	0
     2708	2023-08-18 02:38:32	22	0	1	0
      111	2023-08-18 02:42:32	22	0	1	0
      111	2023-08-18 02:42:36	22	0	1	0
       94	2023-08-18 03:53:24	22	0	1	0
       94	2023-08-18 03:53:29	22	0	1	0
       94	2023-08-18 03:53:31	22	0	1	0
      887	2023-08-18 04:54:52	22	0	1	0
      887	2023-08-18 04:54:57	22	0	1	0
     1328	2023-08-18 05:54:15	22	0	1	0
     1328	2023-08-18 05:54:18	22	0	1	0
     2616	2023-08-18 06:04:50	22	1	1	0
     2616	2023-08-18 06:04:51	22	1	1	0
     2649	2023-08-18 06:05:34	22	1	1	0
     2649	2023-08-18 06:05:38	22	1	1	0
     2649	2023-08-18 06:05:40	22	1	1	0
     2256	2023-08-18 06:20:16	22	0	1	0
     2256	2023-08-18 06:20:18	22	0	1	0
     1266	2023-08-18 06:30:44	22	0	1	0
     1494	2023-08-18 07:44:30	22	0	1	0
     1494	2023-08-18 07:44:33	22	0	1	0
     1494	2023-08-18 07:44:35	22	0	1	0
     2288	2023-08-18 08:09:30	22	1	1	0
     2288	2023-08-18 08:09:33	22	1	1	0
       94	2023-08-18 11:01:08	22	1	1	0
       94	2023-08-18 11:01:11	22	1	1	0
       94	2023-08-18 11:01:13	22	1	1	0
      111	2023-08-18 11:01:26	22	1	1	0
      111	2023-08-18 11:01:30	22	1	1	0
     2708	2023-08-18 11:02:35	22	1	1	0
     2708	2023-08-18 11:02:37	22	1	1	0
      887	2023-08-18 11:15:51	22	1	1	0
      887	2023-08-18 11:15:56	22	1	1	0
      887	2023-08-18 11:15:59	22	1	1	0
     1494	2023-08-18 12:19:13	22	1	1	0
     1494	2023-08-18 12:19:24	22	1	1	0
     1494	2023-08-18 12:19:26	22	1	1	0
     1494	2023-08-18 12:37:16	22	0	1	0
     1494	2023-08-18 12:37:19	22	0	1	0
     1494	2023-08-18 12:37:22	22	0	1	0
     1328	2023-08-18 14:11:03	22	1	1	0
     1328	2023-08-18 14:11:06	22	1	1	0
     1328	2023-08-18 14:11:10	22	1	1	0
     2635	2023-08-18 16:42:19	22	0	1	0
     1266	2023-08-18 16:52:07	22	1	1	0
     1494	2023-08-18 17:06:00	22	1	1	0
     1494	2023-08-18 17:06:02	22	1	1	0
     1494	2023-08-18 17:06:05	22	1	1	0
     2256	2023-08-18 17:37:14	22	1	1	0
     2256	2023-08-18 17:37:16	22	1	1	0
     2649	2023-08-18 21:39:39	22	0	1	0
     2649	2023-08-18 21:39:41	22	0	1	0
     2288	2023-08-18 23:46:45	22	0	1	0
     2288	2023-08-18 23:46:48	22	0	1	0
      737	2023-08-19 02:50:51	22	0	1	0
      737	2023-08-19 02:50:56	22	0	1	0
      737	2023-08-19 02:50:59	22	0	1	0
      621	2023-08-19 02:54:41	22	0	1	0
      621	2023-08-19 02:54:43	22	0	1	0
      111	2023-08-19 03:21:19	22	0	1	0
      111	2023-08-19 03:21:23	22	0	1	0
       94	2023-08-19 03:48:26	22	0	1	0
       94	2023-08-19 03:48:27	22	0	1	0
       94	2023-08-19 03:48:29	22	0	1	0
     2649	2023-08-19 06:04:05	22	1	1	0
     2649	2023-08-19 06:04:07	22	1	1	0
     1328	2023-08-19 06:06:44	22	0	1	0
     1328	2023-08-19 06:06:45	22	0	1	0
     2288	2023-08-19 08:41:22	22	1	1	0
     2288	2023-08-19 08:41:25	22	1	1	0
      737	2023-08-19 11:01:05	22	1	1	0
      737	2023-08-19 11:01:08	22	1	1	0
      737	2023-08-19 11:01:11	22	1	1	0
      111	2023-08-19 11:01:24	22	1	1	0
      111	2023-08-19 11:01:28	22	1	1	0
      621	2023-08-19 11:04:08	22	1	1	0
      621	2023-08-19 11:04:10	22	1	1	0
       94	2023-08-19 11:12:02	22	1	1	0
       94	2023-08-19 11:12:03	22	1	1	0
       94	2023-08-19 11:12:05	22	1	1	0
     1336	2023-08-19 13:43:12	22	0	1	0
     1336	2023-08-19 13:43:15	22	0	1	0
     1336	2023-08-19 13:43:17	22	0	1	0
     1336	2023-08-19 13:43:18	22	0	1	0
     1328	2023-08-19 14:09:31	22	1	1	0
     1328	2023-08-19 14:09:34	22	1	1	0
     1328	2023-08-19 14:09:38	22	1	1	0
     2809	2023-08-19 15:29:37	22	0	1	0
     2809	2023-08-19 15:29:39	22	0	1	0
     2635	2023-08-19 16:27:55	22	1	1	0
     2635	2023-08-19 16:28:39	22	0	1	0
     2635	2023-08-19 16:28:42	22	0	1	0
     2649	2023-08-19 21:36:15	22	0	1	0
     2649	2023-08-19 21:36:21	22	0	1	0
     2649	2023-08-19 21:36:23	22	0	1	0
     1336	2023-08-19 22:02:36	22	1	1	0
     1336	2023-08-19 22:02:38	22	1	1	0
     1336	2023-08-19 22:02:39	22	1	1	0
     1336	2023-08-19 22:08:18	22	1	1	0
     2288	2023-08-19 23:43:24	22	0	1	0
     2288	2023-08-19 23:43:35	22	0	1	0
     2288	2023-08-19 23:43:39	22	0	1	0
     2809	2023-08-20 00:05:08	22	1	1	0
     2809	2023-08-20 00:05:10	22	1	1	0
     2635	2023-08-20 00:28:17	22	1	1	0
     2635	2023-08-20 00:28:19	22	1	1	0
     2708	2023-08-20 02:36:54	22	0	1	0
     2708	2023-08-20 02:36:56	22	0	1	0
      737	2023-08-20 02:47:14	22	0	1	0
      737	2023-08-20 02:47:17	22	0	1	0
      737	2023-08-20 02:47:20	22	0	1	0
      621	2023-08-20 04:15:58	22	0	1	0
      621	2023-08-20 04:16:00	22	0	1	0
     2616	2023-08-20 06:32:40	22	1	1	0
     2616	2023-08-20 06:32:42	22	1	1	0
     2649	2023-08-20 06:33:01	22	1	1	0
     2649	2023-08-20 06:33:04	22	1	1	0
     2288	2023-08-20 08:09:51	22	1	1	0
     2288	2023-08-20 08:09:55	22	1	1	0
      737	2023-08-20 11:01:40	22	1	1	0
      737	2023-08-20 11:01:44	22	1	1	0
      737	2023-08-20 11:01:46	22	1	1	0
     2708	2023-08-20 11:03:53	22	1	1	0
     2708	2023-08-20 11:03:55	22	1	1	0
      621	2023-08-20 11:19:42	22	1	1	0
      621	2023-08-20 11:19:44	22	1	1	0
     1336	2023-08-20 13:42:39	22	0	1	0
     1336	2023-08-20 13:42:48	22	0	1	0
     1336	2023-08-20 13:42:50	22	0	1	0
     1336	2023-08-20 13:42:51	22	0	1	0
     1336	2023-08-20 13:47:09	22	0	1	0
     2809	2023-08-20 15:53:40	22	0	1	0
     2809	2023-08-20 15:53:43	22	0	1	0
     2635	2023-08-20 16:17:06	22	0	1	0
     2616	2023-08-20 21:40:32	22	0	1	0
     2616	2023-08-20 21:40:34	22	0	1	0
     2616	2023-08-20 21:44:43	22	0	1	0
     2616	2023-08-20 21:44:50	22	0	1	0
     2649	2023-08-20 21:44:54	22	0	1	0
     2649	2023-08-20 21:44:56	22	0	1	0
     1336	2023-08-20 22:01:13	22	1	1	0
     1336	2023-08-20 22:01:14	22	1	1	0
     1336	2023-08-20 22:01:16	22	1	1	0
     2635	2023-08-21 00:02:05	22	1	1	0
     2809	2023-08-21 00:13:30	22	1	1	0
     2809	2023-08-21 00:13:34	22	1	1	0
     2708	2023-08-21 02:39:55	22	4	1	0
     2708	2023-08-21 02:40:00	22	4	1	0
      887	2023-08-21 02:46:00	22	0	1	0
      887	2023-08-21 02:46:02	22	0	1	0
      887	2023-08-21 02:46:04	22	0	1	0
      887	2023-08-21 02:46:08	22	0	1	0
       94	2023-08-21 02:47:31	22	0	1	0
       94	2023-08-21 02:47:33	22	0	1	0
       94	2023-08-21 02:47:35	22	0	1	0
      737	2023-08-21 02:50:13	22	0	1	0
      737	2023-08-21 02:50:16	22	0	1	0
      737	2023-08-21 02:50:19	22	0	1	0
      621	2023-08-21 02:55:31	22	0	1	0
      621	2023-08-21 02:55:47	22	0	1	0
      621	2023-08-21 02:55:50	22	0	1	0
     1328	2023-08-21 05:58:15	22	0	1	0
     1328	2023-08-21 05:58:18	22	0	1	0
     1328	2023-08-21 05:58:46	22	0	1	0
     2649	2023-08-21 06:00:47	22	1	1	0
     2649	2023-08-21 06:00:50	22	1	1	0
     2616	2023-08-21 06:00:55	22	1	1	0
     2616	2023-08-21 06:00:57	22	1	1	0
     1494	2023-08-21 07:47:00	22	0	1	0
     1494	2023-08-21 07:47:03	22	0	1	0
     1494	2023-08-21 07:47:24	22	4	1	0
     1494	2023-08-21 07:47:27	22	4	1	0
     1494	2023-08-21 07:47:28	22	4	1	0
     2708	2023-08-21 11:03:22	22	5	1	0
     2708	2023-08-21 11:03:24	22	5	1	0
       94	2023-08-21 11:05:06	22	5	1	0
       94	2023-08-21 11:05:08	22	5	1	0
       94	2023-08-21 11:05:37	22	1	1	0
       94	2023-08-21 11:05:39	22	1	1	0
       94	2023-08-21 11:05:40	22	1	1	0
      737	2023-08-21 11:10:13	22	1	1	0
      737	2023-08-21 11:10:16	22	1	1	0
      737	2023-08-21 11:10:18	22	1	1	0
      621	2023-08-21 11:10:24	22	1	1	0
      621	2023-08-21 11:10:26	22	1	1	0
      621	2023-08-21 11:10:34	22	1	1	0
      621	2023-08-21 11:10:36	22	1	1	0
      737	2023-08-21 11:10:40	22	1	1	0
     1494	2023-08-21 12:03:50	22	5	1	0
     1494	2023-08-21 12:03:51	22	5	1	0
     1494	2023-08-21 12:03:56	22	5	1	0
     1494	2023-08-21 12:34:09	22	4	1	0
     1494	2023-08-21 12:34:12	22	4	1	0
     1336	2023-08-21 13:46:46	22	4	1	0
     1336	2023-08-21 13:46:49	22	4	1	0
     1336	2023-08-21 13:47:13	22	0	1	0
     1328	2023-08-21 14:03:21	22	5	1	0
     1328	2023-08-21 14:03:26	22	5	1	0
     1328	2023-08-21 14:03:33	22	1	1	0
     1494	2023-08-21 17:04:52	22	1	1	0
     1494	2023-08-21 17:05:04	22	5	1	0
     1494	2023-08-21 17:05:10	22	5	1	0
     1494	2023-08-21 17:05:11	22	5	1	0
     2616	2023-08-21 21:33:13	22	0	1	0
     2616	2023-08-21 21:33:17	22	0	1	0
     2649	2023-08-21 21:38:11	22	0	1	0
     2649	2023-08-21 21:38:16	22	0	1	0
     1336	2023-08-21 22:01:42	22	1	1	0
     1336	2023-08-21 22:01:44	22	1	1	0
     1336	2023-08-21 22:01:45	22	1	1	0
     2288	2023-08-21 23:46:22	22	0	1	0
     2288	2023-08-21 23:46:26	22	0	1	0
      111	2023-08-22 02:41:14	22	0	1	0
      111	2023-08-22 02:41:18	22	0	1	0
     2708	2023-08-22 02:41:31	22	0	1	0
     2708	2023-08-22 02:41:33	22	0	1	0
      621	2023-08-22 03:19:52	22	0	1	0
      621	2023-08-22 03:19:54	22	0	1	0
     1266	2023-08-22 04:57:30	22	0	1	0
     1328	2023-08-22 05:55:05	22	0	1	0
     1328	2023-08-22 05:55:08	22	0	1	0
     2649	2023-08-22 06:02:00	22	1	1	0
     2649	2023-08-22 06:02:03	22	1	1	0
     2616	2023-08-22 06:02:35	22	1	1	0
     2616	2023-08-22 06:02:39	22	1	1	0
     2256	2023-08-22 06:37:52	22	0	1	0
     2256	2023-08-22 06:37:55	22	0	1	0
     1494	2023-08-22 07:46:43	22	0	1	0
     1494	2023-08-22 07:46:48	22	0	1	0
     1494	2023-08-22 07:46:51	22	0	1	0
      261	2023-08-22 07:50:55	22	0	1	0
      261	2023-08-22 07:50:57	22	0	1	0
     2288	2023-08-22 08:11:15	22	1	1	0
     2288	2023-08-22 08:11:19	22	1	1	0
     2708	2023-08-22 11:01:02	22	1	1	0
     2708	2023-08-22 11:01:04	22	1	1	0
      111	2023-08-22 11:01:54	22	1	1	0
      111	2023-08-22 11:01:58	22	1	1	0
      621	2023-08-22 11:03:42	22	1	1	0
      621	2023-08-22 11:03:44	22	1	1	0
      621	2023-08-22 11:42:21	22	1	1	0
      261	2023-08-22 12:03:09	22	1	1	0
      261	2023-08-22 12:03:11	22	1	1	0
     1494	2023-08-22 12:03:30	22	1	1	0
     1494	2023-08-22 12:03:33	22	1	1	0
     1266	2023-08-22 12:15:30	22	1	1	0
     1266	2023-08-22 12:16:03	22	0	1	0
      261	2023-08-22 12:31:24	22	0	1	0
      261	2023-08-22 12:31:26	22	0	1	0
     1494	2023-08-22 12:31:51	22	0	1	0
     1494	2023-08-22 12:31:59	22	0	1	0
     1494	2023-08-22 12:32:01	22	0	1	0
     1336	2023-08-22 13:50:45	22	0	1	0
     1336	2023-08-22 13:50:47	22	0	1	0
     1336	2023-08-22 13:50:48	22	0	1	0
     1336	2023-08-22 13:50:53	22	0	1	0
     1328	2023-08-22 14:12:52	22	1	1	0
     1328	2023-08-22 14:12:54	22	1	1	0
     1328	2023-08-22 14:12:58	22	1	1	0
     2635	2023-08-22 16:01:34	22	0	1	0
      261	2023-08-22 17:01:40	22	1	1	0
      261	2023-08-22 17:01:42	22	1	1	0
     1266	2023-08-22 17:01:59	22	1	1	0
     1494	2023-08-22 17:02:17	22	1	1	0
     1494	2023-08-22 17:02:19	22	1	1	0
     2256	2023-08-22 17:38:55	22	1	1	0
     2256	2023-08-22 17:38:57	22	1	1	0
     2616	2023-08-22 21:42:14	22	0	1	0
     2616	2023-08-22 21:42:17	22	0	1	0
     1336	2023-08-22 22:11:03	22	1	1	0
     1336	2023-08-22 22:11:13	22	1	1	0
     1336	2023-08-22 22:11:15	22	1	1	0
     1336	2023-08-22 22:11:16	22	1	1	0
     2288	2023-08-22 23:42:26	22	0	1	0
     2288	2023-08-22 23:42:33	22	0	1	0
     2288	2023-08-22 23:42:40	22	0	1	0
     2288	2023-08-22 23:42:45	22	0	1	0
     2635	2023-08-23 01:53:09	22	1	1	0
      887	2023-08-23 02:40:22	22	0	1	0
      887	2023-08-23 02:40:29	22	0	1	0
     2708	2023-08-23 02:45:14	22	0	1	0
     2708	2023-08-23 02:45:16	22	0	1	0
      111	2023-08-23 02:46:46	22	0	1	0
      111	2023-08-23 02:46:51	22	0	1	0
      737	2023-08-23 02:47:11	22	0	1	0
      737	2023-08-23 02:47:15	22	0	1	0
      737	2023-08-23 02:47:21	22	0	1	0
      621	2023-08-23 03:15:34	22	0	1	0
      621	2023-08-23 03:15:37	22	0	1	0
     1266	2023-08-23 04:58:45	22	0	1	0
     1328	2023-08-23 05:39:30	22	0	1	0
     1328	2023-08-23 05:39:33	22	0	1	0
     1328	2023-08-23 05:42:27	22	0	1	0
     2616	2023-08-23 06:01:18	22	1	1	0
     2616	2023-08-23 06:01:22	22	1	1	0
     2256	2023-08-23 06:55:56	22	0	1	0
     2256	2023-08-23 06:56:00	22	0	1	0
     1494	2023-08-23 07:39:26	22	0	1	0
     1494	2023-08-23 07:39:36	22	0	1	0
      261	2023-08-23 07:51:18	22	0	1	0
      261	2023-08-23 07:51:20	22	0	1	0
     2288	2023-08-23 08:22:55	22	1	1	0
     2288	2023-08-23 08:23:02	22	1	1	0
     2288	2023-08-23 08:23:17	22	1	1	0
     2288	2023-08-23 08:23:21	22	1	1	0
      737	2023-08-23 11:01:47	22	1	1	0
      737	2023-08-23 11:01:51	22	1	1	0
      737	2023-08-23 11:01:54	22	1	1	0
      621	2023-08-23 11:02:13	22	1	1	0
      621	2023-08-23 11:02:15	22	1	1	0
     2708	2023-08-23 11:03:55	22	1	1	0
     2708	2023-08-23 11:03:56	22	1	1	0
      111	2023-08-23 11:04:19	22	1	1	0
      111	2023-08-23 11:04:23	22	1	1	0
      887	2023-08-23 11:13:47	22	1	1	0
      887	2023-08-23 11:13:56	22	1	1	0
      887	2023-08-23 11:14:03	22	1	1	0
     1266	2023-08-23 12:00:44	22	1	1	0
     1266	2023-08-23 12:01:05	22	0	1	0
      261	2023-08-23 12:02:04	22	1	1	0
      261	2023-08-23 12:02:06	22	1	1	0
     1494	2023-08-23 12:02:17	22	1	1	0
     1494	2023-08-23 12:02:19	22	1	1	0
      261	2023-08-23 12:32:46	22	0	1	0
      261	2023-08-23 12:32:48	22	0	1	0
     1494	2023-08-23 12:34:07	22	0	1	0
     1494	2023-08-23 12:34:08	22	0	1	0
     1494	2023-08-23 12:34:10	22	0	1	0
     1494	2023-08-23 12:34:11	22	0	1	0
     1328	2023-08-23 14:10:31	22	1	1	0
     1328	2023-08-23 14:10:50	22	1	1	0
     1328	2023-08-23 14:10:53	22	1	1	0
     2809	2023-08-23 15:53:22	22	0	1	0
     2809	2023-08-23 15:53:24	22	0	1	0
      261	2023-08-23 17:01:10	22	1	1	0
      261	2023-08-23 17:01:12	22	1	1	0
     1494	2023-08-23 17:01:22	22	1	1	0
     1494	2023-08-23 17:01:31	22	1	1	0
     1494	2023-08-23 17:01:35	22	1	1	0
     2256	2023-08-23 17:19:31	22	1	1	0
     2256	2023-08-23 17:19:34	22	1	1	0
     1266	2023-08-23 17:38:46	22	1	1	0
     2649	2023-08-23 21:34:01	22	0	1	0
     2649	2023-08-23 21:34:03	22	0	1	0
     2616	2023-08-23 21:34:17	22	0	1	0
     2616	2023-08-23 21:34:20	22	0	1	0
     2288	2023-08-23 23:40:09	22	0	1	0
     2288	2023-08-23 23:40:18	22	0	1	0
     2288	2023-08-23 23:40:29	22	0	1	0
     2288	2023-08-23 23:40:33	22	0	1	0
     2708	2023-08-24 02:39:41	22	0	1	0
     2708	2023-08-24 02:39:43	22	0	1	0
      111	2023-08-24 02:48:05	22	0	1	0
      111	2023-08-24 02:48:09	22	0	1	0
      737	2023-08-24 02:53:18	22	0	1	0
      737	2023-08-24 02:53:22	22	0	1	0
      737	2023-08-24 02:53:26	22	0	1	0
       94	2023-08-24 03:22:50	22	0	1	0
       94	2023-08-24 03:22:52	22	0	1	0
       94	2023-08-24 03:22:54	22	0	1	0
     1266	2023-08-24 04:58:51	22	0	1	0
     1328	2023-08-24 05:47:04	22	0	1	0
     1328	2023-08-24 05:47:06	22	0	1	0
     1328	2023-08-24 05:49:59	22	0	1	0
     2649	2023-08-24 06:03:34	22	1	1	0
     2649	2023-08-24 06:03:36	22	1	1	0
     2616	2023-08-24 06:03:43	22	1	1	0
     2616	2023-08-24 06:03:46	22	1	1	0
     2809	2023-08-24 07:21:26	22	1	1	0
     2809	2023-08-24 07:21:29	22	1	1	0
     2256	2023-08-24 07:40:49	22	0	1	0
     2256	2023-08-24 07:40:51	22	0	1	0
     1494	2023-08-24 07:44:17	22	0	1	0
     1494	2023-08-24 07:44:20	22	0	1	0
     1494	2023-08-24 07:44:22	22	0	1	0
      261	2023-08-24 07:54:25	22	0	1	0
      261	2023-08-24 07:54:27	22	0	1	0
     2288	2023-08-24 08:14:18	22	1	1	0
     2288	2023-08-24 08:14:27	22	1	1	0
     2288	2023-08-24 08:14:30	22	1	1	0
      111	2023-08-24 11:01:05	22	1	1	0
      111	2023-08-24 11:01:09	22	1	1	0
      737	2023-08-24 11:01:21	22	1	1	0
      737	2023-08-24 11:01:24	22	1	1	0
      737	2023-08-24 11:01:27	22	1	1	0
     2708	2023-08-24 11:09:22	22	1	1	0
     2708	2023-08-24 11:09:23	22	1	1	0
     1494	2023-08-24 12:03:52	22	1	1	0
     1494	2023-08-24 12:03:54	22	1	1	0
      261	2023-08-24 12:04:12	22	1	1	0
      261	2023-08-24 12:04:15	22	1	1	0
       94	2023-08-24 12:09:28	22	1	1	0
       94	2023-08-24 12:09:29	22	1	1	0
       94	2023-08-24 12:09:34	22	1	1	0
      261	2023-08-24 12:31:32	22	0	1	0
      261	2023-08-24 12:31:34	22	0	1	0
     1494	2023-08-24 12:31:42	22	0	1	0
     1494	2023-08-24 12:31:45	22	0	1	0
     1266	2023-08-24 14:02:29	22	1	1	0
     2809	2023-08-24 14:24:00	22	0	1	0
     2809	2023-08-24 14:24:02	22	0	1	0
     1328	2023-08-24 14:36:36	22	1	1	0
     1328	2023-08-24 14:36:49	22	1	1	0
     1328	2023-08-24 14:36:50	22	1	1	0
     2635	2023-08-24 15:59:16	22	0	1	0
     1494	2023-08-24 17:01:26	22	1	1	0
     1494	2023-08-24 17:01:35	22	1	1	0
      261	2023-08-24 17:02:55	22	0	1	0
      261	2023-08-24 17:02:57	22	0	1	0
      261	2023-08-24 17:04:02	22	1	1	0
      261	2023-08-24 17:04:04	22	1	1	0
     2256	2023-08-24 18:42:41	22	1	1	0
     2256	2023-08-24 18:42:42	22	1	1	0
     2649	2023-08-24 21:39:45	22	0	1	0
     2649	2023-08-24 21:39:48	22	0	1	0
     2616	2023-08-24 21:44:32	22	0	1	0
     2616	2023-08-24 21:44:35	22	0	1	0
     2288	2023-08-24 23:44:17	22	0	1	0
     2288	2023-08-24 23:44:35	22	0	1	0
     2288	2023-08-24 23:44:38	22	0	1	0
     2635	2023-08-25 00:06:40	22	1	1	0
     2809	2023-08-25 00:10:59	22	1	1	0
     2809	2023-08-25 00:11:02	22	1	1	0
      111	2023-08-25 02:39:58	22	0	1	0
      111	2023-08-25 02:40:05	22	0	1	0
     2708	2023-08-25 02:42:58	22	0	1	0
     2708	2023-08-25 02:43:02	22	0	1	0
      737	2023-08-25 02:50:59	22	0	1	0
      737	2023-08-25 02:51:01	22	0	1	0
      737	2023-08-25 02:51:06	22	0	1	0
       94	2023-08-25 02:53:29	22	0	1	0
       94	2023-08-25 02:53:30	22	0	1	0
       94	2023-08-25 02:53:32	22	0	1	0
     1266	2023-08-25 04:57:50	22	0	1	0
     1328	2023-08-25 05:50:12	22	0	1	0
     1328	2023-08-25 05:50:14	22	0	1	0
     1328	2023-08-25 05:51:07	22	0	1	0
     2616	2023-08-25 06:01:18	22	1	1	0
     2616	2023-08-25 06:01:20	22	1	1	0
     2649	2023-08-25 06:01:26	22	1	1	0
     2649	2023-08-25 06:01:30	22	1	1	0
     2256	2023-08-25 07:02:47	22	0	1	0
     2256	2023-08-25 07:02:48	22	0	1	0
     1494	2023-08-25 07:46:13	22	0	1	0
     1494	2023-08-25 07:46:16	22	0	1	0
     1494	2023-08-25 07:46:18	22	0	1	0
      261	2023-08-25 07:52:26	22	0	1	0
      261	2023-08-25 07:52:28	22	0	1	0
     2288	2023-08-25 08:12:33	22	1	1	0
     2288	2023-08-25 08:12:37	22	1	1	0
     2708	2023-08-25 10:31:02	22	1	1	0
     2708	2023-08-25 10:31:04	22	1	1	0
      737	2023-08-25 11:01:04	22	1	1	0
      737	2023-08-25 11:01:07	22	1	1	0
      737	2023-08-25 11:01:15	22	1	1	0
       94	2023-08-25 11:01:25	22	1	1	0
       94	2023-08-25 11:01:26	22	1	1	0
       94	2023-08-25 11:01:28	22	1	1	0
      111	2023-08-25 11:01:57	22	1	1	0
      111	2023-08-25 11:02:01	22	1	1	0
      261	2023-08-25 12:02:07	22	1	1	0
      261	2023-08-25 12:02:09	22	1	1	0
     1494	2023-08-25 12:02:52	22	1	1	0
     1494	2023-08-25 12:02:55	22	1	1	0
     1494	2023-08-25 12:02:58	22	1	1	0
      261	2023-08-25 12:32:08	22	0	1	0
      261	2023-08-25 12:32:10	22	0	1	0
     1494	2023-08-25 12:34:54	22	0	1	0
     1494	2023-08-25 12:34:56	22	0	1	0
     1494	2023-08-25 12:35:01	22	0	1	0
     1328	2023-08-25 14:11:11	22	1	1	0
     1328	2023-08-25 14:11:13	22	1	1	0
     1328	2023-08-25 14:11:15	22	1	1	0
     2809	2023-08-25 15:31:53	22	0	1	0
     2809	2023-08-25 15:31:55	22	0	1	0
      261	2023-08-25 17:02:50	22	1	1	0
      261	2023-08-25 17:02:52	22	1	1	0
     1494	2023-08-25 17:03:13	22	1	1	0
     1494	2023-08-25 17:03:15	22	1	1	0
     2256	2023-08-25 19:13:17	22	1	1	0
     2256	2023-08-25 19:13:19	22	1	1	0
     2649	2023-08-25 21:38:08	22	0	1	0
     2649	2023-08-25 21:38:11	22	0	1	0
     2616	2023-08-25 21:52:51	22	0	1	0
     2616	2023-08-25 21:52:54	22	0	1	0
     2288	2023-08-25 23:06:19	22	0	1	0
     2288	2023-08-25 23:06:25	22	0	1	0
     2288	2023-08-25 23:06:28	22	0	1	0
     2809	2023-08-26 00:00:09	22	1	1	0
     2809	2023-08-26 00:00:11	22	1	1	0
      111	2023-08-26 02:47:13	22	0	1	0
      111	2023-08-26 02:47:17	22	0	1	0
      737	2023-08-26 02:48:45	22	0	1	0
      737	2023-08-26 02:48:49	22	0	1	0
      737	2023-08-26 02:48:52	22	0	1	0
      621	2023-08-26 02:55:37	22	0	1	0
      621	2023-08-26 02:55:39	22	0	1	0
       94	2023-08-26 03:46:06	22	0	1	0
       94	2023-08-26 03:46:08	22	0	1	0
       94	2023-08-26 03:46:10	22	0	1	0
     1328	2023-08-26 05:59:55	22	0	1	0
     1328	2023-08-26 05:59:58	22	0	1	0
     2616	2023-08-26 06:02:20	22	1	1	0
     2616	2023-08-26 06:02:23	22	1	1	0
     2649	2023-08-26 06:04:52	22	1	1	0
     2649	2023-08-26 06:04:54	22	1	1	0
     2288	2023-08-26 08:01:12	22	1	1	0
     2288	2023-08-26 08:01:23	22	1	1	0
     2288	2023-08-26 08:01:27	22	1	1	0
     2635	2023-08-26 08:37:22	22	0	1	0
      737	2023-08-26 11:01:24	22	1	1	0
      737	2023-08-26 11:01:27	22	1	1	0
      737	2023-08-26 11:01:30	22	1	1	0
      111	2023-08-26 11:01:44	22	1	1	0
      111	2023-08-26 11:01:48	22	1	1	0
       94	2023-08-26 11:02:01	22	1	1	0
       94	2023-08-26 11:02:03	22	1	1	0
       94	2023-08-26 11:02:04	22	1	1	0
      621	2023-08-26 11:07:01	22	1	1	0
      621	2023-08-26 11:07:03	22	1	1	0
     1336	2023-08-26 13:45:02	22	0	1	0
     1336	2023-08-26 13:45:07	22	0	1	0
     1336	2023-08-26 13:45:12	22	0	1	0
     1328	2023-08-26 14:04:01	22	1	1	0
     1328	2023-08-26 14:04:03	22	1	1	0
     1328	2023-08-26 14:04:06	22	1	1	0
     2809	2023-08-26 15:50:08	22	0	1	0
     2809	2023-08-26 15:50:10	22	0	1	0
     2635	2023-08-26 16:08:57	22	1	1	0
     2616	2023-08-26 21:49:59	22	0	1	0
     2616	2023-08-26 21:50:02	22	0	1	0
     1336	2023-08-26 22:08:20	22	1	1	0
     1336	2023-08-26 22:08:23	22	1	1	0
     1336	2023-08-26 22:08:32	22	1	1	0
     2809	2023-08-27 00:01:02	22	1	1	0
     2809	2023-08-27 00:01:04	22	1	1	0
     2708	2023-08-27 02:46:08	22	0	1	0
     2708	2023-08-27 02:46:10	22	0	1	0
      737	2023-08-27 02:49:10	22	0	1	0
      737	2023-08-27 02:49:13	22	0	1	0
      737	2023-08-27 02:49:15	22	0	1	0
       94	2023-08-27 02:50:15	22	0	1	0
       94	2023-08-27 02:50:18	22	0	1	0
       94	2023-08-27 02:50:19	22	0	1	0
      621	2023-08-27 02:57:23	22	0	1	0
      621	2023-08-27 02:57:25	22	0	1	0
     2616	2023-08-27 06:07:35	22	1	1	0
     2616	2023-08-27 06:07:37	22	1	1	0
     2635	2023-08-27 08:41:07	22	0	1	0
      621	2023-08-27 11:03:05	22	1	1	0
      621	2023-08-27 11:03:07	22	1	1	0
      737	2023-08-27 11:03:44	22	1	1	0
      737	2023-08-27 11:03:48	22	1	1	0
      737	2023-08-27 11:03:51	22	1	1	0
     2708	2023-08-27 11:04:08	22	1	1	0
     2708	2023-08-27 11:04:10	22	1	1	0
       94	2023-08-27 11:04:44	22	1	1	0
       94	2023-08-27 11:04:46	22	1	1	0
       94	2023-08-27 11:04:47	22	1	1	0
     1336	2023-08-27 13:49:22	22	0	1	0
     1336	2023-08-27 13:49:25	22	0	1	0
     1336	2023-08-27 13:49:33	22	0	1	0
     1336	2023-08-27 13:49:37	22	0	1	0
     2809	2023-08-27 15:41:29	22	0	1	0
     2809	2023-08-27 15:41:31	22	0	1	0
     2635	2023-08-27 16:09:22	22	1	1	0
     2649	2023-08-27 21:32:31	22	0	1	0
     2649	2023-08-27 21:32:37	22	0	1	0
     1336	2023-08-27 21:42:18	22	1	1	0
     1336	2023-08-27 21:42:20	22	1	1	0
     1336	2023-08-27 21:42:24	22	1	1	0
     2288	2023-08-27 23:45:34	22	0	1	0
     2288	2023-08-27 23:45:40	22	0	1	0
     2288	2023-08-27 23:45:43	22	0	1	0
     2809	2023-08-28 00:00:11	22	1	1	0
     2809	2023-08-28 00:00:13	22	1	1	0
      737	2023-08-28 02:43:01	22	4	1	0
      737	2023-08-28 02:43:27	22	0	1	0
      737	2023-08-28 02:43:30	22	0	1	0
      737	2023-08-28 02:43:43	22	4	1	0
       94	2023-08-28 02:50:09	22	0	1	0
       94	2023-08-28 02:50:11	22	0	1	0
       94	2023-08-28 02:50:14	22	0	1	0
     2708	2023-08-28 02:52:21	22	4	1	0
     2708	2023-08-28 02:52:23	22	4	1	0
      621	2023-08-28 02:56:01	22	0	1	0
      621	2023-08-28 02:56:03	22	0	1	0
     1328	2023-08-28 05:56:25	22	0	1	0
     1328	2023-08-28 05:56:36	22	4	1	0
     1328	2023-08-28 05:56:40	22	4	1	0
     2649	2023-08-28 06:06:23	22	1	1	0
     2649	2023-08-28 06:06:26	22	1	1	0
     2288	2023-08-28 08:09:55	22	1	1	0
     2288	2023-08-28 08:10:01	22	1	1	0
     2288	2023-08-28 08:10:04	22	1	1	0
     2256	2023-08-28 08:39:01	22	0	1	0
     2256	2023-08-28 08:39:02	22	0	1	0
      737	2023-08-28 11:01:09	22	5	1	0
      737	2023-08-28 11:01:11	22	5	1	0
      737	2023-08-28 11:01:20	22	1	1	0
      737	2023-08-28 11:01:22	22	1	1	0
     2708	2023-08-28 11:01:33	22	5	1	0
     2708	2023-08-28 11:01:35	22	5	1	0
       94	2023-08-28 11:01:47	22	5	1	0
       94	2023-08-28 11:01:58	22	1	1	0
       94	2023-08-28 11:02:00	22	1	1	0
       94	2023-08-28 11:02:18	22	1	1	0
       94	2023-08-28 11:02:27	22	5	1	0
      621	2023-08-28 11:20:47	22	1	1	0
      621	2023-08-28 11:20:49	22	1	1	0
     1336	2023-08-28 13:50:02	22	0	1	0
     1336	2023-08-28 13:50:07	22	0	1	0
     1336	2023-08-28 13:50:09	22	0	1	0
     1328	2023-08-28 14:18:42	22	1	1	0
     1328	2023-08-28 14:18:47	22	5	1	0
     1328	2023-08-28 14:18:50	22	5	1	0
     1328	2023-08-28 14:19:58	22	1	1	0
     2256	2023-08-28 19:04:29	22	1	1	0
     2256	2023-08-28 19:04:31	22	1	1	0
     2649	2023-08-28 21:32:07	22	0	1	0
     2649	2023-08-28 21:32:10	22	0	1	0
     2649	2023-08-28 21:32:18	22	0	1	0
     2616	2023-08-28 21:52:32	22	0	1	0
     2616	2023-08-28 21:52:34	22	0	1	0
     1336	2023-08-28 22:01:14	22	1	1	0
     1336	2023-08-28 22:01:19	22	1	1	0
     1336	2023-08-28 22:01:21	22	1	1	0
     2288	2023-08-28 23:44:28	22	0	1	0
     2288	2023-08-28 23:44:32	22	0	1	0
      111	2023-08-29 02:37:51	22	0	1	0
      111	2023-08-29 02:37:55	22	0	1	0
     2708	2023-08-29 02:46:12	22	0	1	0
     2708	2023-08-29 02:46:14	22	0	1	0
      621	2023-08-29 03:04:40	22	0	1	0
      621	2023-08-29 03:04:42	22	0	1	0
     1266	2023-08-29 04:58:31	22	0	1	0
     1328	2023-08-29 05:51:15	22	0	1	0
     1328	2023-08-29 05:51:17	22	0	1	0
     1328	2023-08-29 05:51:21	22	0	1	0
     2616	2023-08-29 06:02:41	22	1	1	0
     2616	2023-08-29 06:02:43	22	1	1	0
     2649	2023-08-29 06:13:24	22	1	1	0
     2649	2023-08-29 06:13:26	22	1	1	0
     2256	2023-08-29 06:32:05	22	0	1	0
     2256	2023-08-29 06:32:06	22	0	1	0
     2708	2023-08-29 07:23:30	22	1	1	0
     2708	2023-08-29 07:23:32	22	1	1	0
     1494	2023-08-29 07:43:50	22	0	1	0
     1494	2023-08-29 07:43:52	22	0	1	0
     1494	2023-08-29 07:44:00	22	0	1	0
      261	2023-08-29 07:49:21	22	0	1	0
      261	2023-08-29 07:49:23	22	0	1	0
     2288	2023-08-29 08:06:55	22	1	1	0
     2288	2023-08-29 08:06:59	22	1	1	0
     2635	2023-08-29 08:09:59	22	0	1	0
      111	2023-08-29 11:01:33	22	1	1	0
      111	2023-08-29 11:01:37	22	1	1	0
      621	2023-08-29 11:03:51	22	1	1	0
      621	2023-08-29 11:03:53	22	1	1	0
      261	2023-08-29 12:03:18	22	1	1	0
      261	2023-08-29 12:03:20	22	1	1	0
     1494	2023-08-29 12:03:30	22	1	1	0
     1494	2023-08-29 12:03:34	22	1	1	0
      261	2023-08-29 12:31:15	22	0	1	0
      261	2023-08-29 12:31:17	22	0	1	0
     1494	2023-08-29 12:32:40	22	0	1	0
     1494	2023-08-29 12:32:42	22	0	1	0
     1336	2023-08-29 13:42:52	22	0	1	0
     1336	2023-08-29 13:42:54	22	0	1	0
     1336	2023-08-29 13:42:55	22	0	1	0
     1328	2023-08-29 14:10:15	22	1	1	0
     1328	2023-08-29 14:10:24	22	1	1	0
     1328	2023-08-29 14:10:27	22	1	1	0
     2635	2023-08-29 16:01:04	22	1	1	0
     2809	2023-08-29 16:04:02	22	0	1	0
     2809	2023-08-29 16:04:05	22	0	1	0
     2256	2023-08-29 16:15:53	22	1	1	0
     2256	2023-08-29 16:15:57	22	1	1	0
      261	2023-08-29 17:02:05	22	1	1	0
      261	2023-08-29 17:02:07	22	1	1	0
     1494	2023-08-29 17:02:23	22	1	1	0
     1494	2023-08-29 17:02:34	22	1	1	0
     1494	2023-08-29 17:02:39	22	1	1	0
     2649	2023-08-29 21:25:36	22	0	1	0
     2649	2023-08-29 21:25:38	22	0	1	0
     2616	2023-08-29 21:25:53	22	0	1	0
     2616	2023-08-29 21:25:57	22	0	1	0
     1336	2023-08-29 22:01:20	22	1	1	0
     1336	2023-08-29 22:01:22	22	1	1	0
     1336	2023-08-29 22:01:23	22	1	1	0
     2288	2023-08-29 23:47:31	22	0	1	0
     2288	2023-08-29 23:47:47	22	0	1	0
     2288	2023-08-29 23:47:51	22	0	1	0
     2809	2023-08-30 00:01:02	22	1	1	0
     2809	2023-08-30 00:01:04	22	1	1	0
     2708	2023-08-30 02:42:54	22	0	1	0
     2708	2023-08-30 02:42:57	22	0	1	0
      111	2023-08-30 02:44:39	22	0	1	0
      111	2023-08-30 02:44:43	22	0	1	0
      887	2023-08-30 02:47:30	22	0	1	0
      887	2023-08-30 02:47:38	22	0	1	0
      887	2023-08-30 02:47:43	22	0	1	0
      737	2023-08-30 02:48:19	22	0	1	0
      737	2023-08-30 02:48:29	22	0	1	0
      737	2023-08-30 02:48:35	22	0	1	0
      621	2023-08-30 03:05:19	22	0	1	0
      621	2023-08-30 03:05:21	22	0	1	0
     1266	2023-08-30 04:59:19	22	0	1	0
     1328	2023-08-30 05:46:42	22	0	1	0
     1328	2023-08-30 05:46:44	22	0	1	0
     1328	2023-08-30 05:46:45	22	0	1	0
     2616	2023-08-30 06:01:45	22	1	1	0
     2616	2023-08-30 06:01:47	22	1	1	0
     2649	2023-08-30 06:06:39	22	1	1	0
     2649	2023-08-30 06:06:41	22	1	1	0
     2649	2023-08-30 06:06:43	22	1	1	0
     2256	2023-08-30 06:33:42	22	0	1	0
     2256	2023-08-30 06:33:44	22	0	1	0
     1494	2023-08-30 07:43:08	22	0	1	0
     1494	2023-08-30 07:43:10	22	0	1	0
     1494	2023-08-30 07:43:17	22	0	1	0
      261	2023-08-30 07:51:43	22	0	1	0
      261	2023-08-30 07:51:45	22	0	1	0
     2288	2023-08-30 08:02:58	22	1	1	0
     2288	2023-08-30 08:03:02	22	1	1	0
     2635	2023-08-30 08:32:21	22	0	1	0
      111	2023-08-30 11:04:26	22	1	1	0
      111	2023-08-30 11:04:30	22	1	1	0
      737	2023-08-30 11:04:53	22	1	1	0
      737	2023-08-30 11:04:55	22	1	1	0
      737	2023-08-30 11:04:58	22	1	1	0
      621	2023-08-30 11:08:55	22	1	1	0
      621	2023-08-30 11:08:58	22	1	1	0
     2708	2023-08-30 11:13:26	22	1	1	0
     2708	2023-08-30 11:13:28	22	1	1	0
     1494	2023-08-30 12:03:07	22	1	1	0
     1494	2023-08-30 12:03:15	22	1	1	0
      261	2023-08-30 12:03:25	22	1	1	0
      261	2023-08-30 12:03:27	22	1	1	0
      261	2023-08-30 12:31:27	22	0	1	0
      261	2023-08-30 12:31:29	22	0	1	0
     1494	2023-08-30 12:31:41	22	0	1	0
     1494	2023-08-30 12:31:50	22	0	1	0
     1336	2023-08-30 13:50:53	22	0	1	0
     1336	2023-08-30 13:51:03	22	0	1	0
     1336	2023-08-30 13:51:14	22	0	1	0
     1336	2023-08-30 13:51:16	22	0	1	0
     1336	2023-08-30 13:56:17	22	0	1	0
     1328	2023-08-30 14:17:02	22	1	1	0
     1328	2023-08-30 14:17:04	22	1	1	0
     1328	2023-08-30 14:17:06	22	1	1	0
     2809	2023-08-30 15:52:26	22	0	1	0
     2809	2023-08-30 15:52:28	22	0	1	0
     2635	2023-08-30 16:09:00	22	1	1	0
      261	2023-08-30 17:02:28	22	1	1	0
      261	2023-08-30 17:02:30	22	1	1	0
     1494	2023-08-30 17:03:30	22	1	1	0
     1494	2023-08-30 17:03:37	22	1	1	0
     1494	2023-08-30 17:03:44	22	1	1	0
      887	2023-08-30 17:05:26	22	1	1	0
      887	2023-08-30 17:05:37	22	1	1	0
      887	2023-08-30 17:05:42	22	1	1	0
     2256	2023-08-30 18:31:19	22	1	1	0
     2256	2023-08-30 18:31:20	22	1	1	0
     2649	2023-08-30 21:31:52	22	0	1	0
     2649	2023-08-30 21:31:54	22	0	1	0
     2649	2023-08-30 21:31:57	22	0	1	0
     2616	2023-08-30 21:44:01	22	0	1	0
     2616	2023-08-30 21:44:03	22	0	1	0
     1336	2023-08-30 22:01:13	22	1	1	0
     1336	2023-08-30 22:01:15	22	1	1	0
     1336	2023-08-30 22:01:16	22	1	1	0
     1336	2023-08-30 22:01:22	22	1	1	0
     2288	2023-08-30 23:48:17	22	0	1	0
     2288	2023-08-30 23:48:22	22	0	1	0
     2809	2023-08-31 00:00:06	22	1	1	0
     2809	2023-08-31 00:00:08	22	1	1	0
     2708	2023-08-31 02:40:11	22	0	1	0
     2708	2023-08-31 02:40:13	22	0	1	0
      111	2023-08-31 02:41:21	22	0	1	0
      111	2023-08-31 02:41:25	22	0	1	0
      737	2023-08-31 02:46:49	22	0	1	0
      737	2023-08-31 02:46:52	22	0	1	0
      737	2023-08-31 02:46:56	22	0	1	0
       94	2023-08-31 02:47:46	22	0	1	0
       94	2023-08-31 02:47:51	22	0	1	0
       94	2023-08-31 02:47:55	22	0	1	0
     1266	2023-08-31 04:56:22	22	0	1	0
     1328	2023-08-31 06:01:35	22	0	1	0
     1328	2023-08-31 06:01:37	22	0	1	0
     2616	2023-08-31 06:03:07	22	1	1	0
     2616	2023-08-31 06:03:19	22	1	1	0
     2649	2023-08-31 06:04:44	22	1	1	0
     2649	2023-08-31 06:04:46	22	1	1	0
     2256	2023-08-31 07:09:29	22	0	1	0
     2256	2023-08-31 07:09:31	22	0	1	0
     1494	2023-08-31 07:45:48	22	0	1	0
     1494	2023-08-31 07:45:51	22	0	1	0
     1494	2023-08-31 07:45:53	22	0	1	0
     2635	2023-08-31 07:58:47	22	0	1	0
     2288	2023-08-31 08:01:17	22	1	1	0
     2288	2023-08-31 08:01:21	22	1	1	0
       94	2023-08-31 11:01:03	22	1	1	0
       94	2023-08-31 11:01:05	22	1	1	0
       94	2023-08-31 11:01:07	22	1	1	0
      737	2023-08-31 11:01:18	22	1	1	0
      737	2023-08-31 11:01:21	22	1	1	0
      737	2023-08-31 11:01:24	22	1	1	0
      111	2023-08-31 11:01:40	22	1	1	0
      111	2023-08-31 11:01:43	22	1	1	0
     2708	2023-08-31 11:29:38	22	1	1	0
     2708	2023-08-31 11:29:40	22	1	1	0
     1494	2023-08-31 12:04:44	22	1	1	0
     1494	2023-08-31 12:04:47	22	1	1	0
     1494	2023-08-31 12:33:49	22	0	1	0
     1494	2023-08-31 12:33:51	22	0	1	0
     1494	2023-08-31 12:33:54	22	0	1	0
     1336	2023-08-31 13:48:25	22	0	1	0
     1336	2023-08-31 13:48:27	22	0	1	0
     1336	2023-08-31 13:48:34	22	0	1	0
     1328	2023-08-31 14:11:08	22	1	1	0
     1328	2023-08-31 14:11:10	22	1	1	0
     1328	2023-08-31 14:11:13	22	1	1	0
     2809	2023-08-31 15:50:14	22	0	1	0
     2809	2023-08-31 15:50:16	22	0	1	0
     2635	2023-08-31 16:21:56	22	1	1	0
     1494	2023-08-31 17:12:16	22	1	1	0
     1494	2023-08-31 17:12:21	22	1	1	0
     1494	2023-08-31 17:12:23	22	1	1	0
     2256	2023-08-31 18:05:42	22	1	1	0
     2256	2023-08-31 18:05:44	22	1	1	0
     2616	2023-08-31 21:47:25	22	0	1	0
     2616	2023-08-31 21:47:27	22	0	1	0
     2649	2023-08-31 21:56:17	22	0	1	0
     2649	2023-08-31 21:56:20	22	0	1	0
     1336	2023-08-31 22:01:14	22	1	1	0
     1336	2023-08-31 22:01:16	22	1	1	0
     1336	2023-08-31 22:01:18	22	1	1	0
     2288	2023-08-31 23:43:02	22	0	1	0
     2288	2023-08-31 23:43:09	22	0	1	0
     2288	2023-08-31 23:43:13	22	0	1	0
     2809	2023-09-01 00:00:06	22	1	1	0
     2809	2023-09-01 00:00:08	22	1	1	0
     2708	2023-09-01 02:45:24	22	0	1	0
     2708	2023-09-01 02:45:26	22	0	1	0
      737	2023-09-01 02:46:35	22	0	1	0
      737	2023-09-01 02:46:38	22	0	1	0
      737	2023-09-01 02:46:41	22	0	1	0
      111	2023-09-01 02:46:51	22	0	1	0
      111	2023-09-01 02:46:55	22	0	1	0
      887	2023-09-01 02:55:48	22	0	1	0
      887	2023-09-01 02:55:55	22	0	1	0
      887	2023-09-01 02:56:00	22	0	1	0
       94	2023-09-01 04:32:56	22	0	1	0
       94	2023-09-01 04:32:58	22	0	1	0
       94	2023-09-01 04:33:00	22	0	1	0
     1266	2023-09-01 05:30:43	22	0	1	0
     2616	2023-09-01 06:03:20	22	1	1	0
     2616	2023-09-01 06:03:22	22	1	1	0
     1328	2023-09-01 06:03:51	22	1	1	0
     1328	2023-09-01 06:03:52	22	1	1	0
     1328	2023-09-01 06:03:54	22	1	1	0
     2649	2023-09-01 06:04:04	22	1	1	0
     2649	2023-09-01 06:04:06	22	1	1	0
     2649	2023-09-01 06:04:08	22	1	1	0
      907	2023-09-01 06:23:16	22	0	1	0
      907	2023-09-01 06:24:02	22	0	1	0
     2256	2023-09-01 06:50:23	22	0	1	0
     2256	2023-09-01 06:50:24	22	0	1	0
      261	2023-09-01 07:30:19	22	0	1	0
      261	2023-09-01 07:30:21	22	0	1	0
     1494	2023-09-01 07:45:43	22	0	1	0
     1494	2023-09-01 07:45:48	22	0	1	0
     2288	2023-09-01 08:08:02	22	1	1	0
     2288	2023-09-01 08:08:06	22	1	1	0
