      191	2023-07-31 07:25:18	23	0	1	0
      205	2023-07-31 07:26:41	23	0	1	0
      223	2023-07-31 07:27:54	23	0	1	0
      403	2023-07-31 07:46:35	23	0	1	0
     2089	2023-07-31 07:46:43	23	0	1	0
     2089	2023-07-31 07:46:44	23	0	1	0
     1634	2023-07-31 07:46:50	23	0	1	0
     1634	2023-07-31 07:46:52	23	0	1	0
      105	2023-07-31 07:48:50	23	0	1	0
     2100	2023-07-31 07:53:42	23	0	1	0
     2100	2023-07-31 07:53:46	23	0	1	0
      224	2023-07-31 07:55:07	23	0	1	0
      224	2023-07-31 07:55:09	23	0	1	0
      845	2023-07-31 07:55:18	23	0	1	0
     2444	2023-07-31 07:55:29	23	0	1	0
      330	2023-07-31 07:56:52	23	0	1	0
      330	2023-07-31 07:56:54	23	0	1	0
      680	2023-07-31 08:01:14	23	0	1	0
      260	2023-07-31 08:01:17	23	0	1	0
      279	2023-07-31 08:01:22	23	0	1	0
     1634	2023-07-31 12:00:03	23	1	1	0
      224	2023-07-31 12:00:28	23	1	1	0
      260	2023-07-31 12:00:53	23	1	1	0
      260	2023-07-31 12:00:55	23	1	1	0
      403	2023-07-31 12:00:59	23	1	1	0
     2444	2023-07-31 12:01:04	23	1	1	0
      279	2023-07-31 12:01:09	23	1	1	0
      223	2023-07-31 12:02:01	23	1	1	0
      279	2023-07-31 12:02:37	23	0	1	0
      845	2023-07-31 12:02:47	23	1	1	0
     2089	2023-07-31 12:03:55	23	1	1	0
     2089	2023-07-31 12:03:56	23	1	1	0
      191	2023-07-31 12:04:09	23	1	1	0
      205	2023-07-31 12:04:20	23	1	1	0
      680	2023-07-31 12:04:29	23	1	1	0
      191	2023-07-31 12:05:08	23	0	1	0
      205	2023-07-31 12:06:03	23	0	1	0
      403	2023-07-31 12:06:27	23	0	1	0
      223	2023-07-31 12:10:28	23	0	1	0
      224	2023-07-31 12:10:46	23	0	1	0
      105	2023-07-31 12:11:31	23	1	1	0
      260	2023-07-31 12:12:21	23	0	1	0
      260	2023-07-31 12:12:23	23	0	1	0
      680	2023-07-31 12:17:14	23	0	1	0
      330	2023-07-31 12:18:20	23	1	1	0
     2089	2023-07-31 12:18:55	23	0	1	0
     2089	2023-07-31 12:18:57	23	0	1	0
      845	2023-07-31 12:19:35	23	0	1	0
     2444	2023-07-31 12:28:06	23	0	1	0
     2100	2023-07-31 12:34:03	23	1	1	0
      105	2023-07-31 12:34:53	23	0	1	0
     2100	2023-07-31 12:37:21	23	0	1	0
      330	2023-07-31 12:39:15	23	0	1	0
     1634	2023-07-31 12:42:38	23	0	1	0
      223	2023-07-31 17:00:03	23	1	1	0
     1634	2023-07-31 17:00:04	23	1	1	0
     1634	2023-07-31 17:00:06	23	1	1	0
      260	2023-07-31 17:00:12	23	1	1	0
      224	2023-07-31 17:00:16	23	1	1	0
     2100	2023-07-31 17:00:21	23	1	1	0
      105	2023-07-31 17:00:35	23	1	1	0
      279	2023-07-31 17:00:40	23	1	1	0
      403	2023-07-31 17:00:47	23	1	1	0
      845	2023-07-31 17:01:03	23	1	1	0
     2089	2023-07-31 17:01:09	23	1	1	0
     2089	2023-07-31 17:01:10	23	1	1	0
      191	2023-07-31 17:02:49	23	1	1	0
     2444	2023-07-31 17:07:53	23	1	1	0
      330	2023-07-31 17:09:33	23	1	1	0
      680	2023-07-31 17:22:10	23	1	1	0
      205	2023-07-31 18:10:49	23	1	1	0
      260	2023-08-01 06:52:27	23	0	1	0
      260	2023-08-01 06:52:29	23	0	1	0
      191	2023-08-01 07:22:30	23	0	1	0
      223	2023-08-01 07:36:48	23	0	1	0
     2089	2023-08-01 07:44:00	23	0	1	0
     2089	2023-08-01 07:44:02	23	0	1	0
     1634	2023-08-01 07:45:29	23	0	1	0
     1634	2023-08-01 07:45:32	23	0	1	0
      205	2023-08-01 07:45:41	23	0	1	0
     2444	2023-08-01 07:47:24	23	0	1	0
      403	2023-08-01 07:49:58	23	0	1	0
      330	2023-08-01 07:52:30	23	0	1	0
      330	2023-08-01 07:52:32	23	0	1	0
     2100	2023-08-01 07:52:43	23	0	1	0
     2100	2023-08-01 07:52:46	23	0	1	0
      224	2023-08-01 07:52:53	23	0	1	0
      224	2023-08-01 07:52:55	23	0	1	0
      105	2023-08-01 07:56:01	23	0	1	0
      279	2023-08-01 07:56:25	23	0	1	0
      680	2023-08-01 07:57:25	23	0	1	0
      845	2023-08-01 07:58:40	23	0	1	0
      343	2023-08-01 08:00:34	23	0	1	0
      343	2023-08-01 08:00:38	23	0	1	0
      223	2023-08-01 12:00:05	23	1	1	0
     1634	2023-08-01 12:00:07	23	1	1	0
     1634	2023-08-01 12:00:10	23	1	1	0
      205	2023-08-01 12:00:33	23	1	1	0
      105	2023-08-01 12:00:46	23	1	1	0
      224	2023-08-01 12:00:51	23	1	1	0
      279	2023-08-01 12:01:04	23	1	1	0
     2089	2023-08-01 12:01:28	23	1	1	0
     2089	2023-08-01 12:01:30	23	1	1	0
      260	2023-08-01 12:01:33	23	1	1	0
      260	2023-08-01 12:01:35	23	1	1	0
      403	2023-08-01 12:01:41	23	1	1	0
      205	2023-08-01 12:02:14	23	0	1	0
     2089	2023-08-01 12:05:08	23	0	1	0
     2089	2023-08-01 12:05:10	23	0	1	0
      260	2023-08-01 12:06:05	23	0	1	0
      260	2023-08-01 12:06:06	23	0	1	0
      680	2023-08-01 12:06:16	23	1	1	0
      845	2023-08-01 12:08:10	23	1	1	0
      223	2023-08-01 12:10:04	23	0	1	0
      330	2023-08-01 12:10:37	23	1	1	0
      403	2023-08-01 12:10:51	23	0	1	0
     2444	2023-08-01 12:13:32	23	1	1	0
      191	2023-08-01 12:13:58	23	1	1	0
      680	2023-08-01 12:14:46	23	0	1	0
      845	2023-08-01 12:16:28	23	0	1	0
      343	2023-08-01 12:17:00	23	1	1	0
      279	2023-08-01 12:19:24	23	0	1	0
      845	2023-08-01 12:23:51	23	0	1	0
      105	2023-08-01 12:24:59	23	0	1	0
      191	2023-08-01 12:29:38	23	0	1	0
      343	2023-08-01 12:30:04	23	0	1	0
      224	2023-08-01 12:36:51	23	0	1	0
     2100	2023-08-01 12:36:59	23	1	1	0
      330	2023-08-01 12:38:25	23	0	1	0
     2444	2023-08-01 12:44:54	23	0	1	0
     1634	2023-08-01 12:52:24	23	0	1	0
     1634	2023-08-01 17:00:03	23	1	1	0
     1634	2023-08-01 17:00:04	23	1	1	0
      223	2023-08-01 17:00:07	23	1	1	0
      223	2023-08-01 17:00:10	23	1	1	0
      260	2023-08-01 17:00:18	23	1	1	0
      260	2023-08-01 17:00:20	23	1	1	0
      224	2023-08-01 17:00:33	23	1	1	0
      279	2023-08-01 17:00:38	23	1	1	0
      403	2023-08-01 17:00:47	23	1	1	0
     2100	2023-08-01 17:00:53	23	1	1	0
     2444	2023-08-01 17:01:10	23	1	1	0
      105	2023-08-01 17:01:19	23	1	1	0
      845	2023-08-01 17:01:30	23	1	1	0
      191	2023-08-01 17:01:59	23	1	1	0
     2089	2023-08-01 17:02:52	23	1	1	0
     2089	2023-08-01 17:02:54	23	1	1	0
      343	2023-08-01 17:04:24	23	1	1	0
      343	2023-08-01 17:04:30	23	1	1	0
      330	2023-08-01 17:04:35	23	1	1	0
      205	2023-08-01 17:05:55	23	1	1	0
     2444	2023-08-01 17:08:57	23	1	1	0
      680	2023-08-01 17:12:37	23	1	1	0
      205	2023-08-02 07:24:12	23	0	1	0
      191	2023-08-02 07:26:47	23	0	1	0
     2089	2023-08-02 07:38:21	23	0	1	0
     2089	2023-08-02 07:38:22	23	0	1	0
     2444	2023-08-02 07:51:47	23	0	1	0
     1655	2023-08-02 07:52:47	23	0	1	0
     1655	2023-08-02 07:52:49	23	0	1	0
      403	2023-08-02 07:52:54	23	0	1	0
     2100	2023-08-02 07:53:27	23	0	1	0
     1634	2023-08-02 07:54:16	23	0	1	0
     1634	2023-08-02 07:54:18	23	0	1	0
      330	2023-08-02 07:55:10	23	0	1	0
      330	2023-08-02 07:55:13	23	0	1	0
      680	2023-08-02 07:55:45	23	0	1	0
      224	2023-08-02 07:56:18	23	0	1	0
      224	2023-08-02 07:56:20	23	0	1	0
      223	2023-08-02 07:56:29	23	0	1	0
      260	2023-08-02 07:56:36	23	0	1	0
      260	2023-08-02 07:56:38	23	0	1	0
      343	2023-08-02 07:56:46	23	0	1	0
      343	2023-08-02 07:56:51	23	0	1	0
      105	2023-08-02 07:57:54	23	0	1	0
      279	2023-08-02 07:59:12	23	0	1	0
      845	2023-08-02 08:01:02	23	0	1	0
      205	2023-08-02 12:00:15	23	1	1	0
     1634	2023-08-02 12:00:22	23	1	1	0
      224	2023-08-02 12:00:49	23	1	1	0
     2444	2023-08-02 12:01:00	23	1	1	0
      223	2023-08-02 12:01:06	23	1	1	0
      205	2023-08-02 12:01:18	23	0	1	0
      343	2023-08-02 12:01:33	23	1	1	0
      343	2023-08-02 12:01:37	23	1	1	0
     1655	2023-08-02 12:02:16	23	1	1	0
     1655	2023-08-02 12:02:18	23	1	1	0
      105	2023-08-02 12:02:46	23	1	1	0
     2089	2023-08-02 12:03:04	23	1	1	0
     2089	2023-08-02 12:03:06	23	1	1	0
      330	2023-08-02 12:03:48	23	1	1	0
      279	2023-08-02 12:04:15	23	1	1	0
      279	2023-08-02 12:05:03	23	0	1	0
      845	2023-08-02 12:05:11	23	1	1	0
      403	2023-08-02 12:05:33	23	1	1	0
     2089	2023-08-02 12:06:35	23	0	1	0
     2089	2023-08-02 12:06:37	23	0	1	0
      403	2023-08-02 12:09:04	23	0	1	0
      224	2023-08-02 12:10:02	23	0	1	0
     2444	2023-08-02 12:10:56	23	1	1	0
     2444	2023-08-02 12:11:05	23	0	1	0
      343	2023-08-02 12:11:33	23	0	1	0
      845	2023-08-02 12:18:35	23	0	1	0
      105	2023-08-02 12:23:23	23	0	1	0
      223	2023-08-02 12:26:11	23	0	1	0
     2100	2023-08-02 12:30:11	23	1	1	0
     1655	2023-08-02 12:38:08	23	0	1	0
     1655	2023-08-02 12:38:10	23	0	1	0
     2100	2023-08-02 12:38:23	23	0	1	0
      191	2023-08-02 12:44:14	23	1	1	0
     1634	2023-08-02 12:45:36	23	0	1	0
     1634	2023-08-02 12:45:49	23	0	1	0
      191	2023-08-02 12:46:55	23	0	1	0
      330	2023-08-02 12:51:10	23	0	1	0
     2444	2023-08-02 12:52:15	23	0	1	0
      223	2023-08-02 17:00:04	23	1	1	0
     1634	2023-08-02 17:00:08	23	1	1	0
     1634	2023-08-02 17:00:09	23	1	1	0
      224	2023-08-02 17:00:19	23	1	1	0
     2100	2023-08-02 17:00:26	23	1	1	0
     2100	2023-08-02 17:00:28	23	1	1	0
     2089	2023-08-02 17:00:36	23	1	1	0
     2089	2023-08-02 17:00:38	23	1	1	0
      403	2023-08-02 17:00:44	23	1	1	0
     1655	2023-08-02 17:00:49	23	1	1	0
     1655	2023-08-02 17:00:51	23	1	1	0
      105	2023-08-02 17:00:57	23	1	1	0
      260	2023-08-02 17:01:15	23	1	1	0
      260	2023-08-02 17:01:17	23	1	1	0
      205	2023-08-02 17:01:30	23	1	1	0
      279	2023-08-02 17:01:34	23	1	1	0
      845	2023-08-02 17:01:42	23	1	1	0
     2444	2023-08-02 17:02:23	23	1	1	0
      191	2023-08-02 17:03:40	23	1	1	0
      343	2023-08-02 17:03:52	23	1	1	0
      343	2023-08-02 17:03:56	23	1	1	0
      330	2023-08-02 17:04:30	23	1	1	0
      330	2023-08-02 17:04:41	23	1	1	0
     2444	2023-08-02 17:21:23	23	1	1	0
      680	2023-08-02 17:39:55	23	1	1	0
      205	2023-08-03 07:19:05	23	0	1	0
      191	2023-08-03 07:28:25	23	0	1	0
      105	2023-08-03 07:34:05	23	0	1	0
      223	2023-08-03 07:40:22	23	0	1	0
     1634	2023-08-03 07:45:06	23	0	1	0
     1634	2023-08-03 07:45:08	23	0	1	0
      403	2023-08-03 07:47:34	23	0	1	0
      224	2023-08-03 07:51:01	23	0	1	0
      224	2023-08-03 07:51:03	23	0	1	0
     2444	2023-08-03 07:51:30	23	0	1	0
     2089	2023-08-03 07:53:43	23	0	1	0
     2089	2023-08-03 07:53:44	23	0	1	0
      845	2023-08-03 07:53:51	23	0	1	0
      330	2023-08-03 07:55:25	23	0	1	0
      330	2023-08-03 07:55:27	23	0	1	0
      279	2023-08-03 07:55:34	23	0	1	0
     2100	2023-08-03 07:56:39	23	0	1	0
     2100	2023-08-03 07:56:41	23	0	1	0
      343	2023-08-03 07:57:03	23	0	1	0
      343	2023-08-03 07:57:05	23	0	1	0
      680	2023-08-03 08:02:51	23	0	1	0
      260	2023-08-03 08:03:39	23	0	1	0
      260	2023-08-03 08:03:41	23	0	1	0
     1655	2023-08-03 08:04:37	23	0	1	0
     1634	2023-08-03 12:00:02	23	1	1	0
      260	2023-08-03 12:00:09	23	1	1	0
      260	2023-08-03 12:00:11	23	1	1	0
      260	2023-08-03 12:00:13	23	1	1	0
      223	2023-08-03 12:00:28	23	1	1	0
     1655	2023-08-03 12:01:29	23	1	1	0
     1655	2023-08-03 12:01:31	23	1	1	0
      845	2023-08-03 12:02:47	23	1	1	0
      680	2023-08-03 12:04:12	23	1	1	0
      105	2023-08-03 12:05:15	23	1	1	0
      403	2023-08-03 12:05:27	23	1	1	0
      279	2023-08-03 12:05:32	23	1	1	0
      260	2023-08-03 12:06:00	23	0	1	0
      260	2023-08-03 12:06:01	23	0	1	0
      205	2023-08-03 12:07:43	23	1	1	0
      205	2023-08-03 12:09:19	23	0	1	0
      279	2023-08-03 12:09:49	23	0	1	0
      191	2023-08-03 12:10:11	23	1	1	0
      224	2023-08-03 12:10:41	23	1	1	0
      680	2023-08-03 12:14:19	23	1	1	0
      680	2023-08-03 12:14:26	23	0	1	0
      343	2023-08-03 12:14:44	23	1	1	0
      403	2023-08-03 12:15:33	23	0	1	0
      191	2023-08-03 12:16:42	23	0	1	0
      330	2023-08-03 12:18:43	23	1	1	0
      343	2023-08-03 12:21:12	23	0	1	0
     2444	2023-08-03 12:22:06	23	1	1	0
     2089	2023-08-03 12:22:58	23	1	1	0
     2089	2023-08-03 12:22:59	23	1	1	0
      223	2023-08-03 12:23:39	23	0	1	0
      845	2023-08-03 12:23:58	23	0	1	0
      105	2023-08-03 12:30:18	23	0	1	0
     2089	2023-08-03 12:35:19	23	0	1	0
     2089	2023-08-03 12:35:21	23	0	1	0
     1655	2023-08-03 12:37:44	23	0	1	0
     2444	2023-08-03 12:38:06	23	0	1	0
      224	2023-08-03 12:38:30	23	0	1	0
     2100	2023-08-03 12:39:54	23	1	1	0
     2100	2023-08-03 12:41:12	23	0	1	0
      330	2023-08-03 12:44:36	23	0	1	0
     1634	2023-08-03 12:51:43	23	0	1	0
     1634	2023-08-03 12:51:49	23	0	1	0
      223	2023-08-03 17:00:05	23	1	1	0
     1634	2023-08-03 17:00:09	23	1	1	0
     1634	2023-08-03 17:00:12	23	1	1	0
      224	2023-08-03 17:00:14	23	1	1	0
      260	2023-08-03 17:00:19	23	1	1	0
      260	2023-08-03 17:00:21	23	1	1	0
     2089	2023-08-03 17:00:24	23	1	1	0
     2089	2023-08-03 17:00:26	23	1	1	0
     2100	2023-08-03 17:00:31	23	1	1	0
      403	2023-08-03 17:00:46	23	1	1	0
      279	2023-08-03 17:00:55	23	1	1	0
      105	2023-08-03 17:01:04	23	1	1	0
      845	2023-08-03 17:01:15	23	1	1	0
     1655	2023-08-03 17:01:50	23	1	1	0
     1655	2023-08-03 17:01:52	23	1	1	0
      205	2023-08-03 17:02:06	23	1	1	0
      343	2023-08-03 17:03:36	23	1	1	0
      343	2023-08-03 17:03:44	23	1	1	0
      191	2023-08-03 17:04:04	23	1	1	0
      330	2023-08-03 17:08:00	23	1	1	0
      191	2023-08-03 17:11:02	23	1	1	0
     2444	2023-08-03 17:25:17	23	0	1	0
     2444	2023-08-03 17:25:22	23	1	1	0
      260	2023-08-04 07:31:17	23	0	1	0
      260	2023-08-04 07:31:19	23	0	1	0
      191	2023-08-04 07:32:15	23	0	1	0
      223	2023-08-04 07:42:22	23	0	1	0
     1655	2023-08-04 07:47:54	23	0	1	0
     1634	2023-08-04 07:48:03	23	0	1	0
     1634	2023-08-04 07:48:05	23	0	1	0
     2089	2023-08-04 07:51:14	23	0	1	0
     2089	2023-08-04 07:51:16	23	0	1	0
      224	2023-08-04 07:52:38	23	0	1	0
      224	2023-08-04 07:52:40	23	0	1	0
      205	2023-08-04 07:54:57	23	0	1	0
      279	2023-08-04 07:55:06	23	1	1	0
      279	2023-08-04 07:55:14	23	0	1	0
      105	2023-08-04 07:55:24	23	0	1	0
      105	2023-08-04 07:55:43	23	0	1	0
      343	2023-08-04 07:56:05	23	0	1	0
      343	2023-08-04 07:56:07	23	0	1	0
      845	2023-08-04 07:58:31	23	0	1	0
     2444	2023-08-04 08:00:23	23	0	1	0
      330	2023-08-04 08:01:20	23	0	1	0
     1634	2023-08-04 12:00:05	23	1	1	0
      223	2023-08-04 12:00:09	23	1	1	0
      343	2023-08-04 12:00:32	23	1	1	0
      105	2023-08-04 12:00:54	23	1	1	0
      845	2023-08-04 12:01:44	23	1	1	0
     2444	2023-08-04 12:01:49	23	1	1	0
      224	2023-08-04 12:02:16	23	1	1	0
     2089	2023-08-04 12:02:56	23	1	1	0
     2089	2023-08-04 12:02:57	23	1	1	0
     1655	2023-08-04 12:03:35	23	1	1	0
     1655	2023-08-04 12:03:36	23	1	1	0
      205	2023-08-04 12:05:45	23	1	1	0
      279	2023-08-04 12:09:49	23	1	1	0
      279	2023-08-04 12:10:06	23	0	1	0
     1655	2023-08-04 12:10:16	23	0	1	0
      224	2023-08-04 12:10:23	23	0	1	0
      330	2023-08-04 12:10:41	23	1	1	0
     2089	2023-08-04 12:13:26	23	0	1	0
     2089	2023-08-04 12:13:28	23	0	1	0
      845	2023-08-04 12:13:39	23	0	1	0
      205	2023-08-04 12:15:42	23	0	1	0
      343	2023-08-04 12:19:35	23	0	1	0
      191	2023-08-04 12:20:27	23	1	1	0
      260	2023-08-04 12:22:03	23	1	1	0
      260	2023-08-04 12:22:04	23	1	1	0
      191	2023-08-04 12:23:27	23	0	1	0
      260	2023-08-04 12:25:48	23	0	1	0
      260	2023-08-04 12:25:49	23	0	1	0
      223	2023-08-04 12:26:03	23	0	1	0
      105	2023-08-04 12:35:39	23	0	1	0
      330	2023-08-04 12:45:01	23	0	1	0
     2444	2023-08-04 12:45:33	23	0	1	0
     1634	2023-08-04 12:52:20	23	0	1	0
     1634	2023-08-04 12:52:35	23	0	1	0
      223	2023-08-04 17:00:04	23	1	1	0
     1634	2023-08-04 17:00:13	23	1	1	0
     1634	2023-08-04 17:00:15	23	1	1	0
     2089	2023-08-04 17:00:21	23	1	1	0
     2089	2023-08-04 17:00:23	23	1	1	0
      224	2023-08-04 17:00:26	23	1	1	0
      260	2023-08-04 17:00:30	23	1	1	0
      260	2023-08-04 17:00:32	23	1	1	0
     1655	2023-08-04 17:01:14	23	1	1	0
     1655	2023-08-04 17:01:16	23	1	1	0
      343	2023-08-04 17:01:23	23	1	1	0
      343	2023-08-04 17:01:26	23	1	1	0
      279	2023-08-04 17:01:32	23	1	1	0
      105	2023-08-04 17:01:41	23	1	1	0
      845	2023-08-04 17:01:49	23	1	1	0
     2444	2023-08-04 17:02:30	23	1	1	0
      205	2023-08-04 17:03:00	23	1	1	0
      330	2023-08-04 17:04:01	23	1	1	0
      191	2023-08-04 17:04:31	23	1	1	0
     2444	2023-08-04 17:18:19	23	1	1	0
      191	2023-08-07 07:16:14	23	0	1	0
      330	2023-08-07 07:21:11	23	0	1	0
      403	2023-08-07 07:39:46	23	0	1	0
      279	2023-08-07 07:41:01	23	0	1	0
     2100	2023-08-07 07:41:40	23	0	1	0
      224	2023-08-07 07:43:18	23	0	1	0
      224	2023-08-07 07:43:35	23	0	1	0
      205	2023-08-07 07:47:27	23	0	1	0
      680	2023-08-07 07:48:27	23	0	1	0
      260	2023-08-07 07:49:35	23	0	1	0
      260	2023-08-07 07:49:38	23	0	1	0
     1655	2023-08-07 07:50:25	23	0	1	0
      845	2023-08-07 07:51:24	23	0	1	0
      223	2023-08-07 07:52:15	23	0	1	0
      105	2023-08-07 07:52:49	23	0	1	0
     1634	2023-08-07 07:55:03	23	0	1	0
     1634	2023-08-07 07:55:04	23	0	1	0
      343	2023-08-07 07:56:08	23	0	1	0
     2089	2023-08-07 07:56:13	23	0	1	0
     2089	2023-08-07 07:56:15	23	0	1	0
     2444	2023-08-07 08:02:05	23	0	1	0
      802	2023-08-07 08:04:22	23	0	1	0
     1634	2023-08-07 12:00:02	23	1	1	0
      260	2023-08-07 12:00:06	23	1	1	0
      260	2023-08-07 12:00:08	23	1	1	0
     1655	2023-08-07 12:00:17	23	1	1	0
      205	2023-08-07 12:00:24	23	1	1	0
      845	2023-08-07 12:00:37	23	1	1	0
      403	2023-08-07 12:00:46	23	1	1	0
      223	2023-08-07 12:00:51	23	1	1	0
      191	2023-08-07 12:01:01	23	1	1	0
      224	2023-08-07 12:01:13	23	1	1	0
      279	2023-08-07 12:01:21	23	1	1	0
      105	2023-08-07 12:01:29	23	1	1	0
      260	2023-08-07 12:03:02	23	0	1	0
      260	2023-08-07 12:03:04	23	0	1	0
      343	2023-08-07 12:04:14	23	1	1	0
      330	2023-08-07 12:05:24	23	1	1	0
      403	2023-08-07 12:06:03	23	0	1	0
      802	2023-08-07 12:08:58	23	0	1	0
      802	2023-08-07 12:09:03	23	1	1	0
      224	2023-08-07 12:10:03	23	0	1	0
     2089	2023-08-07 12:10:34	23	1	1	0
     2089	2023-08-07 12:10:35	23	1	1	0
      845	2023-08-07 12:11:45	23	0	1	0
      105	2023-08-07 12:11:58	23	0	1	0
     2089	2023-08-07 12:12:14	23	0	1	0
     2089	2023-08-07 12:12:16	23	0	1	0
      191	2023-08-07 12:13:51	23	0	1	0
      279	2023-08-07 12:14:19	23	0	1	0
      802	2023-08-07 12:15:02	23	0	1	0
      330	2023-08-07 12:23:18	23	0	1	0
      343	2023-08-07 12:25:43	23	0	1	0
      343	2023-08-07 12:25:45	23	0	1	0
      205	2023-08-07 12:31:57	23	0	1	0
     1655	2023-08-07 12:32:12	23	0	1	0
      223	2023-08-07 12:32:48	23	0	1	0
     2100	2023-08-07 12:38:40	23	1	1	0
     2444	2023-08-07 12:40:53	23	1	1	0
     2444	2023-08-07 12:42:03	23	1	1	0
     2444	2023-08-07 12:42:09	23	0	1	0
     2100	2023-08-07 12:42:22	23	0	1	0
     1634	2023-08-07 12:55:29	23	0	1	0
     1634	2023-08-07 12:55:48	23	0	1	0
      223	2023-08-07 17:00:31	23	1	1	0
     1634	2023-08-07 17:00:37	23	1	1	0
     1634	2023-08-07 17:00:39	23	1	1	0
      260	2023-08-07 17:00:41	23	1	1	0
      260	2023-08-07 17:00:44	23	1	1	0
     2100	2023-08-07 17:00:52	23	1	1	0
     2100	2023-08-07 17:00:54	23	1	1	0
      403	2023-08-07 17:01:36	23	1	1	0
      279	2023-08-07 17:01:40	23	1	1	0
      105	2023-08-07 17:01:58	23	1	1	0
      224	2023-08-07 17:02:03	23	1	1	0
     2089	2023-08-07 17:02:10	23	1	1	0
     2089	2023-08-07 17:02:12	23	1	1	0
      845	2023-08-07 17:02:18	23	1	1	0
     1655	2023-08-07 17:02:28	23	1	1	0
     1655	2023-08-07 17:02:29	23	1	1	0
      343	2023-08-07 17:03:10	23	1	1	0
      343	2023-08-07 17:03:15	23	1	1	0
      191	2023-08-07 17:03:25	23	1	1	0
      802	2023-08-07 17:04:31	23	1	1	0
      330	2023-08-07 17:06:32	23	1	1	0
      680	2023-08-07 17:19:45	23	1	1	0
     2444	2023-08-07 17:25:02	23	1	1	0
      205	2023-08-07 17:25:58	23	1	1	0
      260	2023-08-08 06:18:59	23	0	1	0
      260	2023-08-08 06:19:01	23	0	1	0
      205	2023-08-08 07:26:32	23	0	1	0
      191	2023-08-08 07:28:25	23	0	1	0
      403	2023-08-08 07:40:36	23	0	1	0
      279	2023-08-08 07:40:42	23	0	1	0
      105	2023-08-08 07:42:17	23	0	1	0
     2100	2023-08-08 07:47:17	23	0	1	0
     2089	2023-08-08 07:52:50	23	0	1	0
     2089	2023-08-08 07:52:51	23	0	1	0
     1655	2023-08-08 07:55:23	23	0	1	0
      224	2023-08-08 07:55:28	23	0	1	0
      224	2023-08-08 07:55:30	23	0	1	0
      223	2023-08-08 07:55:47	23	0	1	0
     1634	2023-08-08 07:55:57	23	0	1	0
     1634	2023-08-08 07:55:59	23	0	1	0
     2444	2023-08-08 07:56:14	23	0	1	0
      343	2023-08-08 07:57:07	23	0	1	0
      343	2023-08-08 07:57:13	23	0	1	0
      802	2023-08-08 07:57:48	23	0	1	0
      845	2023-08-08 07:58:34	23	0	1	0
      330	2023-08-08 08:00:03	23	0	1	0
      330	2023-08-08 08:00:17	23	0	1	0
      680	2023-08-08 08:03:57	23	0	1	0
     1634	2023-08-08 12:00:11	23	1	1	0
      223	2023-08-08 12:00:30	23	1	1	0
     2089	2023-08-08 12:00:39	23	1	1	0
     2089	2023-08-08 12:00:41	23	1	1	0
      279	2023-08-08 12:01:29	23	1	1	0
      205	2023-08-08 12:01:50	23	1	1	0
      343	2023-08-08 12:02:07	23	1	1	0
      205	2023-08-08 12:03:03	23	0	1	0
      403	2023-08-08 12:03:31	23	1	1	0
      845	2023-08-08 12:05:02	23	1	1	0
      224	2023-08-08 12:05:10	23	1	1	0
      191	2023-08-08 12:05:37	23	1	1	0
      105	2023-08-08 12:05:59	23	1	1	0
      330	2023-08-08 12:07:51	23	1	1	0
      343	2023-08-08 12:10:44	23	0	1	0
      224	2023-08-08 12:12:04	23	0	1	0
      802	2023-08-08 12:14:02	23	1	1	0
      223	2023-08-08 12:15:04	23	0	1	0
      403	2023-08-08 12:15:29	23	0	1	0
     1655	2023-08-08 12:16:34	23	1	1	0
     1655	2023-08-08 12:17:04	23	1	1	0
     1655	2023-08-08 12:18:09	23	0	1	0
     2089	2023-08-08 12:23:26	23	0	1	0
     2089	2023-08-08 12:23:28	23	0	1	0
      279	2023-08-08 12:24:18	23	0	1	0
      330	2023-08-08 12:24:42	23	0	1	0
      845	2023-08-08 12:25:33	23	0	1	0
     2444	2023-08-08 12:27:14	23	1	1	0
     2100	2023-08-08 12:27:50	23	1	1	0
      191	2023-08-08 12:28:19	23	0	1	0
     2100	2023-08-08 12:31:44	23	0	1	0
      105	2023-08-08 12:34:37	23	0	1	0
     1634	2023-08-08 12:48:37	23	0	1	0
     2444	2023-08-08 12:49:48	23	0	1	0
      802	2023-08-08 12:57:25	23	0	1	0
      223	2023-08-08 17:00:05	23	1	1	0
     1634	2023-08-08 17:00:08	23	1	1	0
     1634	2023-08-08 17:00:09	23	1	1	0
     2100	2023-08-08 17:00:16	23	1	1	0
     2089	2023-08-08 17:00:35	23	1	1	0
     2089	2023-08-08 17:00:36	23	1	1	0
      105	2023-08-08 17:00:58	23	1	1	0
      845	2023-08-08 17:01:07	23	1	1	0
      403	2023-08-08 17:01:35	23	1	1	0
      279	2023-08-08 17:01:50	23	1	1	0
      224	2023-08-08 17:02:03	23	1	1	0
     1655	2023-08-08 17:02:13	23	1	1	0
     1655	2023-08-08 17:02:15	23	1	1	0
      224	2023-08-08 17:02:19	23	1	1	0
      403	2023-08-08 17:02:28	23	1	1	0
     2444	2023-08-08 17:02:43	23	1	1	0
      191	2023-08-08 17:04:09	23	1	1	0
      343	2023-08-08 17:04:56	23	1	1	0
      343	2023-08-08 17:04:58	23	1	1	0
      205	2023-08-08 17:05:13	23	1	1	0
      802	2023-08-08 17:06:28	23	1	1	0
      330	2023-08-08 17:08:24	23	1	1	0
      191	2023-08-08 17:15:23	23	1	1	0
     2444	2023-08-08 17:24:31	23	1	1	0
      680	2023-08-08 18:25:43	23	1	1	0
      260	2023-08-08 18:25:48	23	1	1	0
      260	2023-08-08 18:25:50	23	1	1	0
      191	2023-08-09 07:32:17	23	0	1	0
      403	2023-08-09 07:44:13	23	0	1	0
      403	2023-08-09 07:44:17	23	0	1	0
      205	2023-08-09 07:45:52	23	0	1	0
      223	2023-08-09 07:46:37	23	0	1	0
     1655	2023-08-09 07:52:11	23	0	1	0
      105	2023-08-09 07:52:18	23	0	1	0
      279	2023-08-09 07:52:26	23	1	1	0
      279	2023-08-09 07:52:31	23	0	1	0
      224	2023-08-09 07:53:15	23	0	1	0
      224	2023-08-09 07:53:29	23	0	1	0
      343	2023-08-09 07:55:13	23	0	1	0
     1634	2023-08-09 07:55:19	23	0	1	0
     1634	2023-08-09 07:55:20	23	0	1	0
      343	2023-08-09 07:55:31	23	0	1	0
      845	2023-08-09 07:56:35	23	0	1	0
      845	2023-08-09 07:56:38	23	0	1	0
     2089	2023-08-09 07:57:07	23	0	1	0
     2089	2023-08-09 07:57:09	23	0	1	0
      330	2023-08-09 07:57:58	23	0	1	0
      330	2023-08-09 07:58:01	23	0	1	0
     2100	2023-08-09 07:58:13	23	0	1	0
     2444	2023-08-09 07:58:22	23	0	1	0
      802	2023-08-09 08:04:51	23	0	1	0
      680	2023-08-09 08:12:42	23	0	1	0
      260	2023-08-09 08:13:08	23	0	1	0
      260	2023-08-09 08:13:10	23	0	1	0
     1634	2023-08-09 12:00:48	23	1	1	0
      223	2023-08-09 12:00:58	23	1	1	0
      403	2023-08-09 12:01:04	23	1	1	0
      343	2023-08-09 12:01:10	23	1	1	0
      224	2023-08-09 12:01:33	23	1	1	0
      205	2023-08-09 12:01:39	23	1	1	0
     1655	2023-08-09 12:02:31	23	1	1	0
      205	2023-08-09 12:03:19	23	0	1	0
      845	2023-08-09 12:03:30	23	1	1	0
      105	2023-08-09 12:04:14	23	1	1	0
     2100	2023-08-09 12:06:14	23	1	1	0
     2089	2023-08-09 12:06:22	23	1	1	0
     2089	2023-08-09 12:06:24	23	1	1	0
      802	2023-08-09 12:06:30	23	1	1	0
      279	2023-08-09 12:08:03	23	1	1	0
      330	2023-08-09 12:08:38	23	1	1	0
      802	2023-08-09 12:08:51	23	0	1	0
     2100	2023-08-09 12:11:23	23	0	1	0
     2089	2023-08-09 12:12:13	23	0	1	0
     2089	2023-08-09 12:12:15	23	0	1	0
     1655	2023-08-09 12:12:30	23	0	1	0
      343	2023-08-09 12:19:25	23	0	1	0
      223	2023-08-09 12:20:07	23	0	1	0
      403	2023-08-09 12:20:22	23	0	1	0
      224	2023-08-09 12:25:03	23	0	1	0
      845	2023-08-09 12:31:52	23	0	1	0
      105	2023-08-09 12:34:55	23	0	1	0
      330	2023-08-09 12:35:50	23	0	1	0
      191	2023-08-09 12:42:13	23	1	1	0
     2444	2023-08-09 12:43:13	23	1	1	0
      191	2023-08-09 12:44:30	23	0	1	0
      279	2023-08-09 12:44:53	23	0	1	0
     1634	2023-08-09 12:47:59	23	0	1	0
     2444	2023-08-09 12:53:27	23	0	1	0
      223	2023-08-09 17:00:04	23	1	1	0
     1634	2023-08-09 17:00:09	23	1	1	0
     1634	2023-08-09 17:00:11	23	1	1	0
     2089	2023-08-09 17:00:16	23	1	1	0
     2089	2023-08-09 17:00:18	23	1	1	0
     2100	2023-08-09 17:00:26	23	1	1	0
      403	2023-08-09 17:00:51	23	1	1	0
      224	2023-08-09 17:01:00	23	1	1	0
      279	2023-08-09 17:01:07	23	1	1	0
      845	2023-08-09 17:01:17	23	1	1	0
      105	2023-08-09 17:01:25	23	1	1	0
      191	2023-08-09 17:01:52	23	1	1	0
      343	2023-08-09 17:02:35	23	1	1	0
      343	2023-08-09 17:02:43	23	1	1	0
     1655	2023-08-09 17:03:06	23	1	1	0
      205	2023-08-09 17:03:13	23	1	1	0
      260	2023-08-09 17:03:24	23	1	1	0
      260	2023-08-09 17:03:25	23	1	1	0
     2444	2023-08-09 17:04:16	23	1	1	0
      802	2023-08-09 17:05:22	23	1	1	0
      330	2023-08-09 17:13:36	23	1	1	0
      680	2023-08-09 17:15:34	23	1	1	0
      105	2023-08-10 07:36:36	23	0	1	0
      223	2023-08-10 07:37:53	23	0	1	0
      191	2023-08-10 07:45:00	23	0	1	0
      224	2023-08-10 07:48:18	23	0	1	0
      224	2023-08-10 07:48:37	23	0	1	0
      205	2023-08-10 07:50:39	23	0	1	0
     2100	2023-08-10 07:52:07	23	0	1	0
      845	2023-08-10 07:52:53	23	0	1	0
     1634	2023-08-10 07:53:20	23	0	1	0
     1634	2023-08-10 07:53:22	23	0	1	0
     2444	2023-08-10 07:53:41	23	0	1	0
      343	2023-08-10 07:57:10	23	0	1	0
      330	2023-08-10 07:57:53	23	0	1	0
      279	2023-08-10 07:57:59	23	0	1	0
      403	2023-08-10 07:58:52	23	0	1	0
      802	2023-08-10 07:59:20	23	0	1	0
     1655	2023-08-10 08:04:28	23	0	1	0
      680	2023-08-10 08:10:18	23	0	1	0
      260	2023-08-10 08:11:06	23	0	1	0
      260	2023-08-10 08:11:08	23	0	1	0
     1634	2023-08-10 12:00:02	23	1	1	0
      205	2023-08-10 12:00:12	23	1	1	0
      260	2023-08-10 12:00:15	23	1	1	0
      260	2023-08-10 12:00:18	23	1	1	0
      343	2023-08-10 12:01:10	23	1	1	0
      223	2023-08-10 12:01:15	23	1	1	0
      105	2023-08-10 12:01:30	23	1	1	0
     2444	2023-08-10 12:01:37	23	1	1	0
      845	2023-08-10 12:03:46	23	1	1	0
      343	2023-08-10 12:04:02	23	0	1	0
      205	2023-08-10 12:04:10	23	0	1	0
      223	2023-08-10 12:04:31	23	0	1	0
      224	2023-08-10 12:04:40	23	1	1	0
      279	2023-08-10 12:04:53	23	1	1	0
     1655	2023-08-10 12:05:23	23	1	1	0
      680	2023-08-10 12:05:38	23	1	1	0
      191	2023-08-10 12:06:25	23	1	1	0
      260	2023-08-10 12:06:38	23	0	1	0
      260	2023-08-10 12:06:40	23	0	1	0
      680	2023-08-10 12:07:26	23	0	1	0
      279	2023-08-10 12:08:11	23	0	1	0
      191	2023-08-10 12:08:20	23	0	1	0
      403	2023-08-10 12:08:28	23	1	1	0
      330	2023-08-10 12:08:34	23	1	1	0
      802	2023-08-10 12:14:55	23	1	1	0
      403	2023-08-10 12:17:40	23	0	1	0
      802	2023-08-10 12:17:47	23	0	1	0
     1655	2023-08-10 12:21:41	23	0	1	0
     2444	2023-08-10 12:25:33	23	0	1	0
      330	2023-08-10 12:26:59	23	0	1	0
      845	2023-08-10 12:29:18	23	0	1	0
      105	2023-08-10 12:30:44	23	0	1	0
      224	2023-08-10 12:37:18	23	0	1	0
     2100	2023-08-10 12:42:14	23	1	1	0
     1634	2023-08-10 12:52:56	23	0	1	0
     2100	2023-08-10 12:53:41	23	0	1	0
     1634	2023-08-10 12:53:49	23	0	1	0
      223	2023-08-10 17:00:04	23	1	1	0
     1634	2023-08-10 17:00:07	23	1	1	0
     1634	2023-08-10 17:00:09	23	1	1	0
      224	2023-08-10 17:00:26	23	1	1	0
      105	2023-08-10 17:00:42	23	1	1	0
      403	2023-08-10 17:00:47	23	1	1	0
      343	2023-08-10 17:00:53	23	1	1	0
      279	2023-08-10 17:01:00	23	1	1	0
     2100	2023-08-10 17:01:07	23	1	1	0
     2100	2023-08-10 17:01:14	23	1	1	0
      845	2023-08-10 17:01:20	23	1	1	0
      260	2023-08-10 17:01:40	23	1	1	0
      260	2023-08-10 17:01:41	23	1	1	0
      343	2023-08-10 17:02:19	23	1	1	0
      802	2023-08-10 17:02:38	23	1	1	0
     2444	2023-08-10 17:03:01	23	1	1	0
      191	2023-08-10 17:03:34	23	1	1	0
      191	2023-08-10 17:04:10	23	1	1	0
      205	2023-08-10 17:05:47	23	1	1	0
      680	2023-08-10 17:10:12	23	1	1	0
     1655	2023-08-10 17:11:32	23	1	1	0
     1655	2023-08-10 17:11:34	23	1	1	0
      330	2023-08-10 17:11:42	23	1	1	0
      330	2023-08-10 17:11:44	23	1	1	0
     2444	2023-08-10 17:12:09	23	1	1	0
      223	2023-08-11 07:05:52	23	0	1	0
      191	2023-08-11 07:24:38	23	0	1	0
      403	2023-08-11 07:42:50	23	0	1	0
      205	2023-08-11 07:43:19	23	0	1	0
      680	2023-08-11 07:51:58	23	0	1	0
      260	2023-08-11 07:52:25	23	0	1	0
     2089	2023-08-11 07:53:25	23	0	1	0
     2089	2023-08-11 07:53:27	23	0	1	0
      105	2023-08-11 07:53:35	23	1	1	0
      105	2023-08-11 07:54:11	23	0	1	0
      845	2023-08-11 07:54:20	23	0	1	0
      845	2023-08-11 07:54:38	23	0	1	0
     2100	2023-08-11 07:55:08	23	0	1	0
     2100	2023-08-11 07:55:10	23	0	1	0
     1634	2023-08-11 07:55:33	23	0	1	0
     1634	2023-08-11 07:55:35	23	0	1	0
      224	2023-08-11 07:57:15	23	0	1	0
      343	2023-08-11 07:57:24	23	0	1	0
      343	2023-08-11 07:57:27	23	0	1	0
      224	2023-08-11 07:57:32	23	0	1	0
      330	2023-08-11 07:59:00	23	0	1	0
      330	2023-08-11 07:59:02	23	0	1	0
     2444	2023-08-11 08:00:35	23	0	1	0
      279	2023-08-11 08:04:03	23	0	1	0
      802	2023-08-11 08:05:59	23	0	1	0
      279	2023-08-11 12:00:04	23	1	1	0
     1634	2023-08-11 12:00:14	23	1	1	0
      223	2023-08-11 12:00:47	23	1	1	0
      260	2023-08-11 12:01:05	23	1	1	0
      260	2023-08-11 12:01:07	23	1	1	0
      403	2023-08-11 12:01:12	23	1	1	0
      845	2023-08-11 12:01:33	23	1	1	0
      105	2023-08-11 12:02:01	23	1	1	0
      205	2023-08-11 12:02:17	23	1	1	0
     1634	2023-08-11 12:04:08	23	0	1	0
     2089	2023-08-11 12:05:57	23	1	1	0
     2089	2023-08-11 12:05:58	23	1	1	0
      802	2023-08-11 12:07:11	23	1	1	0
      343	2023-08-11 12:08:43	23	1	1	0
     2444	2023-08-11 12:08:54	23	1	1	0
      279	2023-08-11 12:09:01	23	0	1	0
     2100	2023-08-11 12:09:26	23	1	1	0
      224	2023-08-11 12:09:44	23	1	1	0
      260	2023-08-11 12:10:03	23	0	1	0
      260	2023-08-11 12:10:05	23	0	1	0
      205	2023-08-11 12:10:39	23	1	1	0
      191	2023-08-11 12:11:07	23	1	1	0
      191	2023-08-11 12:11:15	23	1	1	0
      330	2023-08-11 12:14:32	23	1	1	0
      680	2023-08-11 12:15:46	23	1	1	0
      680	2023-08-11 12:17:22	23	0	1	0
      205	2023-08-11 12:28:16	23	0	1	0
      403	2023-08-11 12:28:25	23	0	1	0
      845	2023-08-11 12:31:14	23	0	1	0
      802	2023-08-11 12:32:30	23	0	1	0
     2089	2023-08-11 12:32:44	23	0	1	0
     2089	2023-08-11 12:32:45	23	0	1	0
     2444	2023-08-11 12:34:05	23	0	1	0
     2100	2023-08-11 12:34:17	23	0	1	0
      191	2023-08-11 12:35:10	23	0	1	0
      105	2023-08-11 12:36:34	23	0	1	0
      223	2023-08-11 12:41:17	23	0	1	0
      330	2023-08-11 12:45:44	23	0	1	0
      343	2023-08-11 12:46:40	23	0	1	0
      224	2023-08-11 12:52:09	23	0	1	0
      223	2023-08-11 17:00:04	23	1	1	0
     1634	2023-08-11 17:00:06	23	1	1	0
     1634	2023-08-11 17:00:08	23	1	1	0
      205	2023-08-11 17:00:10	23	1	1	0
     2100	2023-08-11 17:00:15	23	1	1	0
     2089	2023-08-11 17:00:20	23	1	1	0
     2089	2023-08-11 17:00:25	23	1	1	0
      191	2023-08-11 17:00:29	23	1	1	0
      224	2023-08-11 17:00:37	23	1	1	0
      224	2023-08-11 17:00:39	23	1	1	0
      403	2023-08-11 17:00:45	23	1	1	0
      105	2023-08-11 17:00:53	23	1	1	0
     2444	2023-08-11 17:00:58	23	1	1	0
      260	2023-08-11 17:01:06	23	1	1	0
      260	2023-08-11 17:01:07	23	1	1	0
      845	2023-08-11 17:01:49	23	1	1	0
      279	2023-08-11 17:01:54	23	1	1	0
      343	2023-08-11 17:02:16	23	1	1	0
      343	2023-08-11 17:02:17	23	1	1	0
      802	2023-08-11 17:02:22	23	1	1	0
     2444	2023-08-11 17:05:20	23	1	1	0
      330	2023-08-11 17:06:49	23	1	1	0
      680	2023-08-11 17:17:12	23	1	1	0
      680	2023-08-11 17:20:25	23	1	1	0
      223	2023-08-14 07:11:13	23	0	1	0
      191	2023-08-14 07:21:56	23	0	1	0
     2089	2023-08-14 07:35:48	23	0	1	0
     2089	2023-08-14 07:35:50	23	0	1	0
     1634	2023-08-14 07:37:08	23	0	1	0
     1634	2023-08-14 07:37:10	23	0	1	0
      224	2023-08-14 07:37:23	23	0	1	0
      224	2023-08-14 07:37:25	23	0	1	0
      403	2023-08-14 07:40:46	23	0	1	0
      205	2023-08-14 07:42:41	23	0	1	0
     1634	2023-08-14 07:48:16	23	0	1	0
      330	2023-08-14 07:50:59	23	0	1	0
      330	2023-08-14 07:51:01	23	0	1	0
     2444	2023-08-14 07:53:01	23	0	1	0
      845	2023-08-14 07:54:36	23	0	1	0
     2100	2023-08-14 07:56:09	23	0	1	0
     2100	2023-08-14 07:56:11	23	0	1	0
      680	2023-08-14 07:57:16	23	0	1	0
      260	2023-08-14 07:57:53	23	0	1	0
      260	2023-08-14 07:57:55	23	0	1	0
      343	2023-08-14 08:00:04	23	0	1	0
      343	2023-08-14 08:00:07	23	0	1	0
     1655	2023-08-14 08:04:23	23	0	1	0
      279	2023-08-14 08:04:43	23	0	1	0
      802	2023-08-14 08:21:17	23	0	1	0
      205	2023-08-14 12:00:18	23	1	1	0
     1634	2023-08-14 12:00:21	23	1	1	0
     2444	2023-08-14 12:00:27	23	1	1	0
      205	2023-08-14 12:01:09	23	0	1	0
      224	2023-08-14 12:01:17	23	1	1	0
      279	2023-08-14 12:01:54	23	1	1	0
     2100	2023-08-14 12:02:40	23	1	1	0
      845	2023-08-14 12:03:36	23	1	1	0
     2089	2023-08-14 12:05:08	23	1	1	0
     2089	2023-08-14 12:05:10	23	1	1	0
      223	2023-08-14 12:10:35	23	1	1	0
      191	2023-08-14 12:12:59	23	1	1	0
      343	2023-08-14 12:13:20	23	1	1	0
     1655	2023-08-14 12:14:07	23	1	1	0
      279	2023-08-14 12:14:34	23	0	1	0
      403	2023-08-14 12:15:06	23	1	1	0
      224	2023-08-14 12:15:53	23	0	1	0
      224	2023-08-14 12:19:06	23	0	1	0
      191	2023-08-14 12:19:49	23	0	1	0
     2100	2023-08-14 12:21:41	23	0	1	0
      403	2023-08-14 12:22:30	23	0	1	0
      343	2023-08-14 12:24:30	23	0	1	0
      343	2023-08-14 12:24:33	23	0	1	0
      845	2023-08-14 12:25:07	23	0	1	0
      330	2023-08-14 12:26:11	23	1	1	0
      330	2023-08-14 12:31:36	23	0	1	0
     2089	2023-08-14 12:32:30	23	0	1	0
     2089	2023-08-14 12:32:32	23	0	1	0
     1655	2023-08-14 12:32:53	23	0	1	0
      223	2023-08-14 12:33:53	23	0	1	0
     2444	2023-08-14 12:37:21	23	0	1	0
     1634	2023-08-14 12:52:46	23	0	1	0
     1634	2023-08-14 12:53:07	23	0	1	0
      223	2023-08-14 17:00:04	23	1	1	0
     1634	2023-08-14 17:00:07	23	1	1	0
     1634	2023-08-14 17:00:08	23	1	1	0
      260	2023-08-14 17:00:14	23	1	1	0
      260	2023-08-14 17:00:16	23	1	1	0
     2089	2023-08-14 17:00:24	23	1	1	0
     2089	2023-08-14 17:00:26	23	1	1	0
     2100	2023-08-14 17:00:31	23	1	1	0
     2100	2023-08-14 17:00:33	23	1	1	0
     1655	2023-08-14 17:00:42	23	1	1	0
     1655	2023-08-14 17:00:46	23	1	1	0
      845	2023-08-14 17:00:53	23	1	1	0
      403	2023-08-14 17:01:09	23	1	1	0
      279	2023-08-14 17:01:17	23	1	1	0
      224	2023-08-14 17:02:29	23	1	1	0
      205	2023-08-14 17:02:43	23	1	1	0
      330	2023-08-14 17:03:59	23	1	1	0
      802	2023-08-14 17:04:08	23	1	1	0
      343	2023-08-14 17:04:26	23	1	1	0
      343	2023-08-14 17:04:30	23	1	1	0
      191	2023-08-14 17:09:16	23	1	1	0
     2444	2023-08-14 17:24:20	23	1	1	0
      680	2023-08-14 18:28:43	23	1	1	0
      260	2023-08-15 06:57:56	23	0	1	0
      260	2023-08-15 06:57:57	23	0	1	0
      191	2023-08-15 07:28:01	23	0	1	0
     1634	2023-08-15 07:32:04	23	0	1	0
     1634	2023-08-15 07:32:06	23	0	1	0
      403	2023-08-15 07:36:40	23	0	1	0
      223	2023-08-15 07:38:29	23	0	1	0
      224	2023-08-15 07:40:13	23	0	1	0
      205	2023-08-15 07:40:19	23	0	1	0
     2089	2023-08-15 07:45:32	23	0	1	0
     2089	2023-08-15 07:45:34	23	0	1	0
     2100	2023-08-15 07:49:31	23	0	1	0
     2100	2023-08-15 07:49:33	23	0	1	0
      330	2023-08-15 07:51:37	23	0	1	0
      279	2023-08-15 07:52:54	23	0	1	0
      845	2023-08-15 07:54:26	23	0	1	0
      845	2023-08-15 07:54:28	23	0	1	0
      802	2023-08-15 07:55:22	23	0	1	0
      343	2023-08-15 07:57:41	23	0	1	0
      343	2023-08-15 07:57:43	23	0	1	0
     2444	2023-08-15 07:58:45	23	0	1	0
      105	2023-08-15 08:01:07	23	0	1	0
     1655	2023-08-15 08:06:13	23	0	1	0
     1634	2023-08-15 12:00:04	23	1	1	0
      223	2023-08-15 12:00:07	23	1	1	0
      279	2023-08-15 12:00:17	23	1	1	0
      403	2023-08-15 12:00:31	23	1	1	0
      260	2023-08-15 12:01:52	23	1	1	0
      260	2023-08-15 12:01:55	23	1	1	0
      224	2023-08-15 12:02:06	23	1	1	0
      343	2023-08-15 12:02:13	23	1	1	0
     2089	2023-08-15 12:02:44	23	1	1	0
     2089	2023-08-15 12:02:45	23	1	1	0
     2444	2023-08-15 12:03:37	23	1	1	0
      205	2023-08-15 12:04:37	23	1	1	0
      191	2023-08-15 12:04:50	23	1	1	0
      845	2023-08-15 12:05:02	23	1	1	0
      260	2023-08-15 12:05:35	23	0	1	0
      260	2023-08-15 12:05:37	23	0	1	0
      105	2023-08-15 12:05:51	23	1	1	0
      330	2023-08-15 12:06:19	23	1	1	0
     2089	2023-08-15 12:06:59	23	0	1	0
     2089	2023-08-15 12:07:00	23	0	1	0
      223	2023-08-15 12:07:05	23	0	1	0
      802	2023-08-15 12:07:19	23	1	1	0
     1655	2023-08-15 12:09:59	23	1	1	0
      224	2023-08-15 12:10:12	23	0	1	0
     1655	2023-08-15 12:18:41	23	0	1	0
      205	2023-08-15 12:18:59	23	0	1	0
      343	2023-08-15 12:19:10	23	0	1	0
      191	2023-08-15 12:19:37	23	0	1	0
      330	2023-08-15 12:19:59	23	0	1	0
      403	2023-08-15 12:20:10	23	0	1	0
      279	2023-08-15 12:20:35	23	0	1	0
      279	2023-08-15 12:20:36	23	0	1	0
      845	2023-08-15 12:21:02	23	0	1	0
      802	2023-08-15 12:23:19	23	0	1	0
     2444	2023-08-15 12:28:52	23	0	1	0
     2100	2023-08-15 12:35:30	23	1	1	0
      105	2023-08-15 12:36:17	23	0	1	0
     2100	2023-08-15 12:37:32	23	0	1	0
     1634	2023-08-15 12:57:24	23	0	1	0
      223	2023-08-15 17:00:04	23	1	1	0
     1634	2023-08-15 17:00:06	23	1	1	0
     1634	2023-08-15 17:00:08	23	1	1	0
      279	2023-08-15 17:00:17	23	1	1	0
     2100	2023-08-15 17:00:21	23	1	1	0
      224	2023-08-15 17:00:27	23	1	1	0
     2089	2023-08-15 17:00:32	23	1	1	0
     2089	2023-08-15 17:00:34	23	1	1	0
      105	2023-08-15 17:00:42	23	1	1	0
      845	2023-08-15 17:00:50	23	1	1	0
      403	2023-08-15 17:00:56	23	1	1	0
      191	2023-08-15 17:02:19	23	1	1	0
     1655	2023-08-15 17:02:41	23	1	1	0
     1655	2023-08-15 17:02:48	23	1	1	0
      343	2023-08-15 17:03:06	23	1	1	0
      205	2023-08-15 17:03:11	23	1	1	0
      330	2023-08-15 17:03:43	23	1	1	0
      802	2023-08-15 17:04:52	23	1	1	0
     2444	2023-08-15 17:15:22	23	1	1	0
      260	2023-08-15 17:17:42	23	1	1	0
      260	2023-08-15 17:17:44	23	1	1	0
      191	2023-08-16 07:21:30	23	0	1	0
      403	2023-08-16 07:33:13	23	0	1	0
     2089	2023-08-16 07:40:53	23	0	1	0
     2089	2023-08-16 07:40:55	23	0	1	0
      260	2023-08-16 07:44:14	23	0	1	0
      260	2023-08-16 07:44:16	23	0	1	0
      223	2023-08-16 07:46:09	23	0	1	0
      105	2023-08-16 07:49:41	23	0	1	0
      224	2023-08-16 07:52:54	23	0	1	0
      224	2023-08-16 07:52:56	23	0	1	0
     1634	2023-08-16 07:54:04	23	0	1	0
     1634	2023-08-16 07:54:06	23	0	1	0
     1634	2023-08-16 07:55:34	23	0	1	0
      330	2023-08-16 07:55:55	23	0	1	0
      343	2023-08-16 07:58:57	23	0	1	0
     2100	2023-08-16 07:59:08	23	0	1	0
     2100	2023-08-16 07:59:11	23	0	1	0
      802	2023-08-16 07:59:44	23	0	1	0
      343	2023-08-16 07:59:48	23	0	1	0
     1655	2023-08-16 07:59:51	23	0	1	0
      205	2023-08-16 08:00:05	23	0	1	0
      845	2023-08-16 08:00:12	23	0	1	0
      279	2023-08-16 08:04:03	23	0	1	0
     1634	2023-08-16 12:00:13	23	1	1	0
      223	2023-08-16 12:00:18	23	1	1	0
      224	2023-08-16 12:00:30	23	1	1	0
      845	2023-08-16 12:00:43	23	1	1	0
      343	2023-08-16 12:00:48	23	1	1	0
     2100	2023-08-16 12:01:05	23	1	1	0
      343	2023-08-16 12:01:34	23	0	1	0
      279	2023-08-16 12:01:41	23	0	1	0
      279	2023-08-16 12:01:46	23	1	1	0
      802	2023-08-16 12:01:52	23	1	1	0
      279	2023-08-16 12:02:06	23	0	1	0
      223	2023-08-16 12:02:10	23	0	1	0
      205	2023-08-16 12:02:27	23	1	1	0
      224	2023-08-16 12:02:46	23	0	1	0
      403	2023-08-16 12:02:54	23	1	1	0
     2089	2023-08-16 12:02:59	23	1	1	0
     2089	2023-08-16 12:03:00	23	1	1	0
      191	2023-08-16 12:03:21	23	1	1	0
      205	2023-08-16 12:07:32	23	0	1	0
     1655	2023-08-16 12:10:23	23	0	1	0
     1655	2023-08-16 12:10:28	23	1	1	0
     1655	2023-08-16 12:11:29	23	0	1	0
      845	2023-08-16 12:12:56	23	0	1	0
      802	2023-08-16 12:13:08	23	0	1	0
      403	2023-08-16 12:13:15	23	0	1	0
      403	2023-08-16 12:13:18	23	0	1	0
      224	2023-08-16 12:22:32	23	0	1	0
      191	2023-08-16 12:24:34	23	0	1	0
     2089	2023-08-16 12:27:41	23	0	1	0
     2089	2023-08-16 12:27:42	23	0	1	0
     2444	2023-08-16 12:41:50	23	0	1	0
     1634	2023-08-16 12:50:54	23	0	1	0
     1634	2023-08-16 12:52:31	23	0	1	0
      223	2023-08-16 17:00:05	23	1	1	0
     1634	2023-08-16 17:00:08	23	1	1	0
     1634	2023-08-16 17:00:10	23	1	1	0
     2089	2023-08-16 17:00:14	23	1	1	0
     2089	2023-08-16 17:00:16	23	1	1	0
      260	2023-08-16 17:00:21	23	1	1	0
      260	2023-08-16 17:00:23	23	1	1	0
      224	2023-08-16 17:00:29	23	1	1	0
      279	2023-08-16 17:00:49	23	1	1	0
      105	2023-08-16 17:00:57	23	1	1	0
      802	2023-08-16 17:01:06	23	1	1	0
      403	2023-08-16 17:01:33	23	1	1	0
      845	2023-08-16 17:01:55	23	1	1	0
      343	2023-08-16 17:01:59	23	1	1	0
      343	2023-08-16 17:02:05	23	1	1	0
      205	2023-08-16 17:02:10	23	1	1	0
      191	2023-08-16 17:03:25	23	1	1	0
     2444	2023-08-16 17:21:29	23	1	1	0
     1655	2023-08-16 17:54:20	23	1	1	0
      191	2023-08-16 17:56:06	23	1	1	0
      260	2023-08-17 07:04:35	23	0	1	0
      260	2023-08-17 07:04:37	23	0	1	0
      191	2023-08-17 07:27:14	23	0	1	0
     2089	2023-08-17 07:31:50	23	0	1	0
     2089	2023-08-17 07:31:51	23	0	1	0
      223	2023-08-17 07:41:40	23	0	1	0
      403	2023-08-17 07:43:19	23	0	1	0
      403	2023-08-17 07:43:23	23	0	1	0
      224	2023-08-17 07:55:08	23	0	1	0
      224	2023-08-17 07:55:12	23	0	1	0
      845	2023-08-17 07:56:39	23	0	1	0
     1634	2023-08-17 07:56:46	23	0	1	0
     1634	2023-08-17 07:56:53	23	0	1	0
     2100	2023-08-17 07:57:58	23	0	1	0
      330	2023-08-17 07:58:41	23	0	1	0
      330	2023-08-17 07:58:43	23	0	1	0
      279	2023-08-17 07:59:05	23	0	1	0
      343	2023-08-17 07:59:10	23	0	1	0
      343	2023-08-17 07:59:12	23	0	1	0
      802	2023-08-17 07:59:56	23	0	1	0
      105	2023-08-17 08:03:58	23	0	1	0
     2444	2023-08-17 08:04:31	23	0	1	0
      205	2023-08-17 08:05:23	23	0	1	0
     1655	2023-08-17 08:27:26	23	0	1	0
     1634	2023-08-17 12:00:16	23	1	1	0
     2444	2023-08-17 12:01:11	23	1	1	0
      403	2023-08-17 12:02:22	23	1	1	0
     1655	2023-08-17 12:04:37	23	1	1	0
      845	2023-08-17 12:06:27	23	1	1	0
     2089	2023-08-17 12:07:07	23	1	1	0
     2089	2023-08-17 12:07:08	23	1	1	0
      279	2023-08-17 12:07:20	23	1	1	0
      343	2023-08-17 12:07:32	23	1	1	0
      260	2023-08-17 12:07:41	23	1	1	0
      260	2023-08-17 12:07:44	23	1	1	0
      260	2023-08-17 12:09:11	23	0	1	0
      260	2023-08-17 12:09:13	23	0	1	0
      191	2023-08-17 12:09:32	23	1	1	0
     2100	2023-08-17 12:10:10	23	1	1	0
      191	2023-08-17 12:10:20	23	1	1	0
     1655	2023-08-17 12:11:52	23	0	1	0
      224	2023-08-17 12:14:57	23	1	1	0
      343	2023-08-17 12:15:07	23	0	1	0
      343	2023-08-17 12:15:22	23	0	1	0
      403	2023-08-17 12:15:38	23	1	1	0
     2100	2023-08-17 12:16:21	23	0	1	0
     2100	2023-08-17 12:16:23	23	0	1	0
      191	2023-08-17 12:17:04	23	1	1	0
      845	2023-08-17 12:17:44	23	0	1	0
      845	2023-08-17 12:17:47	23	0	1	0
      223	2023-08-17 12:18:21	23	1	1	0
      279	2023-08-17 12:18:46	23	0	1	0
      223	2023-08-17 12:20:22	23	0	1	0
     2089	2023-08-17 12:21:56	23	0	1	0
     2089	2023-08-17 12:21:58	23	0	1	0
      330	2023-08-17 12:22:07	23	1	1	0
      330	2023-08-17 12:22:13	23	1	1	0
      224	2023-08-17 12:34:03	23	0	1	0
      224	2023-08-17 12:34:23	23	0	1	0
      330	2023-08-17 12:34:34	23	0	1	0
      105	2023-08-17 12:37:25	23	1	1	0
      802	2023-08-17 12:40:20	23	1	1	0
      802	2023-08-17 12:45:08	23	0	1	0
      205	2023-08-17 12:50:26	23	1	1	0
      105	2023-08-17 12:50:51	23	0	1	0
      205	2023-08-17 12:51:04	23	0	1	0
     1634	2023-08-17 12:54:21	23	0	1	0
     1634	2023-08-17 12:54:24	23	0	1	0
      260	2023-08-17 17:00:06	23	1	1	0
      260	2023-08-17 17:00:08	23	1	1	0
      223	2023-08-17 17:00:12	23	1	1	0
     1634	2023-08-17 17:00:15	23	1	1	0
     1634	2023-08-17 17:00:16	23	1	1	0
     2100	2023-08-17 17:00:21	23	1	1	0
     2100	2023-08-17 17:00:23	23	1	1	0
      279	2023-08-17 17:00:36	23	1	1	0
      105	2023-08-17 17:00:44	23	1	1	0
      845	2023-08-17 17:00:50	23	1	1	0
      403	2023-08-17 17:00:55	23	1	1	0
      191	2023-08-17 17:02:57	23	1	1	0
      343	2023-08-17 17:03:25	23	1	1	0
      224	2023-08-17 17:03:35	23	1	1	0
      205	2023-08-17 17:04:08	23	1	1	0
     1655	2023-08-17 17:04:19	23	1	1	0
      343	2023-08-17 17:04:23	23	1	1	0
     2089	2023-08-17 17:05:55	23	1	1	0
     2089	2023-08-17 17:05:56	23	1	1	0
      330	2023-08-17 17:06:41	23	1	1	0
      802	2023-08-17 17:10:01	23	1	1	0
      191	2023-08-17 17:45:06	23	1	1	0
      260	2023-08-18 06:57:15	23	0	1	0
      260	2023-08-18 06:57:16	23	0	1	0
      191	2023-08-18 07:29:21	23	0	1	0
     2089	2023-08-18 07:33:26	23	0	1	0
     2089	2023-08-18 07:33:28	23	0	1	0
      403	2023-08-18 07:42:03	23	0	1	0
      403	2023-08-18 07:42:08	23	0	1	0
      223	2023-08-18 07:49:08	23	0	1	0
     1634	2023-08-18 07:51:10	23	0	1	0
     1634	2023-08-18 07:51:12	23	0	1	0
     2100	2023-08-18 07:52:50	23	0	1	0
     2100	2023-08-18 07:52:52	23	0	1	0
      224	2023-08-18 07:53:23	23	0	1	0
      224	2023-08-18 07:53:25	23	0	1	0
      343	2023-08-18 07:54:42	23	0	1	0
      330	2023-08-18 07:57:16	23	0	1	0
      802	2023-08-18 07:57:21	23	0	1	0
     2444	2023-08-18 07:58:53	23	0	1	0
      224	2023-08-18 12:00:08	23	1	1	0
      224	2023-08-18 12:00:09	23	1	1	0
     1634	2023-08-18 12:00:12	23	1	1	0
     1634	2023-08-18 12:00:16	23	1	1	0
      403	2023-08-18 12:01:09	23	1	1	0
      260	2023-08-18 12:01:56	23	1	1	0
      260	2023-08-18 12:01:58	23	1	1	0
      260	2023-08-18 12:03:02	23	0	1	0
      260	2023-08-18 12:03:03	23	0	1	0
     1634	2023-08-18 12:03:05	23	0	1	0
     1634	2023-08-18 12:03:08	23	0	1	0
      223	2023-08-18 12:03:48	23	1	1	0
      223	2023-08-18 12:06:14	23	0	1	0
      343	2023-08-18 12:06:42	23	1	1	0
     2100	2023-08-18 12:07:14	23	1	1	0
     2100	2023-08-18 12:07:16	23	1	1	0
      330	2023-08-18 12:07:24	23	1	1	0
      191	2023-08-18 12:09:01	23	1	1	0
      191	2023-08-18 12:10:06	23	0	1	0
      343	2023-08-18 12:10:41	23	0	1	0
     2089	2023-08-18 12:10:53	23	1	1	0
     2089	2023-08-18 12:10:54	23	1	1	0
      343	2023-08-18 12:11:02	23	0	1	0
      802	2023-08-18 12:15:10	23	1	1	0
     2089	2023-08-18 12:18:14	23	0	1	0
     2089	2023-08-18 12:18:15	23	0	1	0
     2100	2023-08-18 12:21:02	23	0	1	0
     1655	2023-08-18 12:21:05	23	0	1	0
      802	2023-08-18 12:29:20	23	0	1	0
      330	2023-08-18 12:42:35	23	0	1	0
      105	2023-08-18 12:45:18	23	0	1	0
     2444	2023-08-18 13:00:02	23	0	1	0
     2444	2023-08-18 13:00:16	23	1	1	0
     2444	2023-08-18 13:00:45	23	0	1	0
      223	2023-08-18 17:00:03	23	1	1	0
      260	2023-08-18 17:00:04	23	1	1	0
      260	2023-08-18 17:00:06	23	1	1	0
     1634	2023-08-18 17:00:08	23	1	1	0
     1634	2023-08-18 17:00:09	23	1	1	0
     2100	2023-08-18 17:00:17	23	1	1	0
     2100	2023-08-18 17:00:20	23	1	1	0
     1655	2023-08-18 17:00:41	23	1	1	0
      105	2023-08-18 17:00:47	23	1	1	0
      403	2023-08-18 17:00:55	23	1	1	0
      343	2023-08-18 17:01:08	23	1	1	0
      343	2023-08-18 17:01:11	23	1	1	0
      191	2023-08-18 17:01:38	23	1	1	0
      330	2023-08-18 17:04:05	23	1	1	0
     2089	2023-08-18 17:04:18	23	1	1	0
     2089	2023-08-18 17:04:21	23	1	1	0
      802	2023-08-18 17:11:12	23	1	1	0
     2444	2023-08-18 17:11:25	23	1	1	0
      205	2023-08-22 07:33:08	23	0	1	0
      224	2023-08-22 07:33:13	23	0	1	0
      224	2023-08-22 07:33:15	23	0	1	0
      191	2023-08-22 07:35:03	23	0	1	0
      223	2023-08-22 07:35:14	23	0	1	0
      403	2023-08-22 07:35:59	23	0	1	0
      403	2023-08-22 07:36:06	23	0	1	0
     1655	2023-08-22 07:37:26	23	0	1	0
      105	2023-08-22 07:43:20	23	0	1	0
     1634	2023-08-22 07:44:32	23	0	1	0
     1634	2023-08-22 07:44:34	23	0	1	0
     2100	2023-08-22 07:54:02	23	0	1	0
     2100	2023-08-22 07:54:04	23	0	1	0
     2444	2023-08-22 07:54:09	23	0	1	0
     2089	2023-08-22 07:55:07	23	0	1	0
     2089	2023-08-22 07:55:09	23	0	1	0
      343	2023-08-22 07:56:35	23	0	1	0
      330	2023-08-22 07:56:40	23	0	1	0
      330	2023-08-22 07:56:42	23	0	1	0
      845	2023-08-22 07:58:07	23	0	1	0
      845	2023-08-22 07:58:09	23	0	1	0
      680	2023-08-22 08:06:10	23	0	1	0
      260	2023-08-22 08:07:19	23	0	1	0
      260	2023-08-22 08:07:21	23	0	1	0
      279	2023-08-22 08:07:25	23	0	1	0
      802	2023-08-22 08:13:23	23	0	1	0
     1655	2023-08-22 12:00:06	23	1	1	0
     1634	2023-08-22 12:00:11	23	1	1	0
      279	2023-08-22 12:00:47	23	1	1	0
      223	2023-08-22 12:01:35	23	1	1	0
      845	2023-08-22 12:02:04	23	1	1	0
      403	2023-08-22 12:02:55	23	1	1	0
     2100	2023-08-22 12:05:07	23	1	1	0
      105	2023-08-22 12:05:30	23	1	1	0
     2100	2023-08-22 12:08:04	23	0	1	0
      802	2023-08-22 12:11:26	23	1	1	0
     2089	2023-08-22 12:12:37	23	1	1	0
     2089	2023-08-22 12:12:39	23	1	1	0
      403	2023-08-22 12:13:12	23	0	1	0
      845	2023-08-22 12:13:39	23	0	1	0
      330	2023-08-22 12:15:26	23	1	1	0
     2444	2023-08-22 12:15:32	23	1	1	0
      191	2023-08-22 12:17:50	23	1	1	0
      343	2023-08-22 12:18:05	23	1	1	0
      205	2023-08-22 12:18:11	23	1	1	0
      191	2023-08-22 12:18:23	23	0	1	0
      343	2023-08-22 12:19:08	23	0	1	0
      205	2023-08-22 12:19:14	23	0	1	0
      224	2023-08-22 12:19:38	23	1	1	0
      224	2023-08-22 12:26:01	23	0	1	0
      223	2023-08-22 12:28:39	23	0	1	0
      260	2023-08-22 12:30:07	23	1	1	0
      260	2023-08-22 12:30:09	23	1	1	0
      279	2023-08-22 12:30:20	23	0	1	0
      105	2023-08-22 12:35:49	23	0	1	0
     2444	2023-08-22 12:35:57	23	0	1	0
      802	2023-08-22 12:38:04	23	0	1	0
      330	2023-08-22 12:43:47	23	0	1	0
      224	2023-08-22 12:43:54	23	0	1	0
      260	2023-08-22 12:44:40	23	0	1	0
      260	2023-08-22 12:44:42	23	0	1	0
     1634	2023-08-22 12:45:42	23	0	1	0
     2089	2023-08-22 12:56:02	23	0	1	0
     2089	2023-08-22 12:56:04	23	0	1	0
      223	2023-08-22 17:00:03	23	1	1	0
      224	2023-08-22 17:00:08	23	1	1	0
     1634	2023-08-22 17:00:11	23	1	1	0
     1634	2023-08-22 17:00:13	23	1	1	0
     2100	2023-08-22 17:00:17	23	1	1	0
      403	2023-08-22 17:00:34	23	1	1	0
      105	2023-08-22 17:00:44	23	1	1	0
      279	2023-08-22 17:00:53	23	1	1	0
      845	2023-08-22 17:01:07	23	1	1	0
      191	2023-08-22 17:01:24	23	1	1	0
      343	2023-08-22 17:01:54	23	1	1	0
     1655	2023-08-22 17:02:01	23	1	1	0
     2089	2023-08-22 17:05:59	23	1	1	0
     2089	2023-08-22 17:06:01	23	1	1	0
      802	2023-08-22 17:06:26	23	1	1	0
      260	2023-08-22 17:15:51	23	1	1	0
      260	2023-08-22 17:15:53	23	1	1	0
      680	2023-08-22 17:17:16	23	1	1	0
      205	2023-08-22 17:45:17	23	1	1	0
      330	2023-08-22 17:48:22	23	1	1	0
     2444	2023-08-22 17:48:34	23	1	1	0
      260	2023-08-23 06:32:56	23	0	1	0
      260	2023-08-23 06:32:58	23	0	1	0
      330	2023-08-23 07:28:41	23	0	1	0
      205	2023-08-23 07:33:51	23	0	1	0
     2089	2023-08-23 07:34:52	23	0	1	0
     2089	2023-08-23 07:34:53	23	0	1	0
      191	2023-08-23 07:37:56	23	0	1	0
      223	2023-08-23 07:42:39	23	0	1	0
     1634	2023-08-23 07:47:08	23	0	1	0
     1634	2023-08-23 07:47:09	23	0	1	0
      224	2023-08-23 07:48:54	23	0	1	0
      224	2023-08-23 07:48:56	23	0	1	0
     1655	2023-08-23 07:49:19	23	0	1	0
      343	2023-08-23 07:49:36	23	0	1	0
      343	2023-08-23 07:49:49	23	0	1	0
      105	2023-08-23 07:51:33	23	0	1	0
      403	2023-08-23 07:51:46	23	0	1	0
      403	2023-08-23 07:52:23	23	0	1	0
      279	2023-08-23 07:55:03	23	0	1	0
      802	2023-08-23 07:57:44	23	0	1	0
      845	2023-08-23 07:58:23	23	0	1	0
      845	2023-08-23 07:58:25	23	0	1	0
     2444	2023-08-23 07:58:41	23	0	1	0
      680	2023-08-23 08:03:49	23	0	1	0
      260	2023-08-23 12:00:52	23	1	1	0
      260	2023-08-23 12:00:54	23	1	1	0
      223	2023-08-23 12:01:12	23	1	1	0
      845	2023-08-23 12:01:18	23	1	1	0
      403	2023-08-23 12:01:38	23	1	1	0
      279	2023-08-23 12:01:53	23	0	1	0
      105	2023-08-23 12:02:34	23	1	1	0
     1655	2023-08-23 12:03:02	23	1	1	0
      260	2023-08-23 12:03:13	23	0	1	0
      260	2023-08-23 12:03:15	23	0	1	0
      802	2023-08-23 12:10:50	23	1	1	0
      223	2023-08-23 12:17:16	23	0	1	0
     2444	2023-08-23 12:21:48	23	1	1	0
      845	2023-08-23 12:22:25	23	0	1	0
      845	2023-08-23 12:22:27	23	0	1	0
      105	2023-08-23 12:24:52	23	0	1	0
      279	2023-08-23 12:29:58	23	0	1	0
     1655	2023-08-23 12:32:43	23	0	1	0
     2444	2023-08-23 12:32:49	23	0	1	0
     1634	2023-08-23 12:32:54	23	1	1	0
      802	2023-08-23 12:36:16	23	0	1	0
      403	2023-08-23 12:36:32	23	0	1	0
     1634	2023-08-23 12:49:00	23	0	1	0
      223	2023-08-23 17:00:04	23	1	1	0
     1634	2023-08-23 17:00:06	23	1	1	0
     1634	2023-08-23 17:00:07	23	1	1	0
      224	2023-08-23 17:00:12	23	1	1	0
      260	2023-08-23 17:00:17	23	1	1	0
     2089	2023-08-23 17:00:33	23	1	1	0
     2089	2023-08-23 17:00:34	23	1	1	0
     1655	2023-08-23 17:00:41	23	1	1	0
      403	2023-08-23 17:00:47	23	1	1	0
      105	2023-08-23 17:00:53	23	1	1	0
      845	2023-08-23 17:01:04	23	1	1	0
      279	2023-08-23 17:01:30	23	1	1	0
      205	2023-08-23 17:02:37	23	1	1	0
      191	2023-08-23 17:03:07	23	1	1	0
      191	2023-08-23 17:03:22	23	1	1	0
     2444	2023-08-23 17:03:41	23	1	1	0
      802	2023-08-23 17:07:27	23	1	1	0
      680	2023-08-23 17:09:48	23	1	1	0
      343	2023-08-23 17:09:54	23	1	1	0
      343	2023-08-23 17:09:59	23	1	1	0
      330	2023-08-23 17:17:22	23	1	1	0
      191	2023-08-24 07:40:23	23	0	1	0
      205	2023-08-24 07:43:01	23	0	1	0
      680	2023-08-24 07:49:48	23	0	1	0
     2100	2023-08-24 07:50:38	23	0	1	0
     2100	2023-08-24 07:50:40	23	0	1	0
      260	2023-08-24 07:50:46	23	0	1	0
      260	2023-08-24 07:50:47	23	0	1	0
      330	2023-08-24 07:50:54	23	0	1	0
      330	2023-08-24 07:50:56	23	0	1	0
      223	2023-08-24 07:51:37	23	0	1	0
      105	2023-08-24 07:53:21	23	0	1	0
     2089	2023-08-24 07:53:53	23	0	1	0
     2089	2023-08-24 07:53:55	23	0	1	0
     1655	2023-08-24 07:55:09	23	0	1	0
     1655	2023-08-24 07:55:12	23	0	1	0
      279	2023-08-24 07:56:24	23	0	1	0
      224	2023-08-24 07:56:48	23	0	1	0
      224	2023-08-24 07:56:50	23	0	1	0
     1634	2023-08-24 07:56:58	23	0	1	0
     1634	2023-08-24 07:57:00	23	0	1	0
      343	2023-08-24 07:57:17	23	0	1	0
      343	2023-08-24 07:57:19	23	0	1	0
      845	2023-08-24 07:58:13	23	0	1	0
      845	2023-08-24 07:58:15	23	0	1	0
     2444	2023-08-24 08:00:12	23	0	1	0
      802	2023-08-24 08:16:55	23	0	1	0
      802	2023-08-24 12:02:58	23	1	1	0
     1634	2023-08-24 12:03:05	23	1	1	0
      223	2023-08-24 12:03:10	23	1	1	0
      260	2023-08-24 12:06:40	23	1	1	0
      260	2023-08-24 12:06:42	23	1	1	0
      105	2023-08-24 12:07:03	23	1	1	0
     1634	2023-08-24 12:07:11	23	0	1	0
      802	2023-08-24 12:09:36	23	0	1	0
     1655	2023-08-24 12:09:57	23	1	1	0
      845	2023-08-24 12:11:19	23	1	1	0
     1655	2023-08-24 12:13:11	23	0	1	0
      260	2023-08-24 12:14:08	23	0	1	0
      260	2023-08-24 12:14:10	23	0	1	0
     2100	2023-08-24 12:14:33	23	1	1	0
     2444	2023-08-24 12:18:29	23	1	1	0
      845	2023-08-24 12:24:50	23	0	1	0
      845	2023-08-24 12:24:52	23	0	1	0
     2100	2023-08-24 12:26:02	23	0	1	0
     2100	2023-08-24 12:26:06	23	0	1	0
      223	2023-08-24 12:26:27	23	0	1	0
      279	2023-08-24 12:30:27	23	1	1	0
      279	2023-08-24 12:31:14	23	0	1	0
      105	2023-08-24 12:34:22	23	0	1	0
      105	2023-08-24 12:34:26	23	0	1	0
     2444	2023-08-24 12:57:34	23	0	1	0
      223	2023-08-24 17:00:05	23	1	1	0
     1634	2023-08-24 17:00:07	23	1	1	0
     1634	2023-08-24 17:00:09	23	1	1	0
      279	2023-08-24 17:00:13	23	1	1	0
     2100	2023-08-24 17:00:18	23	1	1	0
     2100	2023-08-24 17:00:21	23	1	1	0
      105	2023-08-24 17:00:52	23	1	1	0
     1655	2023-08-24 17:01:03	23	1	1	0
      845	2023-08-24 17:02:40	23	1	1	0
      802	2023-08-24 17:13:44	23	1	1	0
     2444	2023-08-24 17:13:59	23	1	1	0
      330	2023-08-24 17:19:27	23	1	1	0
      260	2023-08-24 17:21:03	23	1	1	0
      260	2023-08-24 17:21:05	23	1	1	0
     2089	2023-08-24 17:23:00	23	1	1	0
     2089	2023-08-24 17:23:02	23	1	1	0
      224	2023-08-24 17:23:05	23	1	1	0
      224	2023-08-24 17:23:07	23	1	1	0
      191	2023-08-24 17:23:51	23	1	1	0
      343	2023-08-24 17:24:36	23	1	1	0
      343	2023-08-24 17:24:40	23	1	1	0
      205	2023-08-24 17:25:06	23	1	1	0
      680	2023-08-24 17:31:31	23	1	1	0
      330	2023-08-24 17:59:32	23	1	1	0
     2444	2023-08-24 17:59:38	23	1	1	0
      205	2023-08-24 17:59:43	23	1	1	0
      205	2023-08-25 07:29:51	23	0	1	0
      191	2023-08-25 07:35:34	23	0	1	0
      223	2023-08-25 07:37:31	23	0	1	0
     2444	2023-08-25 07:45:50	23	0	1	0
      279	2023-08-25 07:46:50	23	0	1	0
     2089	2023-08-25 07:50:59	23	0	1	0
     2089	2023-08-25 07:51:01	23	0	1	0
      845	2023-08-25 07:51:20	23	0	1	0
      224	2023-08-25 07:51:35	23	0	1	0
      224	2023-08-25 07:51:37	23	0	1	0
      105	2023-08-25 07:51:45	23	0	1	0
      105	2023-08-25 07:51:52	23	0	1	0
     1634	2023-08-25 07:53:26	23	0	1	0
     1634	2023-08-25 07:53:27	23	0	1	0
     2100	2023-08-25 07:53:35	23	0	1	0
     2100	2023-08-25 07:53:39	23	0	1	0
      343	2023-08-25 07:54:49	23	0	1	0
      680	2023-08-25 07:57:54	23	0	1	0
      260	2023-08-25 07:58:04	23	0	1	0
      260	2023-08-25 07:58:06	23	0	1	0
      802	2023-08-25 07:58:28	23	0	1	0
      330	2023-08-25 08:01:07	23	0	1	0
     1655	2023-08-25 08:10:46	23	0	1	0
      802	2023-08-25 12:00:26	23	1	1	0
     2444	2023-08-25 12:00:50	23	1	1	0
     1655	2023-08-25 12:01:06	23	0	1	0
     1655	2023-08-25 12:01:13	23	1	1	0
      279	2023-08-25 12:03:55	23	1	1	0
     1655	2023-08-25 12:09:59	23	0	1	0
      223	2023-08-25 12:15:21	23	1	1	0
     2100	2023-08-25 12:15:30	23	1	1	0
      279	2023-08-25 12:15:50	23	0	1	0
      802	2023-08-25 12:18:31	23	0	1	0
     2444	2023-08-25 12:18:46	23	0	1	0
      223	2023-08-25 12:20:57	23	0	1	0
      845	2023-08-25 12:30:43	23	1	1	0
      105	2023-08-25 12:31:17	23	1	1	0
      845	2023-08-25 12:36:21	23	0	1	0
      105	2023-08-25 12:41:01	23	0	1	0
      105	2023-08-25 12:41:06	23	0	1	0
     1634	2023-08-25 12:47:21	23	1	1	0
     2100	2023-08-25 12:47:52	23	0	1	0
     2100	2023-08-25 12:47:55	23	0	1	0
     1634	2023-08-25 12:54:49	23	0	1	0
      223	2023-08-25 17:00:03	23	1	1	0
     1634	2023-08-25 17:00:06	23	1	1	0
     1634	2023-08-25 17:00:08	23	1	1	0
     2100	2023-08-25 17:00:12	23	1	1	0
     2100	2023-08-25 17:00:13	23	1	1	0
      260	2023-08-25 17:00:27	23	1	1	0
      260	2023-08-25 17:00:29	23	1	1	0
     2089	2023-08-25 17:00:36	23	1	1	0
     2089	2023-08-25 17:00:38	23	1	1	0
      224	2023-08-25 17:00:50	23	1	1	0
      279	2023-08-25 17:01:00	23	1	1	0
      802	2023-08-25 17:01:07	23	1	1	0
      845	2023-08-25 17:01:17	23	1	1	0
     1655	2023-08-25 17:01:29	23	1	1	0
      191	2023-08-25 17:08:50	23	1	1	0
      680	2023-08-25 17:09:04	23	1	1	0
      343	2023-08-25 17:10:24	23	0	1	0
      343	2023-08-25 17:10:32	23	1	1	0
      330	2023-08-25 17:27:38	23	1	1	0
     2444	2023-08-25 17:42:54	23	1	1	0
      205	2023-08-25 18:15:33	23	1	1	0
      223	2023-08-29 05:40:48	23	0	1	0
     2444	2023-08-29 07:16:59	23	0	1	0
      279	2023-08-29 07:35:32	23	0	1	0
     1634	2023-08-29 07:44:36	23	0	1	0
     1634	2023-08-29 07:44:38	23	0	1	0
      105	2023-08-29 07:44:50	23	0	1	0
      105	2023-08-29 07:45:13	23	0	1	0
     2089	2023-08-29 07:48:51	23	0	1	0
     2089	2023-08-29 07:48:53	23	0	1	0
      330	2023-08-29 07:49:30	23	0	1	0
      191	2023-08-29 07:49:35	23	0	1	0
      205	2023-08-29 07:49:58	23	0	1	0
     2100	2023-08-29 07:50:14	23	0	1	0
     2100	2023-08-29 07:50:16	23	0	1	0
      802	2023-08-29 07:53:37	23	0	1	0
      224	2023-08-29 07:55:45	23	0	1	0
      224	2023-08-29 07:55:47	23	0	1	0
      845	2023-08-29 07:56:04	23	0	1	0
      845	2023-08-29 07:56:06	23	0	1	0
      260	2023-08-29 08:45:19	23	0	1	0
      260	2023-08-29 08:45:20	23	0	1	0
      223	2023-08-29 12:00:08	23	1	1	0
     1634	2023-08-29 12:00:12	23	1	1	0
      224	2023-08-29 12:00:41	23	1	1	0
      105	2023-08-29 12:03:57	23	1	1	0
      224	2023-08-29 12:05:03	23	0	1	0
      223	2023-08-29 12:06:17	23	0	1	0
      845	2023-08-29 12:08:36	23	1	1	0
      802	2023-08-29 12:08:50	23	1	1	0
      105	2023-08-29 12:26:24	23	0	1	0
      845	2023-08-29 12:29:16	23	0	1	0
     2100	2023-08-29 12:34:04	23	1	1	0
     2444	2023-08-29 12:34:15	23	1	1	0
     2444	2023-08-29 12:35:02	23	0	1	0
      802	2023-08-29 12:41:11	23	0	1	0
     2100	2023-08-29 12:43:03	23	0	1	0
     1634	2023-08-29 12:59:08	23	0	1	0
      223	2023-08-29 17:00:06	23	1	1	0
      224	2023-08-29 17:00:10	23	1	1	0
     1634	2023-08-29 17:00:14	23	1	1	0
     1634	2023-08-29 17:00:15	23	1	1	0
     2100	2023-08-29 17:00:21	23	1	1	0
      105	2023-08-29 17:01:03	23	1	1	0
      845	2023-08-29 17:01:13	23	1	1	0
      845	2023-08-29 17:01:25	23	1	1	0
      802	2023-08-29 17:01:31	23	1	1	0
      260	2023-08-29 17:02:33	23	1	1	0
      260	2023-08-29 17:02:34	23	1	1	0
     2444	2023-08-29 17:24:32	23	1	1	0
      223	2023-08-30 05:58:53	23	0	1	0
      260	2023-08-30 07:01:46	23	0	1	0
      260	2023-08-30 07:01:49	23	0	1	0
     1655	2023-08-30 07:35:45	23	0	1	0
      105	2023-08-30 07:41:34	23	0	1	0
     1634	2023-08-30 07:46:34	23	0	1	0
     1634	2023-08-30 07:46:35	23	0	1	0
      224	2023-08-30 07:47:27	23	0	1	0
      224	2023-08-30 07:47:30	23	0	1	0
      802	2023-08-30 07:48:31	23	0	1	0
     2444	2023-08-30 07:50:15	23	0	1	0
     2100	2023-08-30 07:57:37	23	0	1	0
     2100	2023-08-30 07:57:39	23	0	1	0
      845	2023-08-30 08:01:38	23	0	1	0
      260	2023-08-30 12:00:18	23	1	1	0
      260	2023-08-30 12:00:20	23	1	1	0
     1634	2023-08-30 12:00:30	23	1	1	0
     1655	2023-08-30 12:00:50	23	1	1	0
      224	2023-08-30 12:03:21	23	1	1	0
      260	2023-08-30 12:03:57	23	0	1	0
      260	2023-08-30 12:03:59	23	0	1	0
      224	2023-08-30 12:07:03	23	0	1	0
      223	2023-08-30 12:11:48	23	1	1	0
     2100	2023-08-30 12:13:06	23	1	1	0
     2100	2023-08-30 12:13:08	23	1	1	0
     1655	2023-08-30 12:13:43	23	0	1	0
      845	2023-08-30 12:13:54	23	1	1	0
      105	2023-08-30 12:14:06	23	1	1	0
      802	2023-08-30 12:15:16	23	1	1	0
      223	2023-08-30 12:16:17	23	0	1	0
     2100	2023-08-30 12:17:33	23	0	1	0
     2444	2023-08-30 12:23:47	23	1	1	0
      845	2023-08-30 12:27:47	23	0	1	0
      105	2023-08-30 12:28:49	23	0	1	0
     2444	2023-08-30 12:43:52	23	0	1	0
      802	2023-08-30 12:44:13	23	0	1	0
     1634	2023-08-30 12:51:26	23	0	1	0
      223	2023-08-30 17:00:04	23	1	1	0
     1634	2023-08-30 17:00:07	23	1	1	0
     1634	2023-08-30 17:00:08	23	1	1	0
     2100	2023-08-30 17:00:15	23	1	1	0
     2100	2023-08-30 17:00:17	23	1	1	0
      224	2023-08-30 17:00:52	23	1	1	0
      105	2023-08-30 17:01:41	23	1	1	0
      845	2023-08-30 17:01:50	23	1	1	0
      105	2023-08-30 17:02:26	23	1	1	0
     2444	2023-08-30 17:02:44	23	1	1	0
     1655	2023-08-30 17:03:39	23	1	1	0
     1655	2023-08-30 17:03:42	23	1	1	0
     2444	2023-08-30 17:03:50	23	1	1	0
      802	2023-08-30 17:12:08	23	1	1	0
      260	2023-08-30 22:45:52	23	1	1	0
      260	2023-08-30 22:45:55	23	1	1	0
      223	2023-08-31 05:58:24	23	0	1	0
     1655	2023-08-31 06:29:16	23	0	1	0
      260	2023-08-31 07:18:10	23	0	1	0
      260	2023-08-31 07:18:17	23	0	1	0
      224	2023-08-31 07:46:31	23	0	1	0
      224	2023-08-31 07:46:33	23	0	1	0
      105	2023-08-31 07:47:21	23	0	1	0
     1634	2023-08-31 07:48:04	23	0	1	0
     1634	2023-08-31 07:48:05	23	0	1	0
      802	2023-08-31 07:53:40	23	0	1	0
     2444	2023-08-31 07:54:00	23	0	1	0
     2100	2023-08-31 07:54:48	23	0	1	0
     2100	2023-08-31 07:54:49	23	0	1	0
      845	2023-08-31 07:57:48	23	0	1	0
      223	2023-08-31 12:00:04	23	1	1	0
     1634	2023-08-31 12:00:07	23	1	1	0
      224	2023-08-31 12:00:11	23	1	1	0
      224	2023-08-31 12:04:02	23	0	1	0
     1655	2023-08-31 12:04:50	23	1	1	0
      223	2023-08-31 12:05:29	23	0	1	0
     1655	2023-08-31 12:07:47	23	0	1	0
      802	2023-08-31 12:08:13	23	1	1	0
     2444	2023-08-31 12:14:31	23	1	1	0
      845	2023-08-31 12:18:31	23	1	1	0
      105	2023-08-31 12:20:24	23	1	1	0
     2100	2023-08-31 12:27:47	23	1	1	0
     2444	2023-08-31 12:28:20	23	0	1	0
      845	2023-08-31 12:28:28	23	0	1	0
      105	2023-08-31 12:35:01	23	0	1	0
      105	2023-08-31 12:35:06	23	0	1	0
      802	2023-08-31 12:40:56	23	0	1	0
     2100	2023-08-31 12:48:14	23	0	1	0
     2100	2023-08-31 12:48:15	23	0	1	0
     1634	2023-08-31 12:48:37	23	0	1	0
     1634	2023-08-31 12:48:43	23	0	1	0
      223	2023-08-31 17:00:04	23	1	1	0
     1634	2023-08-31 17:00:07	23	1	1	0
     1634	2023-08-31 17:00:09	23	1	1	0
     2100	2023-08-31 17:00:19	23	1	1	0
     2100	2023-08-31 17:00:20	23	1	1	0
      224	2023-08-31 17:00:46	23	1	1	0
      105	2023-08-31 17:01:00	23	1	1	0
      845	2023-08-31 17:01:16	23	1	1	0
      845	2023-08-31 17:01:18	23	1	1	0
     2444	2023-08-31 17:03:17	23	1	1	0
      260	2023-08-31 17:04:17	23	1	1	0
      260	2023-08-31 17:04:18	23	1	1	0
      802	2023-08-31 17:06:34	23	1	1	0
     1655	2023-08-31 17:08:08	23	1	1	0
     2444	2023-08-31 17:40:02	23	1	1	0
      223	2023-09-01 06:03:41	23	0	1	0
      845	2023-09-01 06:29:18	23	0	1	0
      845	2023-09-01 06:29:20	23	0	1	0
     2444	2023-09-01 06:47:48	23	0	1	0
     2100	2023-09-01 06:51:36	23	0	1	0
     2100	2023-09-01 06:51:38	23	0	1	0
     1655	2023-09-01 06:55:40	23	0	1	0
     1634	2023-09-01 07:01:28	23	0	1	0
     1634	2023-09-01 07:01:33	23	0	1	0
      260	2023-09-01 07:15:56	23	0	1	0
      260	2023-09-01 07:15:58	23	0	1	0
      802	2023-09-01 07:18:44	23	0	1	0
      191	2023-09-01 07:22:20	23	0	1	0
      105	2023-09-01 07:23:42	23	0	1	0
      279	2023-09-01 07:27:15	23	0	1	0
     2089	2023-09-01 07:36:31	23	0	1	0
     2089	2023-09-01 07:36:33	23	0	1	0
      330	2023-09-01 07:37:44	23	0	1	0
      330	2023-09-01 07:37:47	23	0	1	0
      403	2023-09-01 07:44:33	23	0	1	0
      224	2023-09-01 07:47:45	23	0	1	0
      224	2023-09-01 07:47:47	23	0	1	0
      343	2023-09-01 07:56:43	23	0	1	0
