     2095	2023-07-31 06:58:03	24	0	1	0
      165	2023-07-31 07:05:34	24	0	1	0
     2075	2023-07-31 07:11:29	24	0	1	0
      227	2023-07-31 07:15:18	24	0	1	0
     2070	2023-07-31 07:24:29	24	0	1	0
     1993	2023-07-31 07:25:43	24	0	1	0
     2116	2023-07-31 07:32:24	24	0	1	0
     2116	2023-07-31 07:32:28	24	0	1	0
      256	2023-07-31 07:32:58	24	0	1	0
      871	2023-07-31 07:33:48	24	0	1	0
     2249	2023-07-31 07:37:43	24	0	1	0
     2172	2023-07-31 07:42:53	24	0	1	0
      614	2023-07-31 07:47:04	24	0	1	0
      598	2023-07-31 07:48:52	24	0	1	0
      378	2023-07-31 07:49:58	24	0	1	0
     2435	2023-07-31 07:57:18	24	0	1	0
     2435	2023-07-31 07:57:20	24	0	1	0
     2435	2023-07-31 07:57:21	24	0	1	0
      165	2023-07-31 12:00:06	24	1	1	0
     2070	2023-07-31 12:03:00	24	1	1	0
      598	2023-07-31 12:03:51	24	1	1	0
     2249	2023-07-31 12:05:47	24	1	1	0
     2075	2023-07-31 12:07:44	24	1	1	0
     2172	2023-07-31 12:14:07	24	1	1	0
      378	2023-07-31 12:14:12	24	1	1	0
      165	2023-07-31 12:15:43	24	0	1	0
      614	2023-07-31 12:16:35	24	1	1	0
     2070	2023-07-31 12:26:38	24	0	1	0
      871	2023-07-31 12:28:09	24	1	1	0
     2116	2023-07-31 12:29:52	24	1	1	0
     2095	2023-07-31 12:37:07	24	1	1	0
     2075	2023-07-31 12:37:43	24	0	1	0
     2116	2023-07-31 12:37:47	24	0	1	0
      227	2023-07-31 12:42:43	24	1	1	0
      227	2023-07-31 12:44:08	24	0	1	0
     2435	2023-07-31 12:45:19	24	1	1	0
      598	2023-07-31 12:45:33	24	0	1	0
     2249	2023-07-31 12:45:35	24	0	1	0
     2172	2023-07-31 12:45:39	24	0	1	0
      614	2023-07-31 12:46:08	24	0	1	0
     2435	2023-07-31 12:46:13	24	0	1	0
      871	2023-07-31 12:48:34	24	0	1	0
     2095	2023-07-31 12:49:00	24	0	1	0
      378	2023-07-31 12:50:43	24	0	1	0
     2435	2023-07-31 14:00:03	24	0	1	0
     2435	2023-07-31 14:00:06	24	0	1	0
     2435	2023-07-31 14:00:08	24	0	1	0
      165	2023-07-31 17:00:40	24	1	1	0
      598	2023-07-31 17:02:07	24	1	1	0
      378	2023-07-31 17:10:02	24	1	1	0
      378	2023-07-31 17:10:07	24	1	1	0
      378	2023-07-31 17:10:09	24	1	1	0
     2075	2023-07-31 17:10:56	24	1	1	0
      614	2023-07-31 17:11:17	24	1	1	0
     2116	2023-07-31 17:11:27	24	1	1	0
     2070	2023-07-31 17:11:47	24	1	1	0
     2249	2023-07-31 17:17:00	24	1	1	0
      227	2023-07-31 17:17:12	24	1	1	0
      871	2023-07-31 17:17:38	24	1	1	0
     1993	2023-07-31 17:17:44	24	1	1	0
      227	2023-07-31 17:18:11	24	1	1	0
     2172	2023-07-31 17:20:25	24	1	1	0
      256	2023-07-31 17:33:48	24	1	1	0
     1993	2023-07-31 17:33:55	24	1	1	0
     2095	2023-07-31 17:34:03	24	1	1	0
      165	2023-08-01 07:05:31	24	0	1	0
     2075	2023-08-01 07:40:14	24	0	1	0
     2172	2023-08-01 07:50:09	24	0	1	0
     2095	2023-08-01 07:50:21	24	0	1	0
     2249	2023-08-01 07:51:07	24	0	1	0
      598	2023-08-01 07:52:51	24	0	1	0
      614	2023-08-01 07:54:35	24	0	1	0
      871	2023-08-01 07:57:00	24	0	1	0
      871	2023-08-01 07:57:05	24	0	1	0
      378	2023-08-01 07:58:04	24	0	1	0
     2070	2023-08-01 07:59:57	24	0	1	0
      227	2023-08-01 08:04:14	24	0	1	0
      256	2023-08-01 08:19:56	24	0	1	0
     2116	2023-08-01 08:40:08	24	0	1	0
     2249	2023-08-01 12:00:19	24	1	1	0
     2070	2023-08-01 12:01:22	24	1	1	0
      165	2023-08-01 12:04:37	24	1	1	0
     2116	2023-08-01 12:05:22	24	1	1	0
     2172	2023-08-01 12:07:12	24	1	1	0
      598	2023-08-01 12:09:12	24	1	1	0
      614	2023-08-01 12:11:39	24	1	1	0
     2075	2023-08-01 12:14:06	24	1	1	0
     2070	2023-08-01 12:18:20	24	0	1	0
     2249	2023-08-01 12:19:25	24	0	1	0
     2172	2023-08-01 12:23:07	24	0	1	0
     2116	2023-08-01 12:27:00	24	0	1	0
      871	2023-08-01 12:31:00	24	1	1	0
     2075	2023-08-01 12:31:51	24	0	1	0
     2095	2023-08-01 12:32:08	24	1	1	0
      227	2023-08-01 12:33:01	24	1	1	0
      165	2023-08-01 12:34:07	24	0	1	0
      227	2023-08-01 12:34:22	24	0	1	0
      871	2023-08-01 12:35:14	24	0	1	0
      598	2023-08-01 12:36:00	24	0	1	0
     2095	2023-08-01 12:42:01	24	0	1	0
      614	2023-08-01 12:44:20	24	0	1	0
      165	2023-08-01 17:02:33	24	1	1	0
      598	2023-08-01 17:06:32	24	1	1	0
     2116	2023-08-01 17:08:21	24	1	1	0
      614	2023-08-01 17:13:03	24	1	1	0
      378	2023-08-01 17:13:22	24	1	1	0
      378	2023-08-01 17:13:37	24	1	1	0
      378	2023-08-01 17:13:39	24	1	1	0
     2070	2023-08-01 17:14:58	24	1	1	0
     2249	2023-08-01 17:16:18	24	1	1	0
      227	2023-08-01 17:17:14	24	1	1	0
     2075	2023-08-01 17:26:51	24	1	1	0
     2172	2023-08-01 17:27:12	24	1	1	0
     2095	2023-08-01 17:31:17	24	1	1	0
      871	2023-08-01 17:31:20	24	1	1	0
      256	2023-08-01 18:17:55	24	1	1	0
      165	2023-08-02 07:00:22	24	0	1	0
      256	2023-08-02 07:39:53	24	0	1	0
      598	2023-08-02 07:49:59	24	0	1	0
      871	2023-08-02 07:50:38	24	0	1	0
     2075	2023-08-02 07:50:40	24	0	1	0
     2095	2023-08-02 07:50:52	24	0	1	0
     2075	2023-08-02 07:51:21	24	0	1	0
     2249	2023-08-02 07:51:30	24	0	1	0
      378	2023-08-02 07:57:49	24	0	1	0
      227	2023-08-02 07:58:08	24	0	1	0
     2435	2023-08-02 07:58:13	24	0	1	0
     2435	2023-08-02 07:58:15	24	0	1	0
     2435	2023-08-02 07:58:16	24	0	1	0
     2070	2023-08-02 07:59:27	24	0	1	0
     1993	2023-08-02 08:04:50	24	0	1	0
     2172	2023-08-02 08:24:44	24	0	1	0
      614	2023-08-02 08:35:21	24	0	1	0
     2116	2023-08-02 08:35:34	24	0	1	0
      598	2023-08-02 12:00:21	24	1	1	0
     2116	2023-08-02 12:02:54	24	1	1	0
     2070	2023-08-02 12:08:20	24	1	1	0
      378	2023-08-02 12:08:31	24	1	1	0
     2249	2023-08-02 12:09:32	24	1	1	0
     1993	2023-08-02 12:09:38	24	1	1	0
     2435	2023-08-02 12:10:28	24	1	1	0
     2095	2023-08-02 12:10:36	24	1	1	0
      227	2023-08-02 12:11:21	24	1	1	0
     2075	2023-08-02 12:16:18	24	1	1	0
      598	2023-08-02 12:18:46	24	0	1	0
      165	2023-08-02 12:22:32	24	1	1	0
     2249	2023-08-02 12:22:47	24	0	1	0
     2070	2023-08-02 12:26:45	24	0	1	0
     1993	2023-08-02 12:26:50	24	0	1	0
     2075	2023-08-02 12:26:56	24	0	1	0
     2172	2023-08-02 12:27:03	24	1	1	0
      165	2023-08-02 12:30:08	24	0	1	0
      378	2023-08-02 12:35:13	24	0	1	0
     2435	2023-08-02 12:41:00	24	0	1	0
     2095	2023-08-02 12:45:10	24	0	1	0
     2172	2023-08-02 12:48:17	24	0	1	0
     2435	2023-08-02 12:49:43	24	0	1	0
      614	2023-08-02 12:53:13	24	1	1	0
      256	2023-08-02 12:53:21	24	1	1	0
      256	2023-08-02 12:54:16	24	0	1	0
      614	2023-08-02 12:55:51	24	0	1	0
     2116	2023-08-02 12:55:57	24	0	1	0
      165	2023-08-02 17:00:08	24	1	1	0
      598	2023-08-02 17:02:17	24	1	1	0
     2435	2023-08-02 17:07:06	24	1	1	0
     2435	2023-08-02 17:07:07	24	1	1	0
     2435	2023-08-02 17:07:09	24	1	1	0
     2116	2023-08-02 17:07:14	24	1	1	0
     2070	2023-08-02 17:13:12	24	1	1	0
     2249	2023-08-02 17:15:26	24	1	1	0
      378	2023-08-02 17:16:36	24	1	1	0
      378	2023-08-02 17:16:38	24	1	1	0
      227	2023-08-02 17:24:37	24	1	1	0
     2075	2023-08-02 17:28:58	24	1	1	0
     2075	2023-08-02 17:29:00	24	1	1	0
      256	2023-08-02 17:33:51	24	1	1	0
     2095	2023-08-02 17:34:12	24	1	1	0
     1993	2023-08-02 17:34:32	24	1	1	0
     2172	2023-08-02 17:35:13	24	1	1	0
      871	2023-08-02 17:36:33	24	1	1	0
      165	2023-08-03 07:05:06	24	0	1	0
     1993	2023-08-03 07:19:06	24	0	1	0
     2249	2023-08-03 07:42:40	24	0	1	0
     2075	2023-08-03 07:46:45	24	0	1	0
     2075	2023-08-03 07:46:47	24	0	1	0
      598	2023-08-03 07:47:32	24	0	1	0
      871	2023-08-03 07:48:05	24	0	1	0
      614	2023-08-03 07:54:39	24	0	1	0
      227	2023-08-03 07:54:52	24	0	1	0
      378	2023-08-03 07:54:59	24	0	1	0
     2435	2023-08-03 07:57:37	24	0	1	0
     2435	2023-08-03 07:57:39	24	0	1	0
     2435	2023-08-03 07:57:41	24	0	1	0
     2095	2023-08-03 07:57:49	24	0	1	0
     2070	2023-08-03 07:58:37	24	0	1	0
     2172	2023-08-03 08:39:11	24	0	1	0
     2095	2023-08-03 12:05:13	24	1	1	0
     2070	2023-08-03 12:05:37	24	1	1	0
      871	2023-08-03 12:05:53	24	1	1	0
      598	2023-08-03 12:07:12	24	1	1	0
      378	2023-08-03 12:09:48	24	1	1	0
     2075	2023-08-03 12:13:24	24	1	1	0
     2435	2023-08-03 12:17:46	24	1	1	0
      227	2023-08-03 12:19:09	24	1	1	0
      598	2023-08-03 12:19:37	24	0	1	0
      871	2023-08-03 12:19:53	24	0	1	0
     2070	2023-08-03 12:21:40	24	0	1	0
     2172	2023-08-03 12:22:12	24	1	1	0
     2249	2023-08-03 12:28:58	24	1	1	0
     2095	2023-08-03 12:31:48	24	0	1	0
     2075	2023-08-03 12:33:26	24	0	1	0
     2435	2023-08-03 12:38:28	24	0	1	0
     2075	2023-08-03 12:41:00	24	0	1	0
      871	2023-08-03 12:45:21	24	0	1	0
      378	2023-08-03 12:46:00	24	0	1	0
     2435	2023-08-03 12:49:16	24	0	1	0
     2172	2023-08-03 12:49:21	24	0	1	0
     1993	2023-08-03 12:49:46	24	1	1	0
     1993	2023-08-03 12:51:54	24	0	1	0
      614	2023-08-03 12:56:17	24	1	1	0
      227	2023-08-03 12:56:26	24	0	1	0
      614	2023-08-03 12:58:06	24	0	1	0
      165	2023-08-03 17:05:15	24	1	1	0
      598	2023-08-03 17:05:40	24	1	1	0
      614	2023-08-03 17:07:09	24	1	1	0
      378	2023-08-03 17:07:15	24	1	1	0
      378	2023-08-03 17:07:17	24	1	1	0
      378	2023-08-03 17:07:19	24	1	1	0
     1993	2023-08-03 17:09:32	24	1	1	0
     2435	2023-08-03 17:11:24	24	1	1	0
     2435	2023-08-03 17:11:26	24	1	1	0
     2435	2023-08-03 17:11:27	24	1	1	0
     2070	2023-08-03 17:12:11	24	1	1	0
     2075	2023-08-03 17:14:22	24	1	1	0
     2172	2023-08-03 17:14:28	24	1	1	0
      227	2023-08-03 17:17:40	24	1	1	0
     1993	2023-08-03 19:50:00	24	1	1	0
      165	2023-08-04 07:06:01	24	0	1	0
     1993	2023-08-04 07:27:14	24	0	1	0
     2075	2023-08-04 07:42:36	24	0	1	0
      598	2023-08-04 07:53:59	24	0	1	0
     2435	2023-08-04 07:57:54	24	0	1	0
     2435	2023-08-04 07:57:55	24	0	1	0
     2435	2023-08-04 07:57:57	24	0	1	0
      378	2023-08-04 08:00:19	24	0	1	0
      227	2023-08-04 08:01:13	24	0	1	0
     2070	2023-08-04 08:01:51	24	0	1	0
     2095	2023-08-04 08:05:18	24	0	1	0
     2116	2023-08-04 08:13:18	24	0	1	0
      614	2023-08-04 08:15:25	24	0	1	0
     2172	2023-08-04 08:16:34	24	0	1	0
      598	2023-08-04 12:03:03	24	1	1	0
     2095	2023-08-04 12:03:17	24	1	1	0
     2070	2023-08-04 12:04:42	24	1	1	0
     1993	2023-08-04 12:05:44	24	1	1	0
     1993	2023-08-04 12:06:31	24	0	1	0
     2075	2023-08-04 12:06:45	24	1	1	0
     2435	2023-08-04 12:08:06	24	1	1	0
      598	2023-08-04 12:08:10	24	0	1	0
     2116	2023-08-04 12:09:38	24	1	1	0
      378	2023-08-04 12:09:54	24	1	1	0
     2075	2023-08-04 12:10:52	24	0	1	0
     2070	2023-08-04 12:15:10	24	0	1	0
      614	2023-08-04 12:29:50	24	1	1	0
     2435	2023-08-04 12:33:05	24	1	1	0
      614	2023-08-04 12:36:28	24	0	1	0
     2172	2023-08-04 12:42:29	24	1	1	0
     2095	2023-08-04 12:44:46	24	0	1	0
     2116	2023-08-04 12:45:05	24	0	1	0
      378	2023-08-04 12:47:11	24	0	1	0
     2172	2023-08-04 12:50:26	24	0	1	0
      165	2023-08-04 17:02:27	24	1	1	0
     2075	2023-08-04 17:07:15	24	1	1	0
     2075	2023-08-04 17:07:17	24	1	1	0
     2435	2023-08-04 17:10:31	24	1	1	0
     2435	2023-08-04 17:10:33	24	1	1	0
     2435	2023-08-04 17:10:35	24	1	1	0
     2172	2023-08-04 17:13:13	24	1	1	0
     2075	2023-08-04 17:13:19	24	1	1	0
     2070	2023-08-04 17:13:50	24	1	1	0
     2070	2023-08-04 17:15:09	24	1	1	0
     2116	2023-08-04 17:16:57	24	1	1	0
      614	2023-08-04 17:17:09	24	1	1	0
      378	2023-08-04 17:17:13	24	1	1	0
      378	2023-08-04 17:17:15	24	1	1	0
      378	2023-08-04 17:17:17	24	1	1	0
     2435	2023-08-04 17:17:18	24	1	1	0
     2435	2023-08-04 17:17:20	24	1	1	0
     2435	2023-08-04 17:17:21	24	1	1	0
      598	2023-08-04 17:27:20	24	1	1	0
      227	2023-08-04 17:28:31	24	1	1	0
     2095	2023-08-04 17:36:03	24	1	1	0
     1993	2023-08-04 17:36:08	24	1	1	0
      165	2023-08-07 07:14:36	24	0	1	0
     2172	2023-08-07 07:38:04	24	0	1	0
     2075	2023-08-07 07:47:29	24	0	1	0
     2075	2023-08-07 07:47:51	24	0	1	0
      598	2023-08-07 07:49:22	24	0	1	0
      378	2023-08-07 07:49:27	24	0	1	0
     2249	2023-08-07 07:49:55	24	0	1	0
      227	2023-08-07 07:50:02	24	0	1	0
      614	2023-08-07 07:55:24	24	0	1	0
     2095	2023-08-07 07:55:34	24	0	1	0
     2070	2023-08-07 07:56:23	24	0	1	0
     2435	2023-08-07 07:56:37	24	0	1	0
     2435	2023-08-07 07:56:38	24	0	1	0
     2435	2023-08-07 07:56:40	24	0	1	0
     2116	2023-08-07 08:00:53	24	0	1	0
     2116	2023-08-07 08:00:57	24	0	1	0
     1993	2023-08-07 08:13:25	24	0	1	0
      871	2023-08-07 08:49:04	24	0	1	0
     2095	2023-08-07 12:02:06	24	1	1	0
     2075	2023-08-07 12:02:35	24	1	1	0
     2249	2023-08-07 12:02:42	24	1	1	0
     2172	2023-08-07 12:02:54	24	1	1	0
     2116	2023-08-07 12:03:04	24	1	1	0
     2070	2023-08-07 12:03:10	24	1	1	0
      165	2023-08-07 12:04:39	24	1	1	0
     2249	2023-08-07 12:12:30	24	0	1	0
     2075	2023-08-07 12:13:30	24	0	1	0
     2116	2023-08-07 12:13:37	24	0	1	0
      165	2023-08-07 12:16:49	24	0	1	0
     2435	2023-08-07 12:18:13	24	0	1	0
      227	2023-08-07 12:18:18	24	0	1	0
      598	2023-08-07 12:20:46	24	1	1	0
      614	2023-08-07 12:21:00	24	1	1	0
      598	2023-08-07 12:21:18	24	0	1	0
      378	2023-08-07 12:22:57	24	1	1	0
     2070	2023-08-07 12:31:58	24	0	1	0
      378	2023-08-07 12:33:02	24	0	1	0
     2435	2023-08-07 12:33:24	24	0	1	0
      614	2023-08-07 12:39:20	24	0	1	0
     2095	2023-08-07 12:42:02	24	0	1	0
      871	2023-08-07 12:42:06	24	1	1	0
     2172	2023-08-07 12:44:28	24	0	1	0
      871	2023-08-07 12:49:46	24	0	1	0
      871	2023-08-07 12:49:51	24	0	1	0
      165	2023-08-07 17:02:12	24	1	1	0
     2075	2023-08-07 17:03:24	24	1	1	0
     2116	2023-08-07 17:04:28	24	1	1	0
     2172	2023-08-07 17:05:48	24	1	1	0
      598	2023-08-07 17:07:07	24	1	1	0
     2095	2023-08-07 17:07:34	24	1	1	0
      614	2023-08-07 17:08:13	24	1	1	0
      378	2023-08-07 17:08:50	24	1	1	0
      378	2023-08-07 17:08:52	24	1	1	0
      378	2023-08-07 17:08:55	24	1	1	0
     2435	2023-08-07 17:09:04	24	1	1	0
     2435	2023-08-07 17:09:05	24	1	1	0
     2435	2023-08-07 17:09:07	24	1	1	0
     2249	2023-08-07 17:13:54	24	1	1	0
     2070	2023-08-07 17:16:21	24	1	1	0
     1993	2023-08-07 17:21:13	24	1	1	0
      871	2023-08-07 17:32:31	24	1	1	0
      256	2023-08-07 17:58:58	24	1	1	0
      165	2023-08-08 07:00:26	24	0	1	0
     1993	2023-08-08 07:19:14	24	0	1	0
     2172	2023-08-08 07:38:10	24	0	1	0
     2075	2023-08-08 07:39:44	24	0	1	0
      871	2023-08-08 07:43:12	24	0	1	0
      598	2023-08-08 07:49:25	24	0	1	0
     2249	2023-08-08 07:49:29	24	0	1	0
      227	2023-08-08 07:56:27	24	0	1	0
     2116	2023-08-08 07:56:32	24	0	1	0
     2070	2023-08-08 07:57:17	24	0	1	0
      378	2023-08-08 07:57:42	24	0	1	0
     2435	2023-08-08 07:59:04	24	0	1	0
     2435	2023-08-08 07:59:06	24	0	1	0
     2435	2023-08-08 07:59:10	24	0	1	0
     2095	2023-08-08 08:03:03	24	0	1	0
      614	2023-08-08 08:05:22	24	0	1	0
     2070	2023-08-08 12:03:22	24	1	1	0
     2249	2023-08-08 12:03:36	24	1	1	0
     2095	2023-08-08 12:04:05	24	1	1	0
     1993	2023-08-08 12:04:10	24	1	1	0
     2075	2023-08-08 12:05:09	24	1	1	0
      614	2023-08-08 12:05:14	24	1	1	0
     2116	2023-08-08 12:05:33	24	1	1	0
     2172	2023-08-08 12:06:21	24	1	1	0
     2172	2023-08-08 12:12:31	24	0	1	0
     2070	2023-08-08 12:14:23	24	0	1	0
     2249	2023-08-08 12:15:13	24	0	1	0
     2116	2023-08-08 12:21:15	24	0	1	0
      614	2023-08-08 12:21:18	24	0	1	0
     2435	2023-08-08 12:26:50	24	0	1	0
     2075	2023-08-08 12:28:04	24	0	1	0
      227	2023-08-08 12:32:54	24	1	1	0
      598	2023-08-08 12:33:32	24	1	1	0
     2435	2023-08-08 12:39:13	24	1	1	0
     2095	2023-08-08 12:41:26	24	0	1	0
     1993	2023-08-08 12:41:32	24	0	1	0
      227	2023-08-08 12:42:39	24	0	1	0
      598	2023-08-08 12:46:42	24	0	1	0
     2435	2023-08-08 12:47:01	24	0	1	0
      165	2023-08-08 17:02:55	24	1	1	0
     2095	2023-08-08 17:06:16	24	1	1	0
     2435	2023-08-08 17:07:52	24	1	1	0
     2435	2023-08-08 17:07:54	24	1	1	0
     2435	2023-08-08 17:07:55	24	1	1	0
     2075	2023-08-08 17:08:37	24	1	1	0
     2075	2023-08-08 17:08:41	24	1	1	0
      598	2023-08-08 17:08:45	24	1	1	0
     2116	2023-08-08 17:08:49	24	1	1	0
     2249	2023-08-08 17:11:41	24	1	1	0
     2070	2023-08-08 17:13:06	24	1	1	0
      227	2023-08-08 17:14:05	24	1	1	0
      871	2023-08-08 17:15:44	24	1	1	0
     2172	2023-08-08 17:16:37	24	1	1	0
      378	2023-08-08 17:16:54	24	1	1	0
      378	2023-08-08 17:16:56	24	1	1	0
      378	2023-08-08 17:16:58	24	1	1	0
      614	2023-08-08 17:17:07	24	1	1	0
     1993	2023-08-08 17:17:12	24	1	1	0
      165	2023-08-09 07:06:52	24	0	1	0
     1993	2023-08-09 07:32:01	24	0	1	0
      871	2023-08-09 07:36:11	24	0	1	0
      378	2023-08-09 07:40:12	24	0	1	0
     2249	2023-08-09 07:48:29	24	0	1	0
     2075	2023-08-09 07:50:23	24	0	1	0
      598	2023-08-09 07:50:51	24	0	1	0
     2116	2023-08-09 07:54:39	24	0	1	0
     2435	2023-08-09 07:57:49	24	0	1	0
     2435	2023-08-09 07:57:50	24	0	1	0
     2435	2023-08-09 07:57:52	24	0	1	0
      227	2023-08-09 08:03:35	24	0	1	0
     2095	2023-08-09 08:09:11	24	0	1	0
     2070	2023-08-09 08:12:51	24	0	1	0
     2172	2023-08-09 08:14:41	24	0	1	0
      614	2023-08-09 08:46:03	24	0	1	0
     2116	2023-08-09 12:00:18	24	1	1	0
     2116	2023-08-09 12:02:17	24	0	1	0
     2095	2023-08-09 12:02:37	24	1	1	0
      165	2023-08-09 12:03:52	24	1	1	0
     2075	2023-08-09 12:04:08	24	1	1	0
     2249	2023-08-09 12:07:24	24	1	1	0
     2070	2023-08-09 12:12:16	24	1	1	0
     2435	2023-08-09 12:16:30	24	1	1	0
      614	2023-08-09 12:18:01	24	1	1	0
      165	2023-08-09 12:18:22	24	0	1	0
     2075	2023-08-09 12:20:22	24	0	1	0
     2172	2023-08-09 12:22:06	24	0	1	0
      614	2023-08-09 12:22:20	24	0	1	0
     2070	2023-08-09 12:22:53	24	0	1	0
      598	2023-08-09 12:28:56	24	1	1	0
      227	2023-08-09 12:29:07	24	1	1	0
      598	2023-08-09 12:30:11	24	0	1	0
      227	2023-08-09 12:30:23	24	0	1	0
     2249	2023-08-09 12:33:26	24	0	1	0
      378	2023-08-09 12:38:49	24	1	1	0
     2435	2023-08-09 12:45:58	24	0	1	0
      378	2023-08-09 12:53:02	24	0	1	0
     1993	2023-08-09 12:55:36	24	1	1	0
      871	2023-08-09 12:55:41	24	1	1	0
      871	2023-08-09 12:56:13	24	0	1	0
     1993	2023-08-09 12:56:18	24	0	1	0
      598	2023-08-09 17:00:09	24	1	1	0
      165	2023-08-09 17:08:56	24	1	1	0
     2172	2023-08-09 17:09:27	24	1	1	0
     2075	2023-08-09 17:09:32	24	1	1	0
     2249	2023-08-09 17:10:57	24	1	1	0
     2116	2023-08-09 17:11:18	24	1	1	0
     2435	2023-08-09 17:11:22	24	1	1	0
     2435	2023-08-09 17:11:23	24	1	1	0
     2435	2023-08-09 17:11:25	24	1	1	0
      614	2023-08-09 17:11:40	24	1	1	0
      378	2023-08-09 17:11:49	24	1	1	0
      378	2023-08-09 17:11:54	24	1	1	0
      378	2023-08-09 17:11:57	24	1	1	0
     2095	2023-08-09 17:13:02	24	1	1	0
     2070	2023-08-09 17:15:30	24	1	1	0
      227	2023-08-09 17:18:14	24	1	1	0
     1993	2023-08-09 17:44:56	24	1	1	0
      871	2023-08-09 17:57:22	24	1	1	0
      165	2023-08-10 07:04:58	24	0	1	0
     2172	2023-08-10 07:47:14	24	0	1	0
     2075	2023-08-10 07:47:36	24	0	1	0
      598	2023-08-10 07:49:13	24	0	1	0
     2249	2023-08-10 07:49:33	24	0	1	0
     2095	2023-08-10 07:51:01	24	0	1	0
      378	2023-08-10 07:51:37	24	0	1	0
     2435	2023-08-10 07:56:49	24	0	1	0
     2435	2023-08-10 07:56:53	24	0	1	0
     2435	2023-08-10 07:56:54	24	0	1	0
      227	2023-08-10 08:01:25	24	0	1	0
      614	2023-08-10 08:08:45	24	0	1	0
     2070	2023-08-10 08:13:22	24	0	1	0
     2116	2023-08-10 08:32:14	24	0	1	0
      165	2023-08-10 12:00:05	24	1	1	0
     2249	2023-08-10 12:01:00	24	1	1	0
     2075	2023-08-10 12:01:27	24	1	1	0
     2070	2023-08-10 12:05:12	24	1	1	0
     2095	2023-08-10 12:06:02	24	1	1	0
     2116	2023-08-10 12:07:14	24	1	1	0
      227	2023-08-10 12:07:17	24	1	1	0
     2435	2023-08-10 12:10:18	24	1	1	0
      378	2023-08-10 12:10:33	24	1	1	0
     2116	2023-08-10 12:11:21	24	0	1	0
     2075	2023-08-10 12:18:46	24	0	1	0
     2070	2023-08-10 12:19:54	24	0	1	0
     2172	2023-08-10 12:20:12	24	1	1	0
      165	2023-08-10 12:20:28	24	0	1	0
      614	2023-08-10 12:22:21	24	1	1	0
      598	2023-08-10 12:24:09	24	1	1	0
      598	2023-08-10 12:29:12	24	0	1	0
      227	2023-08-10 12:31:19	24	0	1	0
     2249	2023-08-10 12:33:47	24	0	1	0
      378	2023-08-10 12:43:02	24	0	1	0
     1993	2023-08-10 12:46:53	24	0	1	0
     2435	2023-08-10 12:49:20	24	0	1	0
     2172	2023-08-10 12:49:36	24	0	1	0
     2095	2023-08-10 12:55:00	24	0	1	0
      614	2023-08-10 12:56:25	24	0	1	0
      165	2023-08-10 17:02:21	24	1	1	0
      614	2023-08-10 17:03:18	24	1	1	0
      598	2023-08-10 17:05:22	24	1	1	0
      378	2023-08-10 17:06:33	24	1	1	0
      378	2023-08-10 17:06:35	24	1	1	0
      378	2023-08-10 17:06:37	24	1	1	0
     2435	2023-08-10 17:07:19	24	1	1	0
     2435	2023-08-10 17:07:21	24	1	1	0
     2435	2023-08-10 17:07:22	24	1	1	0
      227	2023-08-10 17:07:57	24	1	1	0
      227	2023-08-10 17:12:35	24	1	1	0
      256	2023-08-10 17:14:02	24	1	1	0
     2075	2023-08-10 17:15:18	24	1	1	0
     2172	2023-08-10 17:16:09	24	1	1	0
     2070	2023-08-10 17:16:15	24	1	1	0
     2116	2023-08-10 17:18:34	24	1	1	0
     2249	2023-08-10 17:22:28	24	1	1	0
      256	2023-08-10 17:28:45	24	1	1	0
     1993	2023-08-10 17:29:42	24	1	1	0
     2095	2023-08-10 17:29:52	24	1	1	0
      165	2023-08-11 07:06:22	24	0	1	0
     2075	2023-08-11 07:44:32	24	0	1	0
      378	2023-08-11 07:44:56	24	0	1	0
     2249	2023-08-11 07:45:41	24	0	1	0
     2095	2023-08-11 07:46:56	24	0	1	0
      598	2023-08-11 07:49:51	24	0	1	0
     2435	2023-08-11 07:56:40	24	0	1	0
     2435	2023-08-11 07:56:42	24	0	1	0
     2435	2023-08-11 07:56:50	24	0	1	0
      227	2023-08-11 07:57:01	24	0	1	0
      227	2023-08-11 07:57:07	24	0	1	0
      614	2023-08-11 07:57:48	24	0	1	0
     2070	2023-08-11 07:58:03	24	0	1	0
     2116	2023-08-11 08:00:15	24	0	1	0
      871	2023-08-11 08:03:28	24	0	1	0
     1993	2023-08-11 08:11:00	24	0	1	0
     2172	2023-08-11 08:37:50	24	0	1	0
     1993	2023-08-11 12:01:11	24	1	1	0
     1993	2023-08-11 12:03:03	24	0	1	0
     2070	2023-08-11 12:05:36	24	1	1	0
      165	2023-08-11 12:08:36	24	1	1	0
     2075	2023-08-11 12:09:02	24	1	1	0
      227	2023-08-11 12:09:43	24	1	1	0
     2095	2023-08-11 12:09:57	24	1	1	0
     2116	2023-08-11 12:12:58	24	1	1	0
     2249	2023-08-11 12:18:28	24	1	1	0
      614	2023-08-11 12:26:49	24	1	1	0
     2070	2023-08-11 12:29:44	24	0	1	0
     2116	2023-08-11 12:30:17	24	0	1	0
      614	2023-08-11 12:31:04	24	0	1	0
      598	2023-08-11 12:31:26	24	1	1	0
      598	2023-08-11 12:32:40	24	0	1	0
     2249	2023-08-11 12:37:07	24	0	1	0
      165	2023-08-11 12:42:28	24	0	1	0
     2172	2023-08-11 12:46:28	24	1	1	0
     2172	2023-08-11 12:49:06	24	0	1	0
      227	2023-08-11 12:50:50	24	0	1	0
     2095	2023-08-11 12:52:50	24	0	1	0
     2075	2023-08-11 12:56:09	24	0	1	0
     2075	2023-08-11 16:00:13	24	1	1	0
     2075	2023-08-11 16:00:18	24	1	1	0
      165	2023-08-11 17:00:29	24	1	1	0
      598	2023-08-11 17:01:27	24	1	1	0
     2116	2023-08-11 17:02:23	24	1	1	0
      598	2023-08-11 17:04:30	24	1	1	0
      378	2023-08-11 17:04:45	24	1	1	0
      378	2023-08-11 17:04:47	24	1	1	0
      378	2023-08-11 17:04:49	24	1	1	0
     2435	2023-08-11 17:04:51	24	1	1	0
     2435	2023-08-11 17:04:53	24	1	1	0
     2435	2023-08-11 17:04:54	24	1	1	0
     2172	2023-08-11 17:12:01	24	1	1	0
     2070	2023-08-11 17:12:10	24	1	1	0
     2249	2023-08-11 17:13:21	24	1	1	0
      614	2023-08-11 17:14:23	24	1	1	0
      227	2023-08-11 17:17:05	24	1	1	0
     2070	2023-08-11 17:20:27	24	1	1	0
      256	2023-08-11 17:27:41	24	1	1	0
      871	2023-08-11 17:33:19	24	1	1	0
     1993	2023-08-11 17:37:33	24	1	1	0
      165	2023-08-14 07:03:30	24	0	1	0
      614	2023-08-14 07:09:49	24	0	1	0
      871	2023-08-14 07:35:21	24	0	1	0
     1993	2023-08-14 07:36:15	24	0	1	0
      598	2023-08-14 07:43:03	24	0	1	0
      256	2023-08-14 07:46:06	24	0	1	0
     2075	2023-08-14 07:46:33	24	1	1	0
     2075	2023-08-14 07:46:38	24	0	1	0
     2075	2023-08-14 07:46:40	24	0	1	0
     2116	2023-08-14 07:48:45	24	0	1	0
     2249	2023-08-14 07:51:14	24	0	1	0
     2435	2023-08-14 07:57:40	24	0	1	0
     2435	2023-08-14 07:57:42	24	0	1	0
     2435	2023-08-14 07:57:43	24	0	1	0
     2070	2023-08-14 07:57:48	24	0	1	0
     2095	2023-08-14 08:03:07	24	0	1	0
      227	2023-08-14 08:06:37	24	0	1	0
      378	2023-08-14 08:13:09	24	0	1	0
     2172	2023-08-14 08:15:36	24	0	1	0
     2116	2023-08-14 12:01:09	24	1	1	0
      598	2023-08-14 12:01:55	24	1	1	0
      165	2023-08-14 12:03:24	24	1	1	0
      256	2023-08-14 12:06:00	24	1	1	0
      165	2023-08-14 12:09:26	24	0	1	0
      256	2023-08-14 12:13:42	24	0	1	0
     2095	2023-08-14 12:18:32	24	1	1	0
     2172	2023-08-14 12:19:21	24	1	1	0
      227	2023-08-14 12:19:58	24	1	1	0
     2249	2023-08-14 12:21:10	24	1	1	0
     2075	2023-08-14 12:21:31	24	1	1	0
      378	2023-08-14 12:21:42	24	1	1	0
      614	2023-08-14 12:23:50	24	1	1	0
     2435	2023-08-14 12:26:03	24	1	1	0
     2075	2023-08-14 12:26:10	24	0	1	0
     2070	2023-08-14 12:27:21	24	1	1	0
     2435	2023-08-14 12:30:04	24	1	1	0
      598	2023-08-14 12:31:40	24	1	1	0
      598	2023-08-14 12:32:44	24	0	1	0
     2172	2023-08-14 12:36:08	24	0	1	0
      227	2023-08-14 12:37:15	24	0	1	0
     2116	2023-08-14 12:39:13	24	0	1	0
      614	2023-08-14 12:41:14	24	0	1	0
     2070	2023-08-14 12:48:07	24	0	1	0
      871	2023-08-14 12:51:07	24	1	1	0
      871	2023-08-14 12:52:21	24	0	1	0
      378	2023-08-14 12:53:18	24	0	1	0
     2095	2023-08-14 12:55:16	24	0	1	0
      165	2023-08-14 17:00:30	24	1	1	0
      598	2023-08-14 17:05:48	24	1	1	0
     2075	2023-08-14 17:06:54	24	1	1	0
     2116	2023-08-14 17:06:59	24	1	1	0
     2095	2023-08-14 17:13:42	24	1	1	0
     2172	2023-08-14 17:14:41	24	1	1	0
      378	2023-08-14 17:15:04	24	1	1	0
      378	2023-08-14 17:15:07	24	1	1	0
     2435	2023-08-14 17:15:11	24	1	1	0
     2435	2023-08-14 17:15:12	24	1	1	0
     2435	2023-08-14 17:15:14	24	1	1	0
      614	2023-08-14 17:15:17	24	1	1	0
     2070	2023-08-14 17:16:58	24	1	1	0
      227	2023-08-14 17:34:57	24	1	1	0
      871	2023-08-14 17:56:48	24	1	1	0
      256	2023-08-14 18:06:31	24	1	1	0
     1993	2023-08-14 18:07:49	24	1	1	0
      614	2023-08-15 07:04:52	24	0	1	0
      165	2023-08-15 07:06:38	24	0	1	0
     1993	2023-08-15 07:41:51	24	0	1	0
      598	2023-08-15 07:43:54	24	0	1	0
     2249	2023-08-15 07:47:26	24	0	1	0
      378	2023-08-15 07:48:01	24	0	1	0
     2435	2023-08-15 07:56:46	24	0	1	0
     2435	2023-08-15 07:56:48	24	0	1	0
     2435	2023-08-15 07:56:50	24	0	1	0
     2070	2023-08-15 07:57:49	24	0	1	0
      227	2023-08-15 07:59:44	24	0	1	0
     2095	2023-08-15 08:06:05	24	0	1	0
     2172	2023-08-15 08:23:15	24	0	1	0
     2116	2023-08-15 08:36:38	24	0	1	0
     1993	2023-08-15 12:00:07	24	1	1	0
     1993	2023-08-15 12:02:13	24	0	1	0
      165	2023-08-15 12:06:01	24	1	1	0
     2095	2023-08-15 12:07:44	24	1	1	0
     2249	2023-08-15 12:09:01	24	1	1	0
      227	2023-08-15 12:09:38	24	1	1	0
      378	2023-08-15 12:13:53	24	1	1	0
     2116	2023-08-15 12:16:04	24	1	1	0
     2070	2023-08-15 12:21:30	24	1	1	0
     2070	2023-08-15 12:24:54	24	0	1	0
     2172	2023-08-15 12:27:09	24	1	1	0
      598	2023-08-15 12:28:52	24	1	1	0
      614	2023-08-15 12:29:00	24	1	1	0
     2435	2023-08-15 12:30:51	24	0	1	0
     2116	2023-08-15 12:30:57	24	0	1	0
     2435	2023-08-15 12:33:16	24	0	1	0
      165	2023-08-15 12:33:33	24	0	1	0
      598	2023-08-15 12:33:56	24	0	1	0
     2172	2023-08-15 12:35:19	24	0	1	0
      598	2023-08-15 12:35:22	24	0	1	0
     2249	2023-08-15 12:35:32	24	0	1	0
      614	2023-08-15 12:40:51	24	0	1	0
      227	2023-08-15 12:41:29	24	0	1	0
      378	2023-08-15 12:44:11	24	0	1	0
      165	2023-08-15 17:00:17	24	1	1	0
     2435	2023-08-15 17:01:47	24	1	1	0
     2435	2023-08-15 17:01:49	24	1	1	0
     2435	2023-08-15 17:01:51	24	1	1	0
      378	2023-08-15 17:01:58	24	1	1	0
      378	2023-08-15 17:02:01	24	1	1	0
      378	2023-08-15 17:02:03	24	1	1	0
      614	2023-08-15 17:02:49	24	1	1	0
      614	2023-08-15 17:02:54	24	1	1	0
      614	2023-08-15 17:02:59	24	1	1	0
      598	2023-08-15 17:03:01	24	1	1	0
     2116	2023-08-15 17:03:09	24	1	1	0
     1993	2023-08-15 17:03:50	24	1	1	0
     2070	2023-08-15 17:08:18	24	1	1	0
     2249	2023-08-15 17:20:57	24	1	1	0
      227	2023-08-15 17:23:24	24	1	1	0
     2172	2023-08-15 17:24:25	24	1	1	0
     2095	2023-08-15 17:24:42	24	1	1	0
      165	2023-08-16 07:12:59	24	0	1	0
      614	2023-08-16 07:17:43	24	0	1	0
     2249	2023-08-16 07:49:13	24	0	1	0
     2075	2023-08-16 07:50:54	24	0	1	0
      598	2023-08-16 07:54:07	24	0	1	0
     2116	2023-08-16 07:55:15	24	0	1	0
     2435	2023-08-16 07:55:42	24	0	1	0
     2435	2023-08-16 07:55:43	24	0	1	0
     2435	2023-08-16 07:55:45	24	0	1	0
     2095	2023-08-16 07:56:01	24	0	1	0
     1993	2023-08-16 07:56:45	24	0	1	0
      227	2023-08-16 08:02:07	24	0	1	0
      378	2023-08-16 08:02:32	24	0	1	0
     2070	2023-08-16 08:13:32	24	0	1	0
     2249	2023-08-16 12:04:02	24	1	1	0
     1993	2023-08-16 12:04:53	24	1	1	0
     2070	2023-08-16 12:05:04	24	1	1	0
      598	2023-08-16 12:05:36	24	1	1	0
     2116	2023-08-16 12:08:10	24	1	1	0
      165	2023-08-16 12:08:18	24	1	1	0
     1993	2023-08-16 12:09:23	24	0	1	0
     2435	2023-08-16 12:10:19	24	0	1	0
      598	2023-08-16 12:10:38	24	0	1	0
     2070	2023-08-16 12:13:39	24	0	1	0
      378	2023-08-16 12:14:39	24	1	1	0
     2075	2023-08-16 12:14:45	24	1	1	0
      614	2023-08-16 12:16:43	24	1	1	0
      614	2023-08-16 12:21:41	24	0	1	0
     2116	2023-08-16 12:21:45	24	0	1	0
      227	2023-08-16 12:23:32	24	1	1	0
     2095	2023-08-16 12:25:10	24	1	1	0
     2075	2023-08-16 12:28:08	24	0	1	0
     2249	2023-08-16 12:28:48	24	0	1	0
      227	2023-08-16 12:30:55	24	0	1	0
      165	2023-08-16 12:31:06	24	0	1	0
      378	2023-08-16 12:31:17	24	0	1	0
     2095	2023-08-16 12:33:50	24	0	1	0
     2435	2023-08-16 12:34:52	24	0	1	0
     2435	2023-08-16 12:53:41	24	0	1	0
     2435	2023-08-16 17:02:02	24	1	1	0
     2435	2023-08-16 17:02:04	24	1	1	0
     2435	2023-08-16 17:02:06	24	1	1	0
      598	2023-08-16 17:02:56	24	1	1	0
      378	2023-08-16 17:03:05	24	1	1	0
      378	2023-08-16 17:03:08	24	1	1	0
      378	2023-08-16 17:03:11	24	1	1	0
      165	2023-08-16 17:04:44	24	1	1	0
     2116	2023-08-16 17:06:53	24	1	1	0
     2249	2023-08-16 17:07:42	24	1	1	0
     2249	2023-08-16 17:09:46	24	1	1	0
      227	2023-08-16 17:10:03	24	1	1	0
     2075	2023-08-16 17:10:52	24	1	1	0
      614	2023-08-16 17:11:18	24	1	1	0
     2095	2023-08-16 17:11:46	24	1	1	0
     2070	2023-08-16 17:12:16	24	1	1	0
     2070	2023-08-16 17:47:07	24	1	1	0
     2075	2023-08-16 17:50:52	24	1	1	0
     1993	2023-08-16 20:21:01	24	1	1	0
      165	2023-08-17 07:18:27	24	0	1	0
     2075	2023-08-17 07:43:57	24	0	1	0
     2249	2023-08-17 07:48:47	24	0	1	0
     2095	2023-08-17 07:51:00	24	0	1	0
     1993	2023-08-17 07:57:42	24	0	1	0
     2116	2023-08-17 07:58:33	24	0	1	0
     2070	2023-08-17 07:58:43	24	0	1	0
     2435	2023-08-17 07:59:21	24	0	1	0
     2435	2023-08-17 07:59:23	24	0	1	0
     2435	2023-08-17 07:59:25	24	0	1	0
      227	2023-08-17 08:01:51	24	0	1	0
      378	2023-08-17 08:08:08	24	0	1	0
     2172	2023-08-17 08:15:14	24	0	1	0
      598	2023-08-17 08:30:13	24	0	1	0
     2172	2023-08-17 12:01:26	24	1	1	0
     2070	2023-08-17 12:02:55	24	1	1	0
     2116	2023-08-17 12:05:13	24	1	1	0
     2095	2023-08-17 12:08:04	24	1	1	0
      227	2023-08-17 12:12:54	24	1	1	0
      378	2023-08-17 12:14:41	24	1	1	0
     2116	2023-08-17 12:14:45	24	0	1	0
     2116	2023-08-17 12:15:04	24	0	1	0
     2249	2023-08-17 12:15:29	24	1	1	0
     2075	2023-08-17 12:16:54	24	1	1	0
     1993	2023-08-17 12:18:33	24	1	1	0
     2070	2023-08-17 12:19:29	24	0	1	0
      165	2023-08-17 12:20:19	24	1	1	0
     2172	2023-08-17 12:39:27	24	0	1	0
     2249	2023-08-17 12:40:18	24	0	1	0
      227	2023-08-17 12:41:15	24	1	1	0
     2075	2023-08-17 12:41:34	24	0	1	0
     2095	2023-08-17 12:42:01	24	0	1	0
      227	2023-08-17 12:45:18	24	0	1	0
      165	2023-08-17 12:45:35	24	0	1	0
      598	2023-08-17 12:47:47	24	1	1	0
     1993	2023-08-17 12:50:23	24	0	1	0
     2435	2023-08-17 12:50:37	24	1	1	0
     2435	2023-08-17 12:51:05	24	1	1	0
      165	2023-08-17 17:03:34	24	1	1	0
      598	2023-08-17 17:05:02	24	1	1	0
     2435	2023-08-17 17:08:38	24	1	1	0
     2435	2023-08-17 17:08:40	24	1	1	0
     2435	2023-08-17 17:08:43	24	1	1	0
     2075	2023-08-17 17:09:10	24	1	1	0
     2095	2023-08-17 17:09:16	24	1	1	0
     2172	2023-08-17 17:09:20	24	1	1	0
      227	2023-08-17 17:09:31	24	1	1	0
     2116	2023-08-17 17:09:53	24	1	1	0
     2116	2023-08-17 17:10:35	24	1	1	0
     2070	2023-08-17 17:10:41	24	1	1	0
     2249	2023-08-17 17:19:13	24	1	1	0
     1993	2023-08-17 17:19:31	24	1	1	0
      165	2023-08-18 07:06:03	24	0	1	0
      614	2023-08-18 07:12:15	24	0	1	0
     1993	2023-08-18 07:29:02	24	0	1	0
     2172	2023-08-18 07:46:24	24	0	1	0
     2075	2023-08-18 07:47:45	24	0	1	0
     2249	2023-08-18 07:49:22	24	0	1	0
      227	2023-08-18 07:53:30	24	0	1	0
     2095	2023-08-18 07:57:53	24	0	1	0
     2070	2023-08-18 07:58:35	24	0	1	0
      598	2023-08-18 08:11:39	24	0	1	0
     2116	2023-08-18 08:19:36	24	0	1	0
     2075	2023-08-18 12:00:51	24	1	1	0
     2070	2023-08-18 12:01:52	24	1	1	0
      165	2023-08-18 12:02:50	24	1	1	0
     2095	2023-08-18 12:09:42	24	1	1	0
     2116	2023-08-18 12:15:18	24	1	1	0
     2249	2023-08-18 12:15:32	24	1	1	0
      598	2023-08-18 12:19:41	24	1	1	0
      598	2023-08-18 12:21:51	24	0	1	0
      165	2023-08-18 12:22:52	24	0	1	0
      598	2023-08-18 12:22:55	24	0	1	0
     2070	2023-08-18 12:23:03	24	0	1	0
     2075	2023-08-18 12:24:01	24	0	1	0
      614	2023-08-18 12:24:17	24	1	1	0
     2095	2023-08-18 12:35:53	24	0	1	0
      614	2023-08-18 12:36:13	24	0	1	0
     2249	2023-08-18 12:36:58	24	0	1	0
      227	2023-08-18 12:39:37	24	1	1	0
      227	2023-08-18 12:41:10	24	1	1	0
     2172	2023-08-18 12:41:34	24	1	1	0
     2172	2023-08-18 12:49:24	24	0	1	0
      598	2023-08-18 17:00:03	24	1	1	0
     1993	2023-08-18 17:00:20	24	1	1	0
      165	2023-08-18 17:00:26	24	1	1	0
     2116	2023-08-18 17:00:32	24	1	1	0
     2435	2023-08-18 17:00:38	24	1	1	0
     2435	2023-08-18 17:00:40	24	1	1	0
     2435	2023-08-18 17:00:41	24	1	1	0
     2070	2023-08-18 17:01:21	24	1	1	0
     2249	2023-08-18 17:01:49	24	1	1	0
     2070	2023-08-18 17:02:11	24	1	1	0
     2075	2023-08-18 17:02:17	24	1	1	0
     2075	2023-08-18 17:02:21	24	1	1	0
      614	2023-08-18 17:02:26	24	1	1	0
     2172	2023-08-18 17:03:11	24	1	1	0
      227	2023-08-18 17:05:37	24	1	1	0
     2095	2023-08-18 17:09:57	24	1	1	0
      256	2023-08-22 07:10:33	24	0	1	0
      165	2023-08-22 07:13:13	24	0	1	0
      614	2023-08-22 07:16:11	24	0	1	0
     1993	2023-08-22 07:23:16	24	0	1	0
      871	2023-08-22 07:39:46	24	0	1	0
     2075	2023-08-22 07:44:17	24	0	1	0
     2249	2023-08-22 07:47:50	24	0	1	0
      598	2023-08-22 07:49:25	24	0	1	0
     2435	2023-08-22 07:55:02	24	0	1	0
     2435	2023-08-22 07:55:03	24	0	1	0
     2435	2023-08-22 07:55:05	24	0	1	0
     2116	2023-08-22 07:55:08	24	0	1	0
     2116	2023-08-22 07:55:14	24	0	1	0
     2070	2023-08-22 07:56:23	24	0	1	0
      227	2023-08-22 07:56:54	24	0	1	0
     2172	2023-08-22 07:57:10	24	0	1	0
      378	2023-08-22 08:02:04	24	0	1	0
     2095	2023-08-22 08:02:31	24	0	1	0
      165	2023-08-22 12:02:46	24	1	1	0
     2249	2023-08-22 12:04:00	24	1	1	0
      614	2023-08-22 12:05:19	24	1	1	0
     2075	2023-08-22 12:05:34	24	1	1	0
     2095	2023-08-22 12:05:47	24	1	1	0
     2075	2023-08-22 12:07:39	24	0	1	0
     2070	2023-08-22 12:07:53	24	1	1	0
     1993	2023-08-22 12:07:59	24	1	1	0
      165	2023-08-22 12:08:28	24	0	1	0
     1993	2023-08-22 12:11:53	24	0	1	0
      614	2023-08-22 12:15:13	24	0	1	0
      598	2023-08-22 12:18:10	24	1	1	0
      378	2023-08-22 12:18:25	24	1	1	0
     2435	2023-08-22 12:22:17	24	1	1	0
      227	2023-08-22 12:24:20	24	1	1	0
     2249	2023-08-22 12:25:36	24	0	1	0
     2435	2023-08-22 12:30:29	24	0	1	0
      227	2023-08-22 12:32:09	24	0	1	0
      598	2023-08-22 12:34:33	24	0	1	0
      378	2023-08-22 12:35:11	24	0	1	0
     2172	2023-08-22 12:36:00	24	1	1	0
      598	2023-08-22 12:36:03	24	1	1	0
     2070	2023-08-22 12:37:21	24	0	1	0
     2435	2023-08-22 12:38:02	24	0	1	0
     2435	2023-08-22 12:38:15	24	0	1	0
      871	2023-08-22 12:39:56	24	1	1	0
     2095	2023-08-22 12:40:56	24	0	1	0
      871	2023-08-22 12:46:19	24	0	1	0
     2172	2023-08-22 12:47:29	24	0	1	0
      165	2023-08-22 17:03:37	24	1	1	0
      614	2023-08-22 17:05:23	24	1	1	0
      598	2023-08-22 17:06:51	24	1	1	0
     2095	2023-08-22 17:11:57	24	1	1	0
     2435	2023-08-22 17:17:36	24	1	1	0
     2435	2023-08-22 17:17:37	24	1	1	0
     2435	2023-08-22 17:17:39	24	1	1	0
      378	2023-08-22 17:17:44	24	1	1	0
      378	2023-08-22 17:17:46	24	1	1	0
      378	2023-08-22 17:17:49	24	1	1	0
     2249	2023-08-22 17:21:51	24	1	1	0
     2070	2023-08-22 17:22:13	24	1	1	0
     2172	2023-08-22 17:22:54	24	1	1	0
      227	2023-08-22 17:23:38	24	1	1	0
      871	2023-08-22 17:29:42	24	1	1	0
     1993	2023-08-22 17:44:43	24	1	1	0
      256	2023-08-22 18:25:20	24	1	1	0
      614	2023-08-23 07:17:36	24	0	1	0
      165	2023-08-23 07:18:40	24	0	1	0
     1993	2023-08-23 07:20:38	24	0	1	0
      871	2023-08-23 07:32:10	24	0	1	0
     2172	2023-08-23 07:35:29	24	0	1	0
      378	2023-08-23 07:42:11	24	0	1	0
      598	2023-08-23 07:47:39	24	0	1	0
     2249	2023-08-23 07:51:14	24	0	1	0
     2116	2023-08-23 07:57:37	24	0	1	0
     2435	2023-08-23 07:58:33	24	0	1	0
     2435	2023-08-23 07:58:35	24	0	1	0
     2435	2023-08-23 07:58:37	24	0	1	0
      227	2023-08-23 08:00:31	24	0	1	0
     2095	2023-08-23 08:03:44	24	0	1	0
     2070	2023-08-23 08:07:36	24	0	1	0
     2116	2023-08-23 12:00:25	24	1	1	0
     2075	2023-08-23 12:00:40	24	1	1	0
     2070	2023-08-23 12:05:03	24	1	1	0
     1993	2023-08-23 12:05:10	24	1	1	0
      165	2023-08-23 12:05:45	24	1	1	0
     2249	2023-08-23 12:06:21	24	1	1	0
     2172	2023-08-23 12:06:57	24	1	1	0
     2095	2023-08-23 12:07:34	24	1	1	0
     2435	2023-08-23 12:07:43	24	1	1	0
      227	2023-08-23 12:09:02	24	1	1	0
     1993	2023-08-23 12:11:39	24	0	1	0
     2095	2023-08-23 12:11:46	24	0	1	0
     2172	2023-08-23 12:12:12	24	0	1	0
     2070	2023-08-23 12:14:05	24	0	1	0
      165	2023-08-23 12:14:13	24	0	1	0
      598	2023-08-23 12:15:02	24	1	1	0
     2075	2023-08-23 12:17:19	24	0	1	0
      614	2023-08-23 12:21:36	24	1	1	0
      227	2023-08-23 12:33:26	24	0	1	0
      614	2023-08-23 12:34:06	24	0	1	0
     2249	2023-08-23 12:35:50	24	0	1	0
      598	2023-08-23 12:35:55	24	0	1	0
     2435	2023-08-23 12:42:11	24	0	1	0
     2116	2023-08-23 12:54:50	24	0	1	0
      871	2023-08-23 12:55:50	24	1	1	0
      871	2023-08-23 12:56:26	24	0	1	0
      165	2023-08-23 17:00:24	24	1	1	0
     2435	2023-08-23 17:03:04	24	1	1	0
     2435	2023-08-23 17:03:07	24	1	1	0
     2435	2023-08-23 17:03:09	24	1	1	0
      598	2023-08-23 17:03:59	24	1	1	0
     2172	2023-08-23 17:05:47	24	1	1	0
     2116	2023-08-23 17:08:54	24	1	1	0
     2095	2023-08-23 17:08:58	24	1	1	0
      614	2023-08-23 17:12:30	24	1	1	0
     2249	2023-08-23 17:13:00	24	1	1	0
     2070	2023-08-23 17:13:45	24	1	1	0
     2070	2023-08-23 17:13:51	24	1	1	0
      227	2023-08-23 17:19:38	24	1	1	0
     1993	2023-08-23 17:22:46	24	1	1	0
     2075	2023-08-23 17:23:14	24	1	1	0
      378	2023-08-23 17:26:28	24	1	1	0
      378	2023-08-23 17:26:30	24	1	1	0
      378	2023-08-23 17:26:32	24	1	1	0
      871	2023-08-23 17:27:21	24	1	1	0
      256	2023-08-23 17:32:17	24	1	1	0
      165	2023-08-24 07:17:30	24	0	1	0
      614	2023-08-24 07:18:38	24	0	1	0
     1993	2023-08-24 07:22:20	24	0	1	0
      871	2023-08-24 07:36:17	24	0	1	0
      598	2023-08-24 07:39:59	24	0	1	0
     2095	2023-08-24 07:45:12	24	0	1	0
     2249	2023-08-24 07:51:59	24	0	1	0
     2116	2023-08-24 07:56:13	24	0	1	0
     2116	2023-08-24 07:58:46	24	0	1	0
      378	2023-08-24 07:58:53	24	0	1	0
      378	2023-08-24 07:58:59	24	0	1	0
     2070	2023-08-24 07:59:06	24	0	1	0
      227	2023-08-24 07:59:24	24	0	1	0
     2435	2023-08-24 07:59:40	24	0	1	0
     2435	2023-08-24 07:59:42	24	0	1	0
     2435	2023-08-24 07:59:45	24	0	1	0
     2172	2023-08-24 08:00:48	24	0	1	0
      256	2023-08-24 08:15:05	24	0	1	0
     1993	2023-08-24 12:00:10	24	1	1	0
      165	2023-08-24 12:01:55	24	1	1	0
     2070	2023-08-24 12:04:48	24	1	1	0
      227	2023-08-24 12:05:22	24	1	1	0
     2095	2023-08-24 12:05:30	24	1	1	0
      165	2023-08-24 12:10:21	24	0	1	0
     2249	2023-08-24 12:13:24	24	1	1	0
     2116	2023-08-24 12:14:38	24	1	1	0
      378	2023-08-24 12:15:53	24	1	1	0
     2070	2023-08-24 12:18:05	24	0	1	0
      614	2023-08-24 12:22:34	24	1	1	0
     2249	2023-08-24 12:29:52	24	0	1	0
     1993	2023-08-24 12:30:06	24	0	1	0
     2435	2023-08-24 12:33:08	24	1	1	0
     2435	2023-08-24 12:34:09	24	1	1	0
      378	2023-08-24 12:34:28	24	0	1	0
      614	2023-08-24 12:38:28	24	0	1	0
      871	2023-08-24 12:41:57	24	1	1	0
      871	2023-08-24 12:44:35	24	0	1	0
      598	2023-08-24 12:44:42	24	1	1	0
      598	2023-08-24 12:45:03	24	0	1	0
      227	2023-08-24 12:48:12	24	0	1	0
     2116	2023-08-24 12:48:37	24	0	1	0
     2172	2023-08-24 12:49:07	24	1	1	0
     2095	2023-08-24 12:50:16	24	0	1	0
     2172	2023-08-24 12:52:24	24	0	1	0
     2116	2023-08-24 17:08:06	24	1	1	0
      614	2023-08-24 17:08:12	24	1	1	0
     2435	2023-08-24 17:08:53	24	1	1	0
     2435	2023-08-24 17:08:55	24	1	1	0
     2435	2023-08-24 17:08:57	24	1	1	0
      378	2023-08-24 17:09:10	24	1	1	0
      378	2023-08-24 17:09:13	24	1	1	0
      378	2023-08-24 17:09:17	24	1	1	0
      227	2023-08-24 17:09:26	24	1	1	0
     2172	2023-08-24 17:13:35	24	1	1	0
     2070	2023-08-24 17:13:39	24	1	1	0
      165	2023-08-24 17:13:46	24	1	1	0
     2095	2023-08-24 17:14:22	24	1	1	0
     2249	2023-08-24 17:25:06	24	1	1	0
     1993	2023-08-24 17:29:08	24	1	1	0
      871	2023-08-24 17:30:28	24	1	1	0
     1993	2023-08-24 17:46:34	24	1	1	0
      598	2023-08-24 17:48:22	24	1	1	0
      256	2023-08-24 17:48:34	24	1	1	0
      165	2023-08-25 07:03:40	24	0	1	0
      614	2023-08-25 07:14:39	24	0	1	0
      256	2023-08-25 07:44:47	24	0	1	0
     2075	2023-08-25 07:46:10	24	0	1	0
     2095	2023-08-25 07:48:54	24	0	1	0
      598	2023-08-25 07:49:00	24	0	1	0
     2249	2023-08-25 07:50:04	24	0	1	0
     2172	2023-08-25 07:56:16	24	0	1	0
     2435	2023-08-25 07:56:53	24	0	1	0
     2435	2023-08-25 07:56:55	24	0	1	0
     2435	2023-08-25 07:56:57	24	0	1	0
      378	2023-08-25 07:59:28	24	0	1	0
      871	2023-08-25 08:05:02	24	0	1	0
     2070	2023-08-25 08:17:29	24	0	1	0
      165	2023-08-25 12:00:04	24	1	1	0
     2070	2023-08-25 12:02:05	24	1	1	0
     2075	2023-08-25 12:04:29	24	1	1	0
     2249	2023-08-25 12:05:29	24	1	1	0
     2172	2023-08-25 12:05:55	24	1	1	0
     2095	2023-08-25 12:14:19	24	1	1	0
      378	2023-08-25 12:19:19	24	1	1	0
     2070	2023-08-25 12:19:41	24	0	1	0
      256	2023-08-25 12:23:59	24	1	1	0
      614	2023-08-25 12:24:07	24	1	1	0
      165	2023-08-25 12:24:43	24	0	1	0
     2075	2023-08-25 12:27:59	24	1	1	0
      614	2023-08-25 12:29:18	24	0	1	0
     2249	2023-08-25 12:33:44	24	0	1	0
     2172	2023-08-25 12:39:04	24	0	1	0
     2435	2023-08-25 12:39:48	24	1	1	0
     2435	2023-08-25 12:40:55	24	1	1	0
      598	2023-08-25 12:41:13	24	1	1	0
      871	2023-08-25 12:47:15	24	1	1	0
      598	2023-08-25 12:47:43	24	0	1	0
      871	2023-08-25 12:48:02	24	0	1	0
      378	2023-08-25 12:51:34	24	0	1	0
     2095	2023-08-25 12:58:57	24	0	1	0
     2172	2023-08-25 17:01:48	24	1	1	0
     2075	2023-08-25 17:03:01	24	1	1	0
     2249	2023-08-25 17:03:42	24	1	1	0
      165	2023-08-25 17:04:07	24	1	1	0
      598	2023-08-25 17:04:25	24	1	1	0
      871	2023-08-25 17:04:31	24	1	1	0
      614	2023-08-25 17:07:50	24	1	1	0
      378	2023-08-25 17:07:58	24	1	1	0
      378	2023-08-25 17:08:00	24	1	1	0
      378	2023-08-25 17:08:02	24	1	1	0
     2435	2023-08-25 17:08:06	24	1	1	0
     2435	2023-08-25 17:08:07	24	1	1	0
     2435	2023-08-25 17:08:09	24	1	1	0
     2070	2023-08-25 17:12:23	24	1	1	0
     2070	2023-08-25 17:12:42	24	1	1	0
      871	2023-08-25 17:14:23	24	1	1	0
      256	2023-08-25 17:37:33	24	1	1	0
     2095	2023-08-25 18:11:21	24	1	1	0
      256	2023-08-29 07:19:37	24	0	1	0
      614	2023-08-29 07:26:31	24	0	1	0
      871	2023-08-29 07:28:12	24	0	1	0
     2095	2023-08-29 07:33:23	24	0	1	0
     2249	2023-08-29 07:39:43	24	0	1	0
     2172	2023-08-29 07:45:39	24	0	1	0
     2075	2023-08-29 07:46:27	24	0	1	0
      598	2023-08-29 07:47:03	24	0	1	0
      227	2023-08-29 07:57:37	24	0	1	0
     2435	2023-08-29 07:58:49	24	0	1	0
     2435	2023-08-29 07:58:51	24	0	1	0
     2435	2023-08-29 07:58:53	24	0	1	0
     2070	2023-08-29 07:59:41	24	0	1	0
     1993	2023-08-29 08:01:03	24	0	1	0
     2075	2023-08-29 12:02:10	24	1	1	0
      614	2023-08-29 12:02:17	24	1	1	0
     2249	2023-08-29 12:03:27	24	1	1	0
     2435	2023-08-29 12:07:19	24	1	1	0
     2172	2023-08-29 12:08:26	24	1	1	0
     2070	2023-08-29 12:08:39	24	1	1	0
     2075	2023-08-29 12:13:31	24	0	1	0
     2249	2023-08-29 12:16:14	24	0	1	0
      227	2023-08-29 12:18:44	24	1	1	0
     2070	2023-08-29 12:21:41	24	0	1	0
      598	2023-08-29 12:22:42	24	1	1	0
      598	2023-08-29 12:23:19	24	0	1	0
     2435	2023-08-29 12:35:40	24	0	1	0
     2172	2023-08-29 12:37:03	24	0	1	0
      614	2023-08-29 12:39:31	24	0	1	0
      871	2023-08-29 12:44:19	24	1	1	0
      227	2023-08-29 12:45:04	24	0	1	0
      871	2023-08-29 12:49:07	24	0	1	0
     2095	2023-08-29 16:06:32	24	1	1	0
     2172	2023-08-29 17:01:40	24	1	1	0
     2435	2023-08-29 17:06:43	24	1	1	0
     2435	2023-08-29 17:06:45	24	1	1	0
     2435	2023-08-29 17:06:46	24	1	1	0
     2075	2023-08-29 17:08:34	24	1	1	0
      614	2023-08-29 17:08:41	24	1	1	0
     2249	2023-08-29 17:10:16	24	1	1	0
     2070	2023-08-29 17:12:31	24	1	1	0
     2070	2023-08-29 17:12:53	24	1	1	0
     1993	2023-08-29 17:14:33	24	1	1	0
      227	2023-08-29 17:14:41	24	1	1	0
      871	2023-08-29 17:17:52	24	1	1	0
      256	2023-08-29 17:19:53	24	1	1	0
     1993	2023-08-29 17:21:18	24	1	1	0
     1993	2023-08-30 07:15:57	24	0	1	0
      165	2023-08-30 07:19:20	24	0	1	0
      256	2023-08-30 07:23:50	24	0	1	0
      871	2023-08-30 07:26:17	24	0	1	0
      256	2023-08-30 07:27:44	24	0	1	0
      598	2023-08-30 07:28:11	24	0	1	0
     2172	2023-08-30 07:29:17	24	0	1	0
      614	2023-08-30 07:30:19	24	0	1	0
     2075	2023-08-30 07:45:09	24	0	1	0
     2249	2023-08-30 07:45:28	24	0	1	0
     2070	2023-08-30 07:56:34	24	0	1	0
     2116	2023-08-30 07:58:12	24	0	1	0
     2435	2023-08-30 07:58:54	24	0	1	0
     2435	2023-08-30 07:58:56	24	0	1	0
     2435	2023-08-30 07:58:58	24	0	1	0
     2095	2023-08-30 08:01:03	24	0	1	0
      227	2023-08-30 08:01:55	24	0	1	0
     2116	2023-08-30 12:01:27	24	1	1	0
     2070	2023-08-30 12:01:35	24	1	1	0
     1993	2023-08-30 12:02:46	24	1	1	0
     2249	2023-08-30 12:02:52	24	1	1	0
      165	2023-08-30 12:03:56	24	1	1	0
     2172	2023-08-30 12:04:38	24	1	1	0
     2435	2023-08-30 12:08:13	24	1	1	0
     2095	2023-08-30 12:11:27	24	1	1	0
     2172	2023-08-30 12:13:23	24	0	1	0
      165	2023-08-30 12:19:30	24	0	1	0
     2070	2023-08-30 12:20:49	24	0	1	0
      598	2023-08-30 12:21:42	24	1	1	0
      598	2023-08-30 12:22:08	24	0	1	0
      614	2023-08-30 12:23:18	24	1	1	0
     2249	2023-08-30 12:29:59	24	0	1	0
     2075	2023-08-30 12:30:20	24	1	1	0
     2095	2023-08-30 12:42:04	24	0	1	0
     2116	2023-08-30 12:42:23	24	0	1	0
     2075	2023-08-30 12:42:40	24	0	1	0
      614	2023-08-30 12:43:28	24	0	1	0
      227	2023-08-30 12:43:54	24	1	1	0
     2435	2023-08-30 12:44:13	24	0	1	0
      227	2023-08-30 12:45:46	24	0	1	0
     1993	2023-08-30 12:47:23	24	0	1	0
      165	2023-08-30 17:02:39	24	1	1	0
     2116	2023-08-30 17:06:59	24	1	1	0
      598	2023-08-30 17:08:01	24	1	1	0
     2435	2023-08-30 17:09:13	24	1	1	0
     2435	2023-08-30 17:09:15	24	1	1	0
     2435	2023-08-30 17:09:17	24	1	1	0
     2095	2023-08-30 17:09:48	24	1	1	0
      227	2023-08-30 17:10:38	24	1	1	0
     1993	2023-08-30 17:13:01	24	1	1	0
     2249	2023-08-30 17:15:10	24	1	1	0
     2070	2023-08-30 17:15:21	24	1	1	0
     2070	2023-08-30 17:16:15	24	1	1	0
     2172	2023-08-30 17:16:19	24	1	1	0
      227	2023-08-30 17:16:28	24	1	1	0
      614	2023-08-30 17:16:43	24	1	1	0
     2075	2023-08-30 17:16:47	24	1	1	0
     2075	2023-08-30 17:16:48	24	1	1	0
      871	2023-08-30 17:26:34	24	1	1	0
      165	2023-08-31 07:09:09	24	0	1	0
     1993	2023-08-31 07:31:26	24	0	1	0
      871	2023-08-31 07:36:31	24	0	1	0
      598	2023-08-31 07:42:47	24	0	1	0
     2249	2023-08-31 07:46:01	24	0	1	0
     2075	2023-08-31 07:49:53	24	0	1	0
     2172	2023-08-31 07:53:07	24	0	1	0
      378	2023-08-31 07:58:16	24	0	1	0
      227	2023-08-31 07:59:22	24	0	1	0
     2070	2023-08-31 07:59:34	24	0	1	0
     2435	2023-08-31 07:59:41	24	0	1	0
     2435	2023-08-31 07:59:43	24	0	1	0
     2435	2023-08-31 07:59:45	24	0	1	0
     2116	2023-08-31 08:41:32	24	0	1	0
     2070	2023-08-31 12:01:48	24	1	1	0
     2116	2023-08-31 12:02:34	24	1	1	0
     2075	2023-08-31 12:03:50	24	1	1	0
      165	2023-08-31 12:05:50	24	1	1	0
     2070	2023-08-31 12:09:20	24	0	1	0
      378	2023-08-31 12:11:00	24	1	1	0
      227	2023-08-31 12:13:13	24	1	1	0
     1993	2023-08-31 12:13:53	24	1	1	0
     2249	2023-08-31 12:14:03	24	1	1	0
     2075	2023-08-31 12:14:27	24	0	1	0
     1993	2023-08-31 12:21:24	24	0	1	0
     2249	2023-08-31 12:30:25	24	0	1	0
      165	2023-08-31 12:33:27	24	0	1	0
     2172	2023-08-31 12:34:05	24	1	1	0
      598	2023-08-31 12:34:14	24	1	1	0
      598	2023-08-31 12:35:20	24	0	1	0
      378	2023-08-31 12:35:57	24	0	1	0
     2435	2023-08-31 12:37:30	24	1	1	0
     2435	2023-08-31 12:39:16	24	1	1	0
      227	2023-08-31 12:47:55	24	0	1	0
      871	2023-08-31 12:54:15	24	1	1	0
      871	2023-08-31 12:56:10	24	0	1	0
     2116	2023-08-31 12:57:11	24	0	1	0
      165	2023-08-31 17:00:23	24	1	1	0
      598	2023-08-31 17:00:32	24	1	1	0
      378	2023-08-31 17:02:32	24	1	1	0
      378	2023-08-31 17:02:34	24	1	1	0
      378	2023-08-31 17:02:35	24	1	1	0
     1993	2023-08-31 17:04:00	24	1	1	0
     2435	2023-08-31 17:04:20	24	1	1	0
     2435	2023-08-31 17:04:21	24	1	1	0
     2435	2023-08-31 17:04:23	24	1	1	0
     2116	2023-08-31 17:06:00	24	1	1	0
     2249	2023-08-31 17:10:25	24	1	1	0
     2070	2023-08-31 17:19:27	24	1	1	0
      871	2023-08-31 17:24:45	24	1	1	0
      256	2023-08-31 17:24:56	24	1	1	0
     2075	2023-08-31 17:28:56	24	1	1	0
     2172	2023-08-31 17:29:04	24	1	1	0
      227	2023-08-31 17:29:13	24	1	1	0
     2095	2023-09-01 06:39:59	24	0	1	0
      598	2023-09-01 06:54:33	24	0	1	0
     2070	2023-09-01 07:08:10	24	0	1	0
      165	2023-09-01 07:09:43	24	0	1	0
      614	2023-09-01 07:13:17	24	0	1	0
      378	2023-09-01 07:34:40	24	0	1	0
      871	2023-09-01 07:44:29	24	0	1	0
     2249	2023-09-01 07:50:02	24	0	1	0
     1993	2023-09-01 07:52:49	24	0	1	0
     2075	2023-09-01 07:55:17	24	0	1	0
     2435	2023-09-01 07:57:48	24	0	1	0
     2435	2023-09-01 07:57:50	24	0	1	0
     2435	2023-09-01 07:57:52	24	0	1	0
     2172	2023-09-01 07:59:17	24	0	1	0
      227	2023-09-01 08:16:38	24	0	1	0
