     2334	2023-07-31 06:34:15	25	0	1	0
     2334	2023-07-31 06:34:17	25	0	1	0
     2334	2023-07-31 06:34:19	25	0	1	0
      733	2023-07-31 06:41:13	25	0	1	0
      733	2023-07-31 06:41:19	25	0	1	0
     2737	2023-07-31 07:02:20	25	0	1	0
     2737	2023-07-31 07:02:22	25	0	1	0
     1408	2023-07-31 07:02:34	25	0	1	0
     1408	2023-07-31 07:02:37	25	0	1	0
     2893	2023-07-31 07:03:23	25	0	1	0
     2893	2023-07-31 07:03:28	25	0	1	0
     1480	2023-07-31 07:08:11	25	0	1	0
     2129	2023-07-31 07:08:14	25	0	1	0
     2609	2023-07-31 07:08:18	25	0	1	0
     2336	2023-07-31 07:23:26	25	0	1	0
     2738	2023-07-31 07:24:38	25	0	1	0
     2738	2023-07-31 07:24:40	25	0	1	0
     2858	2023-07-31 07:26:15	25	0	1	0
     2335	2023-07-31 07:28:27	25	0	1	0
     2335	2023-07-31 07:28:29	25	0	1	0
      277	2023-07-31 07:30:11	25	0	1	0
     2856	2023-07-31 07:32:35	25	0	1	0
     2890	2023-07-31 07:43:11	25	0	1	0
     2609	2023-07-31 12:01:21	25	1	1	0
     1408	2023-07-31 12:01:25	25	1	1	0
     2335	2023-07-31 12:01:32	25	1	1	0
     2129	2023-07-31 12:01:35	25	1	1	0
     2856	2023-07-31 12:01:52	25	1	1	0
     2890	2023-07-31 12:01:57	25	1	1	0
     2893	2023-07-31 12:02:02	25	1	1	0
     2737	2023-07-31 12:03:03	25	1	1	0
     2336	2023-07-31 12:03:07	25	1	1	0
     2334	2023-07-31 12:03:10	25	1	1	0
      733	2023-07-31 12:04:28	25	1	1	0
     1480	2023-07-31 12:07:45	25	1	1	0
     1480	2023-07-31 12:11:09	25	0	1	0
     2609	2023-07-31 12:11:14	25	0	1	0
     2737	2023-07-31 12:11:15	25	0	1	0
     1480	2023-07-31 12:11:18	25	0	1	0
     2738	2023-07-31 12:11:22	25	0	1	0
     2738	2023-07-31 12:11:28	25	1	1	0
     1408	2023-07-31 12:11:41	25	0	1	0
     2890	2023-07-31 12:11:44	25	0	1	0
     2738	2023-07-31 12:11:48	25	0	1	0
     2335	2023-07-31 12:11:51	25	0	1	0
     2893	2023-07-31 12:11:56	25	0	1	0
     2893	2023-07-31 12:12:01	25	0	1	0
      277	2023-07-31 12:12:11	25	1	1	0
     2129	2023-07-31 12:12:18	25	0	1	0
     2856	2023-07-31 12:12:20	25	0	1	0
      733	2023-07-31 12:12:24	25	0	1	0
      277	2023-07-31 12:13:06	25	0	1	0
     2334	2023-07-31 12:13:49	25	0	1	0
     2334	2023-07-31 12:13:52	25	0	1	0
     2336	2023-07-31 12:14:28	25	0	1	0
      733	2023-07-31 12:45:25	25	0	1	0
     2858	2023-07-31 12:54:45	25	1	1	0
     2858	2023-07-31 12:55:04	25	0	1	0
     2335	2023-07-31 17:02:00	25	1	1	0
     2335	2023-07-31 17:02:02	25	1	1	0
     1408	2023-07-31 17:02:11	25	1	1	0
     1408	2023-07-31 17:02:13	25	1	1	0
     2737	2023-07-31 17:02:21	25	1	1	0
     2737	2023-07-31 17:02:22	25	1	1	0
     2609	2023-07-31 17:02:37	25	1	1	0
     2858	2023-07-31 17:02:40	25	1	1	0
     2893	2023-07-31 17:02:43	25	1	1	0
     2738	2023-07-31 17:02:45	25	1	1	0
     2890	2023-07-31 17:02:47	25	1	1	0
     2738	2023-07-31 17:03:04	25	1	1	0
     2129	2023-07-31 17:03:12	25	1	1	0
      733	2023-07-31 17:12:13	25	1	1	0
     2856	2023-07-31 17:14:35	25	1	1	0
     2856	2023-07-31 17:14:38	25	1	1	0
     1480	2023-07-31 17:15:48	25	1	1	0
     2336	2023-07-31 17:16:05	25	1	1	0
      733	2023-07-31 17:16:33	25	1	1	0
      277	2023-07-31 17:16:47	25	1	1	0
     2334	2023-07-31 17:34:56	25	1	1	0
     2334	2023-07-31 17:34:58	25	1	1	0
     2334	2023-08-01 07:04:35	25	0	1	0
     2334	2023-08-01 07:04:36	25	0	1	0
     1408	2023-08-01 07:06:00	25	0	1	0
     1408	2023-08-01 07:06:05	25	0	1	0
     2334	2023-08-01 07:06:29	25	0	1	0
     2893	2023-08-01 07:22:40	25	0	1	0
     2893	2023-08-01 07:22:43	25	0	1	0
     2738	2023-08-01 07:25:42	25	0	1	0
     2738	2023-08-01 07:25:45	25	0	1	0
     2335	2023-08-01 07:34:05	25	0	1	0
     2335	2023-08-01 07:34:06	25	0	1	0
      733	2023-08-01 07:36:35	25	0	1	0
     2609	2023-08-01 07:38:09	25	0	1	0
     2858	2023-08-01 07:38:12	25	0	1	0
     2737	2023-08-01 07:39:38	25	0	1	0
     2737	2023-08-01 07:39:40	25	0	1	0
     2129	2023-08-01 07:40:40	25	0	1	0
     1480	2023-08-01 07:44:25	25	0	1	0
     2890	2023-08-01 07:52:54	25	0	1	0
     2856	2023-08-01 07:55:44	25	0	1	0
     2336	2023-08-01 07:58:53	25	0	1	0
      277	2023-08-01 07:59:15	25	0	1	0
      277	2023-08-01 07:59:18	25	0	1	0
     1480	2023-08-01 12:01:10	25	1	1	0
     2737	2023-08-01 12:01:20	25	1	1	0
     2334	2023-08-01 12:01:24	25	1	1	0
     2334	2023-08-01 12:01:27	25	1	1	0
     2858	2023-08-01 12:01:47	25	1	1	0
     2609	2023-08-01 12:01:50	25	1	1	0
     1408	2023-08-01 12:01:57	25	1	1	0
     2856	2023-08-01 12:02:02	25	1	1	0
     2129	2023-08-01 12:02:26	25	1	1	0
     2334	2023-08-01 12:04:42	25	0	1	0
     2858	2023-08-01 12:04:45	25	0	1	0
     2609	2023-08-01 12:05:06	25	0	1	0
     2336	2023-08-01 12:08:18	25	1	1	0
     2890	2023-08-01 12:08:37	25	1	1	0
     1480	2023-08-01 12:09:07	25	0	1	0
     2893	2023-08-01 12:09:14	25	1	1	0
     2738	2023-08-01 12:09:58	25	1	1	0
     2737	2023-08-01 12:10:13	25	0	1	0
      733	2023-08-01 12:13:09	25	1	1	0
     2335	2023-08-01 12:13:15	25	1	1	0
      733	2023-08-01 12:21:18	25	0	1	0
     1408	2023-08-01 12:25:09	25	0	1	0
     2856	2023-08-01 12:34:38	25	0	1	0
     2335	2023-08-01 12:34:58	25	0	1	0
     2336	2023-08-01 12:39:56	25	0	1	0
     2129	2023-08-01 12:40:07	25	0	1	0
     2890	2023-08-01 12:40:12	25	0	1	0
     2893	2023-08-01 12:40:21	25	0	1	0
     2737	2023-08-01 17:01:33	25	1	1	0
     2737	2023-08-01 17:01:34	25	1	1	0
     1408	2023-08-01 17:01:57	25	1	1	0
     1408	2023-08-01 17:02:01	25	1	1	0
     2609	2023-08-01 17:02:04	25	1	1	0
     2858	2023-08-01 17:02:07	25	1	1	0
     2738	2023-08-01 17:02:12	25	1	1	0
     2893	2023-08-01 17:02:57	25	1	1	0
     2893	2023-08-01 17:03:01	25	1	1	0
     2129	2023-08-01 17:03:20	25	1	1	0
     2890	2023-08-01 17:03:23	25	1	1	0
     2335	2023-08-01 17:03:30	25	1	1	0
     2335	2023-08-01 17:03:32	25	1	1	0
     2856	2023-08-01 17:03:36	25	1	1	0
     2856	2023-08-01 17:03:38	25	1	1	0
      733	2023-08-01 17:03:42	25	1	1	0
      733	2023-08-01 17:05:53	25	1	1	0
     1480	2023-08-01 17:18:30	25	1	1	0
     2336	2023-08-01 17:18:34	25	1	1	0
      277	2023-08-01 17:18:42	25	1	1	0
     2334	2023-08-01 18:31:50	25	1	1	0
     2334	2023-08-01 18:31:52	25	1	1	0
     2334	2023-08-02 07:11:28	25	0	1	0
     2334	2023-08-02 07:11:30	25	0	1	0
     1408	2023-08-02 07:13:25	25	0	1	0
     1408	2023-08-02 07:13:28	25	0	1	0
     2893	2023-08-02 07:26:27	25	0	1	0
     2893	2023-08-02 07:26:31	25	0	1	0
     2738	2023-08-02 07:36:14	25	0	1	0
     2738	2023-08-02 07:36:16	25	0	1	0
     2129	2023-08-02 07:42:29	25	0	1	0
     2335	2023-08-02 07:42:51	25	0	1	0
     2335	2023-08-02 07:42:53	25	0	1	0
      733	2023-08-02 07:44:33	25	0	1	0
     2737	2023-08-02 07:48:52	25	0	1	0
     2737	2023-08-02 07:48:55	25	0	1	0
     2890	2023-08-02 07:51:58	25	0	1	0
     1480	2023-08-02 07:53:34	25	0	1	0
      277	2023-08-02 07:55:07	25	0	1	0
     2856	2023-08-02 07:57:39	25	0	1	0
     2336	2023-08-02 07:58:31	25	0	1	0
     2609	2023-08-02 07:58:34	25	0	1	0
     2737	2023-08-02 12:01:27	25	1	1	0
     1408	2023-08-02 12:01:39	25	1	1	0
     2334	2023-08-02 12:01:46	25	1	1	0
     2334	2023-08-02 12:01:49	25	1	1	0
     2856	2023-08-02 12:01:58	25	1	1	0
      277	2023-08-02 12:02:04	25	1	1	0
     2609	2023-08-02 12:02:08	25	1	1	0
     2893	2023-08-02 12:02:18	25	1	1	0
     2893	2023-08-02 12:02:21	25	1	1	0
     1480	2023-08-02 12:03:28	25	1	1	0
     2738	2023-08-02 12:05:09	25	1	1	0
     2335	2023-08-02 12:05:37	25	1	1	0
     2336	2023-08-02 12:05:58	25	1	1	0
      733	2023-08-02 12:07:18	25	1	1	0
      277	2023-08-02 12:11:02	25	0	1	0
     1480	2023-08-02 12:18:13	25	0	1	0
      733	2023-08-02 12:19:52	25	0	1	0
     2334	2023-08-02 12:21:08	25	0	1	0
     2334	2023-08-02 12:21:11	25	0	1	0
     1408	2023-08-02 12:21:27	25	0	1	0
     2609	2023-08-02 12:21:34	25	0	1	0
     2335	2023-08-02 12:21:44	25	0	1	0
     2890	2023-08-02 12:21:50	25	1	1	0
     2893	2023-08-02 12:22:20	25	0	1	0
     2893	2023-08-02 12:22:23	25	0	1	0
     2856	2023-08-02 12:34:26	25	0	1	0
     2336	2023-08-02 12:36:59	25	0	1	0
     2890	2023-08-02 12:37:05	25	0	1	0
     2738	2023-08-02 12:37:09	25	0	1	0
     2737	2023-08-02 12:38:10	25	0	1	0
     2737	2023-08-02 17:03:35	25	1	1	0
     2737	2023-08-02 17:03:36	25	1	1	0
     2129	2023-08-02 17:03:39	25	1	1	0
     2609	2023-08-02 17:03:42	25	1	1	0
     2893	2023-08-02 17:03:45	25	1	1	0
     2893	2023-08-02 17:03:47	25	1	1	0
     2856	2023-08-02 17:03:51	25	1	1	0
     2856	2023-08-02 17:03:53	25	1	1	0
      733	2023-08-02 17:03:58	25	1	1	0
     1408	2023-08-02 17:04:03	25	1	1	0
     1408	2023-08-02 17:04:05	25	1	1	0
     2738	2023-08-02 17:04:07	25	1	1	0
     1480	2023-08-02 17:04:13	25	1	1	0
     2890	2023-08-02 17:05:22	25	1	1	0
     2336	2023-08-02 17:09:53	25	1	1	0
      733	2023-08-02 17:33:40	25	1	1	0
     2335	2023-08-02 17:34:02	25	1	1	0
     2335	2023-08-02 17:34:04	25	1	1	0
      277	2023-08-02 17:34:09	25	1	1	0
      277	2023-08-02 17:34:18	25	1	1	0
     2334	2023-08-02 17:35:38	25	1	1	0
     2334	2023-08-02 17:35:40	25	1	1	0
     2334	2023-08-02 17:35:43	25	1	1	0
     2334	2023-08-03 07:04:22	25	0	1	0
     2334	2023-08-03 07:04:24	25	0	1	0
     2129	2023-08-03 07:12:46	25	0	1	0
     1408	2023-08-03 07:19:59	25	0	1	0
     1408	2023-08-03 07:20:01	25	0	1	0
     2858	2023-08-03 07:23:29	25	0	1	0
     2893	2023-08-03 07:29:06	25	0	1	0
     2893	2023-08-03 07:29:11	25	0	1	0
      733	2023-08-03 07:34:03	25	0	1	0
     2335	2023-08-03 07:37:44	25	0	1	0
     2335	2023-08-03 07:37:45	25	0	1	0
     2738	2023-08-03 07:40:25	25	0	1	0
     2738	2023-08-03 07:40:27	25	0	1	0
     2856	2023-08-03 07:50:22	25	0	1	0
     2737	2023-08-03 07:51:15	25	0	1	0
     2737	2023-08-03 07:51:17	25	0	1	0
     2890	2023-08-03 07:53:23	25	0	1	0
     2336	2023-08-03 07:57:38	25	0	1	0
      277	2023-08-03 07:57:44	25	0	1	0
      277	2023-08-03 07:57:47	25	0	1	0
     2609	2023-08-03 08:05:14	25	0	1	0
     1480	2023-08-03 08:09:07	25	0	1	0
     2129	2023-08-03 12:02:15	25	1	1	0
     2737	2023-08-03 12:02:22	25	1	1	0
     2334	2023-08-03 12:02:40	25	1	1	0
     2334	2023-08-03 12:02:42	25	1	1	0
     2609	2023-08-03 12:02:45	25	1	1	0
     2858	2023-08-03 12:02:47	25	1	1	0
     2856	2023-08-03 12:02:58	25	1	1	0
     2890	2023-08-03 12:03:02	25	1	1	0
     2893	2023-08-03 12:03:09	25	1	1	0
     2893	2023-08-03 12:03:12	25	1	1	0
      277	2023-08-03 12:03:39	25	1	1	0
     1408	2023-08-03 12:06:28	25	1	1	0
     1480	2023-08-03 12:08:55	25	1	1	0
     2335	2023-08-03 12:08:58	25	1	1	0
     2334	2023-08-03 12:12:59	25	0	1	0
     2334	2023-08-03 12:13:01	25	0	1	0
     2738	2023-08-03 12:13:59	25	1	1	0
     2336	2023-08-03 12:15:16	25	1	1	0
     1480	2023-08-03 12:28:39	25	0	1	0
     2609	2023-08-03 12:28:45	25	0	1	0
     2858	2023-08-03 12:29:07	25	0	1	0
     2335	2023-08-03 12:29:10	25	0	1	0
     1408	2023-08-03 12:29:16	25	0	1	0
     2129	2023-08-03 12:29:19	25	0	1	0
     2336	2023-08-03 12:29:29	25	0	1	0
     2856	2023-08-03 12:29:47	25	0	1	0
     2737	2023-08-03 12:30:34	25	0	1	0
     2738	2023-08-03 12:34:42	25	0	1	0
      733	2023-08-03 12:37:16	25	1	1	0
      277	2023-08-03 12:38:09	25	0	1	0
      733	2023-08-03 12:38:14	25	0	1	0
     2336	2023-08-03 12:39:46	25	0	1	0
     2890	2023-08-03 12:39:53	25	0	1	0
     2893	2023-08-03 12:40:00	25	0	1	0
     2893	2023-08-03 12:40:03	25	0	1	0
      733	2023-08-03 12:49:02	25	0	1	0
     2609	2023-08-03 17:02:08	25	1	1	0
     2858	2023-08-03 17:02:10	25	1	1	0
     1408	2023-08-03 17:02:14	25	1	1	0
     1408	2023-08-03 17:02:16	25	1	1	0
     1480	2023-08-03 17:02:19	25	1	1	0
     2738	2023-08-03 17:02:22	25	1	1	0
     2738	2023-08-03 17:02:24	25	1	1	0
     2893	2023-08-03 17:02:26	25	1	1	0
     2893	2023-08-03 17:02:28	25	1	1	0
     2890	2023-08-03 17:02:30	25	1	1	0
     2737	2023-08-03 17:02:34	25	1	1	0
     2737	2023-08-03 17:02:35	25	1	1	0
     2335	2023-08-03 17:02:38	25	1	1	0
     2335	2023-08-03 17:02:39	25	1	1	0
     2856	2023-08-03 17:02:42	25	1	1	0
     2856	2023-08-03 17:02:43	25	1	1	0
     2129	2023-08-03 17:04:20	25	1	1	0
      733	2023-08-03 17:05:45	25	1	1	0
      733	2023-08-03 17:06:20	25	1	1	0
     2336	2023-08-03 17:09:04	25	1	1	0
      277	2023-08-03 17:15:36	25	1	1	0
     2334	2023-08-03 17:15:40	25	1	1	0
     2334	2023-08-03 17:15:42	25	1	1	0
     1408	2023-08-04 07:01:01	25	0	1	0
     1408	2023-08-04 07:01:04	25	0	1	0
     2334	2023-08-04 07:12:23	25	0	1	0
     2334	2023-08-04 07:12:25	25	0	1	0
     2738	2023-08-04 07:23:29	25	0	1	0
     2738	2023-08-04 07:23:30	25	0	1	0
     2893	2023-08-04 07:23:36	25	0	1	0
     2893	2023-08-04 07:23:38	25	0	1	0
     2856	2023-08-04 07:26:11	25	0	1	0
     2858	2023-08-04 07:38:26	25	0	1	0
     2737	2023-08-04 07:41:13	25	0	1	0
     2737	2023-08-04 07:41:14	25	0	1	0
      733	2023-08-04 07:41:19	25	0	1	0
     2129	2023-08-04 07:44:33	25	0	1	0
     2335	2023-08-04 07:53:00	25	0	1	0
     2335	2023-08-04 07:53:02	25	0	1	0
     2609	2023-08-04 07:53:06	25	0	1	0
     1480	2023-08-04 07:54:13	25	0	1	0
     2336	2023-08-04 08:00:50	25	0	1	0
     2890	2023-08-04 08:01:35	25	0	1	0
     2737	2023-08-04 12:01:04	25	1	1	0
     2858	2023-08-04 12:01:10	25	1	1	0
     2129	2023-08-04 12:01:23	25	1	1	0
     1408	2023-08-04 12:01:33	25	1	1	0
     1480	2023-08-04 12:01:44	25	1	1	0
     2856	2023-08-04 12:01:52	25	1	1	0
     2609	2023-08-04 12:02:11	25	1	1	0
     2334	2023-08-04 12:03:12	25	1	1	0
     2334	2023-08-04 12:03:14	25	1	1	0
     2335	2023-08-04 12:03:47	25	1	1	0
      733	2023-08-04 12:05:03	25	1	1	0
     2336	2023-08-04 12:07:56	25	1	1	0
     2737	2023-08-04 12:11:20	25	0	1	0
     2129	2023-08-04 12:16:19	25	0	1	0
      733	2023-08-04 12:16:59	25	1	1	0
     2335	2023-08-04 12:19:36	25	0	1	0
     2738	2023-08-04 12:23:42	25	1	1	0
     2336	2023-08-04 12:25:08	25	0	1	0
     2890	2023-08-04 12:25:15	25	1	1	0
     2890	2023-08-04 12:28:23	25	0	1	0
     2893	2023-08-04 12:28:29	25	1	1	0
     2893	2023-08-04 12:28:31	25	1	1	0
     2334	2023-08-04 12:30:59	25	0	1	0
     2334	2023-08-04 12:31:00	25	0	1	0
     1480	2023-08-04 12:32:19	25	0	1	0
     2858	2023-08-04 12:32:23	25	0	1	0
     2738	2023-08-04 12:33:41	25	0	1	0
     2856	2023-08-04 12:34:38	25	0	1	0
     2609	2023-08-04 12:39:54	25	0	1	0
     1408	2023-08-04 12:40:43	25	0	1	0
      277	2023-08-04 12:42:30	25	0	1	0
      277	2023-08-04 12:42:34	25	0	1	0
      733	2023-08-04 12:49:41	25	0	1	0
     2893	2023-08-04 12:59:10	25	0	1	0
     2893	2023-08-04 12:59:13	25	0	1	0
     2858	2023-08-04 17:03:34	25	1	1	0
     2737	2023-08-04 17:03:48	25	1	1	0
     2737	2023-08-04 17:03:49	25	1	1	0
     2609	2023-08-04 17:03:52	25	1	1	0
     2856	2023-08-04 17:03:57	25	1	1	0
     2856	2023-08-04 17:03:58	25	1	1	0
     2890	2023-08-04 17:04:02	25	1	1	0
     2890	2023-08-04 17:04:09	25	1	1	0
     2893	2023-08-04 17:04:13	25	1	1	0
     2893	2023-08-04 17:04:15	25	1	1	0
     1408	2023-08-04 17:04:26	25	1	1	0
     1408	2023-08-04 17:04:28	25	1	1	0
     2336	2023-08-04 17:04:41	25	1	1	0
     1480	2023-08-04 17:04:55	25	1	1	0
     2129	2023-08-04 17:06:56	25	1	1	0
      733	2023-08-04 17:07:20	25	1	1	0
     2335	2023-08-04 17:07:37	25	1	1	0
      277	2023-08-04 17:07:43	25	1	1	0
     2335	2023-08-04 17:07:45	25	1	1	0
     2334	2023-08-04 17:07:48	25	1	1	0
     2334	2023-08-04 17:07:50	25	1	1	0
     2334	2023-08-04 17:08:43	25	1	1	0
      277	2023-08-04 17:08:48	25	1	1	0
      733	2023-08-04 17:08:54	25	1	1	0
     2335	2023-08-04 17:08:59	25	1	1	0
     1408	2023-08-05 07:15:40	25	4	1	0
     1408	2023-08-05 07:15:57	25	4	1	0
     1480	2023-08-05 07:46:21	25	4	1	0
     2335	2023-08-05 07:52:01	25	4	1	0
     2335	2023-08-05 07:52:05	25	4	1	0
     1408	2023-08-05 12:07:14	25	5	1	0
     2335	2023-08-05 12:07:19	25	5	1	0
     1480	2023-08-05 12:07:23	25	5	1	0
     1408	2023-08-05 12:31:31	25	4	1	0
     2335	2023-08-05 12:31:34	25	4	1	0
     1480	2023-08-05 12:31:49	25	4	1	0
     2335	2023-08-05 17:04:58	25	5	1	0
     2335	2023-08-05 17:05:00	25	5	1	0
     1408	2023-08-05 17:05:06	25	5	1	0
     1408	2023-08-05 17:05:08	25	5	1	0
     1480	2023-08-05 17:05:11	25	5	1	0
     1408	2023-08-07 07:09:44	25	0	1	0
     1408	2023-08-07 07:09:46	25	0	1	0
     2334	2023-08-07 07:09:49	25	0	1	0
     2334	2023-08-07 07:09:51	25	0	1	0
     2738	2023-08-07 07:23:41	25	0	1	0
     2738	2023-08-07 07:23:42	25	0	1	0
     2738	2023-08-07 07:24:19	25	0	1	0
     2737	2023-08-07 07:34:27	25	0	1	0
     2737	2023-08-07 07:34:28	25	0	1	0
     2893	2023-08-07 07:35:19	25	0	1	0
     2893	2023-08-07 07:35:21	25	0	1	0
     2609	2023-08-07 07:39:13	25	0	1	0
      733	2023-08-07 07:40:50	25	0	1	0
     1480	2023-08-07 07:42:42	25	0	1	0
     2335	2023-08-07 07:44:20	25	0	1	0
     2335	2023-08-07 07:44:22	25	0	1	0
     2129	2023-08-07 07:44:25	25	0	1	0
     2856	2023-08-07 07:49:27	25	0	1	0
     2890	2023-08-07 07:55:06	25	0	1	0
     2336	2023-08-07 07:55:22	25	0	1	0
      277	2023-08-07 07:58:35	25	0	1	0
     2737	2023-08-07 12:02:04	25	1	1	0
      277	2023-08-07 12:04:33	25	1	1	0
     2609	2023-08-07 12:07:11	25	1	1	0
     2334	2023-08-07 12:07:20	25	1	1	0
     2334	2023-08-07 12:07:22	25	1	1	0
     2893	2023-08-07 12:07:27	25	1	1	0
     2893	2023-08-07 12:07:29	25	1	1	0
     1408	2023-08-07 12:07:35	25	1	1	0
     2336	2023-08-07 12:09:00	25	1	1	0
     2856	2023-08-07 12:10:19	25	1	1	0
     2129	2023-08-07 12:10:36	25	1	1	0
     2890	2023-08-07 12:10:47	25	1	1	0
     2738	2023-08-07 12:12:49	25	1	1	0
     1480	2023-08-07 12:13:10	25	1	1	0
     2335	2023-08-07 12:16:08	25	1	1	0
     2334	2023-08-07 12:16:55	25	0	1	0
     2334	2023-08-07 12:16:57	25	0	1	0
     2609	2023-08-07 12:23:29	25	0	1	0
      733	2023-08-07 12:24:09	25	1	1	0
      277	2023-08-07 12:25:51	25	0	1	0
     2335	2023-08-07 12:35:43	25	0	1	0
     2856	2023-08-07 12:36:14	25	0	1	0
     2893	2023-08-07 12:36:19	25	0	1	0
     2893	2023-08-07 12:36:21	25	0	1	0
     1408	2023-08-07 12:36:34	25	0	1	0
     1480	2023-08-07 12:36:57	25	0	1	0
     2737	2023-08-07 12:37:09	25	0	1	0
      733	2023-08-07 12:38:57	25	0	1	0
     2129	2023-08-07 12:42:19	25	0	1	0
     2336	2023-08-07 12:44:09	25	0	1	0
     2890	2023-08-07 12:44:21	25	0	1	0
     2738	2023-08-07 12:45:39	25	0	1	0
     1480	2023-08-07 12:50:29	25	0	1	0
     2737	2023-08-07 17:01:05	25	1	1	0
     2737	2023-08-07 17:01:06	25	1	1	0
     2129	2023-08-07 17:01:09	25	1	1	0
     2335	2023-08-07 17:04:37	25	1	1	0
     2335	2023-08-07 17:04:40	25	1	1	0
     2335	2023-08-07 17:05:17	25	1	1	0
     2856	2023-08-07 17:06:17	25	1	1	0
     2856	2023-08-07 17:06:18	25	1	1	0
     2890	2023-08-07 17:10:14	25	1	1	0
     1408	2023-08-07 17:12:14	25	1	1	0
     1408	2023-08-07 17:12:17	25	1	1	0
     2609	2023-08-07 17:12:30	25	1	1	0
     2893	2023-08-07 17:12:45	25	1	1	0
     2893	2023-08-07 17:12:47	25	1	1	0
     2856	2023-08-07 17:12:49	25	1	1	0
     2336	2023-08-07 17:13:59	25	1	1	0
     2738	2023-08-07 17:33:13	25	1	1	0
     2738	2023-08-07 17:33:15	25	1	1	0
      733	2023-08-07 17:35:52	25	1	1	0
      733	2023-08-07 17:35:55	25	1	1	0
     2334	2023-08-07 17:36:47	25	1	1	0
     2334	2023-08-07 17:36:49	25	1	1	0
      277	2023-08-07 17:36:54	25	1	1	0
     1480	2023-08-07 17:36:57	25	1	1	0
     2334	2023-08-07 17:37:12	25	1	1	0
     1408	2023-08-08 06:58:19	25	0	1	0
     1408	2023-08-08 06:58:21	25	0	1	0
     2334	2023-08-08 07:20:51	25	0	1	0
     2334	2023-08-08 07:20:53	25	0	1	0
     2334	2023-08-08 07:20:55	25	0	1	0
     2335	2023-08-08 07:31:39	25	0	1	0
     2335	2023-08-08 07:31:41	25	0	1	0
     2738	2023-08-08 07:39:41	25	0	1	0
     2738	2023-08-08 07:39:42	25	0	1	0
     2893	2023-08-08 07:41:32	25	0	1	0
     2893	2023-08-08 07:41:33	25	0	1	0
      733	2023-08-08 07:43:50	25	0	1	0
     2890	2023-08-08 07:48:56	25	0	1	0
     2129	2023-08-08 07:49:25	25	0	1	0
     2737	2023-08-08 07:55:17	25	0	1	0
     2737	2023-08-08 07:55:18	25	0	1	0
     2336	2023-08-08 07:56:21	25	0	1	0
     2856	2023-08-08 08:00:06	25	0	1	0
      277	2023-08-08 08:00:25	25	0	1	0
     2609	2023-08-08 08:02:47	25	0	1	0
     1480	2023-08-08 08:05:45	25	0	1	0
     2334	2023-08-08 12:03:34	25	1	1	0
     2334	2023-08-08 12:03:36	25	1	1	0
      277	2023-08-08 12:03:40	25	1	1	0
     2609	2023-08-08 12:03:44	25	1	1	0
     2737	2023-08-08 12:03:57	25	1	1	0
     2856	2023-08-08 12:04:05	25	1	1	0
     2890	2023-08-08 12:04:11	25	1	1	0
     2335	2023-08-08 12:04:20	25	1	1	0
     2893	2023-08-08 12:04:36	25	1	1	0
     2893	2023-08-08 12:04:38	25	1	1	0
     1408	2023-08-08 12:04:51	25	1	1	0
      733	2023-08-08 12:09:57	25	1	1	0
     2737	2023-08-08 12:10:10	25	0	1	0
     1480	2023-08-08 12:15:00	25	1	1	0
     2738	2023-08-08 12:15:47	25	1	1	0
     2336	2023-08-08 12:15:58	25	1	1	0
     2334	2023-08-08 12:17:12	25	0	1	0
     2334	2023-08-08 12:17:14	25	0	1	0
     1480	2023-08-08 12:26:58	25	0	1	0
     2890	2023-08-08 12:27:08	25	0	1	0
     2609	2023-08-08 12:28:22	25	0	1	0
     2335	2023-08-08 12:28:29	25	0	1	0
     2336	2023-08-08 12:31:03	25	0	1	0
      277	2023-08-08 12:34:44	25	0	1	0
     1408	2023-08-08 12:35:16	25	0	1	0
     2336	2023-08-08 12:40:00	25	0	1	0
     2893	2023-08-08 12:40:16	25	0	1	0
     2893	2023-08-08 12:40:18	25	0	1	0
     2856	2023-08-08 12:40:22	25	0	1	0
     2738	2023-08-08 12:47:10	25	0	1	0
      733	2023-08-08 12:53:21	25	0	1	0
     2335	2023-08-08 17:01:43	25	1	1	0
     2335	2023-08-08 17:01:44	25	1	1	0
     2737	2023-08-08 17:01:47	25	1	1	0
     2737	2023-08-08 17:01:49	25	1	1	0
     2609	2023-08-08 17:01:52	25	1	1	0
     1480	2023-08-08 17:01:56	25	1	1	0
     1408	2023-08-08 17:01:59	25	1	1	0
     2856	2023-08-08 17:02:06	25	1	1	0
     2856	2023-08-08 17:02:08	25	1	1	0
     2893	2023-08-08 17:02:13	25	1	1	0
     2893	2023-08-08 17:02:15	25	1	1	0
     2609	2023-08-08 17:02:18	25	1	1	0
     2890	2023-08-08 17:02:21	25	1	1	0
      733	2023-08-08 17:02:29	25	1	1	0
     2129	2023-08-08 17:02:31	25	1	1	0
     2129	2023-08-08 17:03:07	25	1	1	0
      733	2023-08-08 17:03:13	25	1	1	0
     2738	2023-08-08 17:03:18	25	1	1	0
     2738	2023-08-08 17:03:20	25	1	1	0
     1408	2023-08-08 17:03:21	25	1	1	0
      277	2023-08-08 17:03:24	25	1	1	0
     2334	2023-08-08 17:12:35	25	1	1	0
     2334	2023-08-08 17:12:37	25	1	1	0
     2334	2023-08-08 17:12:38	25	1	1	0
     2336	2023-08-08 17:13:19	25	1	1	0
     1408	2023-08-09 06:58:32	25	0	1	0
     1408	2023-08-09 06:58:35	25	0	1	0
     2334	2023-08-09 07:10:52	25	0	1	0
     2334	2023-08-09 07:10:53	25	0	1	0
     2737	2023-08-09 07:37:41	25	0	1	0
     2737	2023-08-09 07:37:44	25	0	1	0
     2893	2023-08-09 07:40:58	25	0	1	0
     2893	2023-08-09 07:41:00	25	0	1	0
      733	2023-08-09 07:45:36	25	0	1	0
     2738	2023-08-09 07:45:39	25	0	1	0
     2738	2023-08-09 07:45:41	25	0	1	0
     2129	2023-08-09 07:45:43	25	0	1	0
     2335	2023-08-09 07:51:15	25	0	1	0
     2335	2023-08-09 07:51:17	25	0	1	0
     2609	2023-08-09 07:52:07	25	0	1	0
     2890	2023-08-09 07:52:10	25	0	1	0
     1480	2023-08-09 07:57:21	25	0	1	0
      277	2023-08-09 07:57:57	25	0	1	0
     2336	2023-08-09 08:11:53	25	0	1	0
     2856	2023-08-09 08:17:04	25	0	1	0
     1480	2023-08-09 12:02:35	25	1	1	0
     1408	2023-08-09 12:02:41	25	1	1	0
     2335	2023-08-09 12:02:44	25	1	1	0
     2334	2023-08-09 12:02:50	25	1	1	0
     2334	2023-08-09 12:02:52	25	1	1	0
     2737	2023-08-09 12:03:25	25	1	1	0
     2890	2023-08-09 12:03:38	25	1	1	0
     2893	2023-08-09 12:03:44	25	1	1	0
     2893	2023-08-09 12:03:48	25	1	1	0
     2856	2023-08-09 12:03:55	25	1	1	0
     2856	2023-08-09 12:03:57	25	1	1	0
      277	2023-08-09 12:05:09	25	1	1	0
     2609	2023-08-09 12:12:46	25	1	1	0
      277	2023-08-09 12:14:39	25	1	1	0
     2335	2023-08-09 12:14:56	25	0	1	0
     2738	2023-08-09 12:15:18	25	1	1	0
      733	2023-08-09 12:16:12	25	1	1	0
     2336	2023-08-09 12:16:16	25	1	1	0
     2334	2023-08-09 12:16:25	25	0	1	0
     2334	2023-08-09 12:16:27	25	0	1	0
     2856	2023-08-09 12:16:35	25	0	1	0
     2890	2023-08-09 12:30:48	25	0	1	0
     2893	2023-08-09 12:30:51	25	0	1	0
     2893	2023-08-09 12:30:52	25	0	1	0
      277	2023-08-09 12:32:46	25	0	1	0
     2336	2023-08-09 12:32:58	25	0	1	0
     2609	2023-08-09 12:33:04	25	0	1	0
     1408	2023-08-09 12:33:07	25	0	1	0
      733	2023-08-09 12:37:35	25	0	1	0
     2738	2023-08-09 12:38:48	25	0	1	0
      733	2023-08-09 12:42:12	25	0	1	0
     1480	2023-08-09 12:53:26	25	0	1	0
     2856	2023-08-09 17:11:07	25	1	1	0
     2856	2023-08-09 17:11:08	25	1	1	0
     2129	2023-08-09 17:13:49	25	1	1	0
     1480	2023-08-09 17:15:20	25	1	1	0
     2738	2023-08-09 17:15:24	25	1	1	0
     2738	2023-08-09 17:15:26	25	1	1	0
     2335	2023-08-09 17:24:44	25	1	1	0
     2335	2023-08-09 17:24:46	25	1	1	0
     2336	2023-08-09 17:29:43	25	1	1	0
     2890	2023-08-09 17:53:29	25	1	1	0
     2609	2023-08-09 18:02:27	25	1	1	0
      733	2023-08-09 18:02:34	25	1	1	0
     2893	2023-08-09 18:02:37	25	1	1	0
     2893	2023-08-09 18:02:39	25	1	1	0
     1408	2023-08-09 18:02:44	25	1	1	0
     1408	2023-08-09 18:02:45	25	1	1	0
      277	2023-08-09 18:02:52	25	1	1	0
      277	2023-08-09 18:02:58	25	1	1	0
      733	2023-08-09 18:03:02	25	1	1	0
     2334	2023-08-09 18:03:26	25	1	1	0
     2334	2023-08-09 18:03:28	25	1	1	0
     2334	2023-08-09 18:03:30	25	1	1	0
     2334	2023-08-10 07:06:25	25	0	1	0
     2334	2023-08-10 07:06:27	25	0	1	0
     2334	2023-08-10 07:06:29	25	0	1	0
     1408	2023-08-10 07:10:20	25	0	1	0
     1408	2023-08-10 07:10:22	25	0	1	0
     2335	2023-08-10 07:30:24	25	0	1	0
     2335	2023-08-10 07:30:26	25	0	1	0
     2738	2023-08-10 07:32:54	25	0	1	0
     2738	2023-08-10 07:32:55	25	0	1	0
     2893	2023-08-10 07:40:46	25	0	1	0
     2893	2023-08-10 07:40:49	25	0	1	0
      733	2023-08-10 07:40:57	25	0	1	0
     2609	2023-08-10 07:41:44	25	0	1	0
     2890	2023-08-10 07:42:56	25	0	1	0
     2856	2023-08-10 07:43:47	25	0	1	0
     2129	2023-08-10 07:49:17	25	0	1	0
     2737	2023-08-10 07:51:28	25	0	1	0
     2737	2023-08-10 07:51:30	25	0	1	0
      277	2023-08-10 07:59:03	25	0	1	0
      277	2023-08-10 07:59:07	25	0	1	0
     2336	2023-08-10 08:12:28	25	0	1	0
     2737	2023-08-10 12:01:04	25	1	1	0
     2738	2023-08-10 12:01:53	25	1	1	0
     2334	2023-08-10 12:02:19	25	1	1	0
     2334	2023-08-10 12:02:21	25	1	1	0
     2890	2023-08-10 12:02:27	25	1	1	0
     2893	2023-08-10 12:02:33	25	1	1	0
     2893	2023-08-10 12:02:35	25	1	1	0
     2856	2023-08-10 12:02:40	25	1	1	0
      733	2023-08-10 12:02:52	25	1	1	0
     1408	2023-08-10 12:04:00	25	1	1	0
      277	2023-08-10 12:04:17	25	1	1	0
     2609	2023-08-10 12:07:03	25	1	1	0
     2336	2023-08-10 12:09:19	25	1	1	0
     2737	2023-08-10 12:13:04	25	0	1	0
     2856	2023-08-10 12:16:16	25	1	1	0
     2856	2023-08-10 12:16:51	25	0	1	0
     2335	2023-08-10 12:16:59	25	1	1	0
     2609	2023-08-10 12:18:03	25	0	1	0
     2890	2023-08-10 12:21:36	25	0	1	0
     2893	2023-08-10 12:21:42	25	0	1	0
     2893	2023-08-10 12:21:44	25	0	1	0
     2335	2023-08-10 12:22:04	25	0	1	0
     2334	2023-08-10 12:25:01	25	0	1	0
     2334	2023-08-10 12:25:03	25	0	1	0
     2738	2023-08-10 12:31:32	25	0	1	0
     2738	2023-08-10 12:31:34	25	0	1	0
      277	2023-08-10 12:36:49	25	0	1	0
     2336	2023-08-10 12:43:11	25	0	1	0
     1480	2023-08-10 12:43:23	25	0	1	0
      733	2023-08-10 12:43:30	25	0	1	0
      733	2023-08-10 12:55:51	25	0	1	0
     2737	2023-08-10 17:02:49	25	1	1	0
     2737	2023-08-10 17:02:50	25	1	1	0
     2609	2023-08-10 17:03:00	25	1	1	0
     2893	2023-08-10 17:03:19	25	1	1	0
     2893	2023-08-10 17:03:21	25	1	1	0
     2890	2023-08-10 17:03:23	25	1	1	0
     2738	2023-08-10 17:03:28	25	1	1	0
     2738	2023-08-10 17:03:30	25	1	1	0
     1408	2023-08-10 17:03:33	25	1	1	0
     1408	2023-08-10 17:03:35	25	1	1	0
     2336	2023-08-10 17:03:39	25	1	1	0
     2335	2023-08-10 17:03:42	25	1	1	0
     2335	2023-08-10 17:03:44	25	1	1	0
     2609	2023-08-10 17:03:54	25	1	1	0
      733	2023-08-10 17:04:27	25	1	1	0
      733	2023-08-10 17:06:10	25	1	1	0
     2129	2023-08-10 17:12:16	25	1	1	0
     1480	2023-08-10 17:12:24	25	1	1	0
     2129	2023-08-10 17:13:01	25	1	1	0
     1480	2023-08-10 17:13:05	25	1	1	0
      277	2023-08-10 17:33:22	25	1	1	0
     2856	2023-08-10 17:33:25	25	1	1	0
     2856	2023-08-10 17:33:27	25	1	1	0
     2334	2023-08-10 17:33:29	25	1	1	0
     2334	2023-08-10 17:33:30	25	1	1	0
     2334	2023-08-10 17:33:32	25	1	1	0
      277	2023-08-10 17:33:40	25	1	1	0
     1408	2023-08-11 07:20:05	25	0	1	0
     1408	2023-08-11 07:20:11	25	0	1	0
     2893	2023-08-11 07:23:34	25	0	1	0
     2893	2023-08-11 07:23:35	25	0	1	0
     2334	2023-08-11 07:25:54	25	0	1	0
     2334	2023-08-11 07:25:56	25	0	1	0
     2334	2023-08-11 07:25:58	25	0	1	0
     2609	2023-08-11 07:33:19	25	0	1	0
     2738	2023-08-11 07:38:32	25	0	1	0
     2738	2023-08-11 07:38:34	25	0	1	0
     2856	2023-08-11 07:42:28	25	0	1	0
     2737	2023-08-11 07:45:56	25	0	1	0
     2737	2023-08-11 07:45:59	25	0	1	0
     2890	2023-08-11 07:49:37	25	0	1	0
      733	2023-08-11 07:49:42	25	0	1	0
     2335	2023-08-11 07:53:15	25	0	1	0
     2335	2023-08-11 07:53:17	25	0	1	0
     2336	2023-08-11 07:56:07	25	0	1	0
      277	2023-08-11 07:59:38	25	0	1	0
     2129	2023-08-11 07:59:40	25	0	1	0
     1480	2023-08-11 08:53:02	25	0	1	0
     2737	2023-08-11 12:01:03	25	1	1	0
     2893	2023-08-11 12:01:19	25	1	1	0
     2893	2023-08-11 12:01:21	25	1	1	0
     2890	2023-08-11 12:01:24	25	1	1	0
     2335	2023-08-11 12:03:42	25	1	1	0
     2856	2023-08-11 12:03:59	25	1	1	0
     2334	2023-08-11 12:05:07	25	1	1	0
     2334	2023-08-11 12:05:09	25	1	1	0
     2609	2023-08-11 12:05:24	25	1	1	0
      733	2023-08-11 12:07:50	25	1	1	0
     1480	2023-08-11 12:08:16	25	1	1	0
     2738	2023-08-11 12:08:44	25	1	1	0
     2738	2023-08-11 12:08:45	25	1	1	0
      277	2023-08-11 12:09:08	25	1	1	0
     2336	2023-08-11 12:10:09	25	1	1	0
     1408	2023-08-11 12:10:13	25	1	1	0
     2335	2023-08-11 12:17:30	25	0	1	0
     2334	2023-08-11 12:18:39	25	0	1	0
     2334	2023-08-11 12:18:41	25	0	1	0
     1480	2023-08-11 12:20:08	25	0	1	0
     2856	2023-08-11 12:20:41	25	0	1	0
      733	2023-08-11 12:22:15	25	0	1	0
     2893	2023-08-11 12:22:38	25	0	1	0
     2893	2023-08-11 12:22:40	25	0	1	0
     2609	2023-08-11 12:25:41	25	0	1	0
     2890	2023-08-11 12:25:47	25	0	1	0
     1408	2023-08-11 12:26:37	25	0	1	0
      733	2023-08-11 12:28:30	25	0	1	0
     2336	2023-08-11 12:30:11	25	0	1	0
     2737	2023-08-11 12:48:38	25	0	1	0
     2737	2023-08-11 17:03:26	25	1	1	0
     2737	2023-08-11 17:03:27	25	1	1	0
     2890	2023-08-11 17:05:12	25	1	1	0
     2609	2023-08-11 17:05:22	25	1	1	0
     1408	2023-08-11 17:05:27	25	1	1	0
     1408	2023-08-11 17:05:29	25	1	1	0
     2738	2023-08-11 17:05:34	25	1	1	0
     2738	2023-08-11 17:05:36	25	1	1	0
     2893	2023-08-11 17:05:38	25	1	1	0
     2893	2023-08-11 17:05:40	25	1	1	0
     1480	2023-08-11 17:05:58	25	1	1	0
     2336	2023-08-11 17:06:14	25	1	1	0
     2856	2023-08-11 17:06:27	25	1	1	0
     2856	2023-08-11 17:06:29	25	1	1	0
      733	2023-08-11 17:06:34	25	1	1	0
      733	2023-08-11 17:07:36	25	1	1	0
     2335	2023-08-11 17:07:40	25	1	1	0
     2335	2023-08-11 17:07:42	25	1	1	0
     2129	2023-08-11 17:26:37	25	1	1	0
      277	2023-08-11 17:31:10	25	1	1	0
     2334	2023-08-11 17:31:15	25	1	1	0
     2334	2023-08-11 17:31:17	25	1	1	0
     2334	2023-08-14 07:13:24	25	0	1	0
     2334	2023-08-14 07:13:25	25	0	1	0
     2334	2023-08-14 07:13:27	25	0	1	0
     2738	2023-08-14 07:17:57	25	0	1	0
     2738	2023-08-14 07:17:59	25	0	1	0
     2609	2023-08-14 07:42:41	25	0	1	0
      733	2023-08-14 07:46:25	25	0	1	0
     2737	2023-08-14 07:49:21	25	0	1	0
     2737	2023-08-14 07:49:22	25	0	1	0
     2893	2023-08-14 07:49:24	25	0	1	0
     2893	2023-08-14 07:49:25	25	0	1	0
     2890	2023-08-14 07:51:38	25	0	1	0
     2129	2023-08-14 07:53:21	25	0	1	0
     2335	2023-08-14 07:53:25	25	0	1	0
     2335	2023-08-14 07:53:28	25	0	1	0
     2336	2023-08-14 07:56:23	25	0	1	0
     1480	2023-08-14 07:56:30	25	0	1	0
      277	2023-08-14 08:00:25	25	0	1	0
      277	2023-08-14 08:00:28	25	0	1	0
     2856	2023-08-14 08:05:36	25	0	1	0
     2609	2023-08-14 12:01:59	25	1	1	0
     2129	2023-08-14 12:08:56	25	1	1	0
     2737	2023-08-14 12:09:05	25	1	1	0
     2738	2023-08-14 12:09:23	25	1	1	0
      733	2023-08-14 12:09:45	25	1	1	0
     2334	2023-08-14 12:10:13	25	1	1	0
     2334	2023-08-14 12:10:16	25	1	1	0
     2335	2023-08-14 12:10:26	25	1	1	0
      277	2023-08-14 12:10:36	25	1	1	0
     2129	2023-08-14 12:11:41	25	1	1	0
     1480	2023-08-14 12:14:22	25	1	1	0
     2893	2023-08-14 12:16:59	25	1	1	0
     2893	2023-08-14 12:17:02	25	1	1	0
     2856	2023-08-14 12:17:16	25	1	1	0
     2336	2023-08-14 12:17:53	25	1	1	0
     2335	2023-08-14 12:19:14	25	0	1	0
      277	2023-08-14 12:25:17	25	1	1	0
     2890	2023-08-14 12:26:00	25	1	1	0
     2893	2023-08-14 12:31:51	25	0	1	0
     2893	2023-08-14 12:31:53	25	0	1	0
     2856	2023-08-14 12:34:09	25	0	1	0
     2334	2023-08-14 12:40:54	25	0	1	0
     2334	2023-08-14 12:40:56	25	0	1	0
     2129	2023-08-14 12:41:43	25	0	1	0
      733	2023-08-14 12:42:10	25	0	1	0
     2737	2023-08-14 12:42:23	25	0	1	0
     2738	2023-08-14 12:48:05	25	0	1	0
     2336	2023-08-14 12:51:48	25	0	1	0
     2609	2023-08-14 12:52:04	25	0	1	0
     1480	2023-08-14 12:54:49	25	0	1	0
     2890	2023-08-14 12:55:09	25	0	1	0
      733	2023-08-14 12:55:21	25	0	1	0
     2737	2023-08-14 17:01:40	25	1	1	0
     2737	2023-08-14 17:01:41	25	1	1	0
     2129	2023-08-14 17:04:08	25	1	1	0
     1480	2023-08-14 17:15:44	25	1	1	0
     1480	2023-08-14 17:17:39	25	1	1	0
     2335	2023-08-14 17:17:45	25	1	1	0
     2335	2023-08-14 17:17:46	25	1	1	0
     2890	2023-08-14 17:17:48	25	1	1	0
     2738	2023-08-14 17:17:51	25	1	1	0
     2738	2023-08-14 17:17:53	25	1	1	0
     2856	2023-08-14 17:21:03	25	1	1	0
     2856	2023-08-14 17:21:04	25	1	1	0
     2609	2023-08-14 17:56:33	25	1	1	0
     2893	2023-08-14 17:56:35	25	1	1	0
     2893	2023-08-14 17:56:37	25	1	1	0
      277	2023-08-14 17:57:28	25	1	1	0
      277	2023-08-14 17:57:36	25	1	1	0
      733	2023-08-14 18:08:50	25	1	1	0
      733	2023-08-14 18:08:59	25	1	1	0
     2334	2023-08-14 18:26:02	25	1	1	0
     2334	2023-08-14 18:26:04	25	1	1	0
     2334	2023-08-14 18:26:06	25	1	1	0
     2334	2023-08-14 18:26:24	25	1	1	0
     1408	2023-08-15 07:15:43	25	0	1	0
     1408	2023-08-15 07:15:45	25	0	1	0
     2738	2023-08-15 07:19:15	25	0	1	0
     2738	2023-08-15 07:19:17	25	0	1	0
     2334	2023-08-15 07:19:25	25	0	1	0
     2334	2023-08-15 07:19:26	25	0	1	0
     2335	2023-08-15 07:23:24	25	0	1	0
     2335	2023-08-15 07:23:25	25	0	1	0
     2893	2023-08-15 07:35:57	25	0	1	0
     2893	2023-08-15 07:35:59	25	0	1	0
     2890	2023-08-15 07:45:17	25	0	1	0
     2856	2023-08-15 07:50:39	25	0	1	0
      733	2023-08-15 07:53:08	25	0	1	0
     2129	2023-08-15 07:56:24	25	0	1	0
     2336	2023-08-15 07:56:49	25	0	1	0
      277	2023-08-15 07:59:50	25	0	1	0
     1480	2023-08-15 09:16:24	25	0	1	0
      733	2023-08-15 12:02:12	25	1	1	0
      733	2023-08-15 12:02:18	25	1	1	0
     2129	2023-08-15 12:02:21	25	1	1	0
      277	2023-08-15 12:02:26	25	1	1	0
     2334	2023-08-15 12:06:17	25	1	1	0
     2334	2023-08-15 12:06:19	25	1	1	0
     2856	2023-08-15 12:06:24	25	1	1	0
     2335	2023-08-15 12:06:44	25	1	1	0
     1480	2023-08-15 12:07:24	25	1	1	0
     1408	2023-08-15 12:13:20	25	1	1	0
     2738	2023-08-15 12:13:53	25	1	1	0
     2893	2023-08-15 12:14:35	25	1	1	0
     2893	2023-08-15 12:14:37	25	1	1	0
     2129	2023-08-15 12:14:47	25	0	1	0
     2890	2023-08-15 12:15:14	25	1	1	0
     2893	2023-08-15 12:15:23	25	1	1	0
     2893	2023-08-15 12:15:25	25	1	1	0
     2334	2023-08-15 12:15:56	25	0	1	0
     2334	2023-08-15 12:15:59	25	0	1	0
      733	2023-08-15 12:16:53	25	0	1	0
     2890	2023-08-15 12:22:39	25	0	1	0
     2335	2023-08-15 12:24:04	25	0	1	0
     1480	2023-08-15 12:25:26	25	0	1	0
     2336	2023-08-15 12:25:56	25	1	1	0
     2893	2023-08-15 12:26:09	25	0	1	0
     2893	2023-08-15 12:26:11	25	0	1	0
     1408	2023-08-15 12:26:17	25	0	1	0
      277	2023-08-15 12:26:33	25	0	1	0
     2856	2023-08-15 12:34:17	25	0	1	0
     2738	2023-08-15 12:43:43	25	0	1	0
     2336	2023-08-15 12:53:18	25	0	1	0
     2129	2023-08-15 17:02:50	25	1	1	0
      733	2023-08-15 17:03:02	25	1	1	0
      733	2023-08-15 17:03:05	25	1	1	0
     2890	2023-08-15 17:03:08	25	1	1	0
     2335	2023-08-15 17:03:22	25	1	1	0
     2335	2023-08-15 17:03:24	25	1	1	0
     2738	2023-08-15 17:03:39	25	1	1	0
     2893	2023-08-15 17:03:45	25	1	1	0
     2893	2023-08-15 17:03:47	25	1	1	0
     2336	2023-08-15 17:03:53	25	1	1	0
     2856	2023-08-15 17:04:08	25	1	1	0
     2856	2023-08-15 17:04:09	25	1	1	0
     1480	2023-08-15 17:04:18	25	1	1	0
     2335	2023-08-15 17:05:28	25	1	1	0
     1408	2023-08-15 17:05:31	25	1	1	0
     1408	2023-08-15 17:05:34	25	1	1	0
      277	2023-08-15 17:05:45	25	1	1	0
     2334	2023-08-15 17:06:45	25	1	1	0
     2334	2023-08-15 17:06:47	25	1	1	0
     2334	2023-08-15 17:07:04	25	1	1	0
      277	2023-08-15 17:07:08	25	1	1	0
     1408	2023-08-16 07:21:02	25	0	1	0
     1408	2023-08-16 07:21:05	25	0	1	0
     2738	2023-08-16 07:22:07	25	0	1	0
     2334	2023-08-16 07:22:19	25	0	1	0
     2334	2023-08-16 07:22:21	25	0	1	0
     2609	2023-08-16 07:40:06	25	0	1	0
     2893	2023-08-16 07:40:11	25	0	1	0
     2893	2023-08-16 07:40:12	25	0	1	0
      733	2023-08-16 07:49:33	25	0	1	0
      733	2023-08-16 07:49:40	25	0	1	0
     2890	2023-08-16 07:57:44	25	0	1	0
     2856	2023-08-16 07:58:06	25	0	1	0
     2129	2023-08-16 07:58:10	25	0	1	0
      277	2023-08-16 08:00:06	25	0	1	0
     2335	2023-08-16 08:02:43	25	0	1	0
     2335	2023-08-16 08:02:44	25	0	1	0
     1480	2023-08-16 08:06:25	25	0	1	0
     2336	2023-08-16 08:12:31	25	0	1	0
     1480	2023-08-16 12:02:11	25	1	1	0
     2738	2023-08-16 12:02:16	25	1	1	0
     2609	2023-08-16 12:02:20	25	1	1	0
     2856	2023-08-16 12:02:26	25	1	1	0
     1408	2023-08-16 12:02:29	25	1	1	0
     2335	2023-08-16 12:02:41	25	1	1	0
     2890	2023-08-16 12:02:44	25	1	1	0
     2129	2023-08-16 12:03:02	25	1	1	0
     2334	2023-08-16 12:04:04	25	1	1	0
     2334	2023-08-16 12:04:06	25	1	1	0
     2893	2023-08-16 12:04:15	25	1	1	0
     2893	2023-08-16 12:04:17	25	1	1	0
      733	2023-08-16 12:08:54	25	1	1	0
     2334	2023-08-16 12:09:12	25	0	1	0
     2334	2023-08-16 12:09:13	25	0	1	0
     2334	2023-08-16 12:09:20	25	0	1	0
     2336	2023-08-16 12:11:51	25	1	1	0
     1480	2023-08-16 12:20:41	25	0	1	0
      277	2023-08-16 12:21:08	25	1	1	0
     2129	2023-08-16 12:22:39	25	0	1	0
     2335	2023-08-16 12:25:10	25	0	1	0
      733	2023-08-16 12:26:34	25	0	1	0
     1408	2023-08-16 12:29:13	25	0	1	0
     2890	2023-08-16 12:30:59	25	0	1	0
     2609	2023-08-16 12:31:11	25	0	1	0
     2856	2023-08-16 12:34:22	25	0	1	0
      277	2023-08-16 12:38:03	25	0	1	0
     2336	2023-08-16 12:41:23	25	0	1	0
      733	2023-08-16 12:51:48	25	0	1	0
     2738	2023-08-16 12:51:52	25	0	1	0
     2893	2023-08-16 12:56:17	25	0	1	0
     2893	2023-08-16 12:56:18	25	0	1	0
     2129	2023-08-16 17:05:37	25	1	1	0
      733	2023-08-16 17:05:59	25	1	1	0
      733	2023-08-16 17:08:02	25	1	1	0
     2738	2023-08-16 17:19:27	25	1	1	0
     2738	2023-08-16 17:19:29	25	1	1	0
     2609	2023-08-16 17:30:05	25	1	1	0
     2890	2023-08-16 17:30:08	25	1	1	0
     2856	2023-08-16 17:30:10	25	1	1	0
     2856	2023-08-16 17:30:11	25	1	1	0
     1408	2023-08-16 17:30:18	25	1	1	0
     1408	2023-08-16 17:30:20	25	1	1	0
     1480	2023-08-16 17:30:23	25	1	1	0
      277	2023-08-16 17:30:27	25	1	1	0
     2738	2023-08-16 17:30:31	25	1	1	0
     2893	2023-08-16 17:43:59	25	1	1	0
     2336	2023-08-16 17:44:03	25	1	1	0
     2335	2023-08-16 17:44:42	25	1	1	0
     2335	2023-08-16 17:44:47	25	1	1	0
     2334	2023-08-16 17:44:59	25	1	1	0
     2334	2023-08-16 17:45:01	25	1	1	0
     1408	2023-08-17 07:20:57	25	0	1	0
     1408	2023-08-17 07:20:59	25	0	1	0
     2334	2023-08-17 07:30:20	25	0	1	0
     2334	2023-08-17 07:30:22	25	0	1	0
     2334	2023-08-17 07:30:24	25	0	1	0
     2738	2023-08-17 07:39:07	25	0	1	0
     2738	2023-08-17 07:39:08	25	0	1	0
     1480	2023-08-17 07:49:53	25	0	1	0
     2609	2023-08-17 07:50:22	25	0	1	0
     2737	2023-08-17 07:53:00	25	0	1	0
     2737	2023-08-17 07:53:01	25	0	1	0
      733	2023-08-17 07:53:06	25	0	1	0
      733	2023-08-17 07:53:12	25	0	1	0
     2890	2023-08-17 07:55:06	25	0	1	0
     2335	2023-08-17 07:56:02	25	0	1	0
     2335	2023-08-17 07:56:03	25	0	1	0
     2336	2023-08-17 07:57:43	25	0	1	0
      277	2023-08-17 08:00:27	25	0	1	0
     2129	2023-08-17 08:00:31	25	0	1	0
     2856	2023-08-17 08:04:26	25	0	1	0
     2893	2023-08-17 08:07:04	25	0	1	0
     2335	2023-08-17 12:02:06	25	1	1	0
     2609	2023-08-17 12:02:09	25	1	1	0
     2129	2023-08-17 12:02:17	25	1	1	0
     2129	2023-08-17 12:02:23	25	1	1	0
     2890	2023-08-17 12:02:35	25	1	1	0
     2856	2023-08-17 12:02:47	25	1	1	0
     2334	2023-08-17 12:04:16	25	1	1	0
     2334	2023-08-17 12:04:18	25	1	1	0
     1480	2023-08-17 12:04:48	25	1	1	0
     2738	2023-08-17 12:08:55	25	1	1	0
     1408	2023-08-17 12:11:04	25	1	1	0
     2893	2023-08-17 12:11:21	25	1	1	0
     2890	2023-08-17 12:11:30	25	0	1	0
      733	2023-08-17 12:12:35	25	1	1	0
      277	2023-08-17 12:14:39	25	1	1	0
     2335	2023-08-17 12:17:48	25	0	1	0
     2129	2023-08-17 12:18:59	25	0	1	0
     2737	2023-08-17 12:19:12	25	1	1	0
     2336	2023-08-17 12:19:38	25	1	1	0
     2737	2023-08-17 12:23:31	25	0	1	0
     2334	2023-08-17 12:28:08	25	0	1	0
     2334	2023-08-17 12:28:10	25	0	1	0
     2609	2023-08-17 12:28:42	25	0	1	0
      733	2023-08-17 12:30:31	25	0	1	0
      277	2023-08-17 12:31:01	25	0	1	0
      277	2023-08-17 12:31:04	25	0	1	0
     2856	2023-08-17 12:34:10	25	0	1	0
     2738	2023-08-17 12:34:30	25	0	1	0
      733	2023-08-17 12:36:55	25	0	1	0
     1480	2023-08-17 12:37:00	25	0	1	0
     2336	2023-08-17 12:37:15	25	0	1	0
     2893	2023-08-17 12:44:54	25	0	1	0
     1408	2023-08-17 12:58:06	25	0	1	0
     2737	2023-08-17 17:00:03	25	1	1	0
     2737	2023-08-17 17:00:06	25	1	1	0
     2893	2023-08-17 17:00:12	25	1	1	0
     1480	2023-08-17 17:00:16	25	1	1	0
     2738	2023-08-17 17:01:03	25	1	1	0
     2890	2023-08-17 17:01:05	25	1	1	0
     2738	2023-08-17 17:01:07	25	1	1	0
     2609	2023-08-17 17:01:10	25	1	1	0
     2856	2023-08-17 17:01:13	25	1	1	0
     2856	2023-08-17 17:01:15	25	1	1	0
     1408	2023-08-17 17:01:17	25	1	1	0
     1408	2023-08-17 17:01:19	25	1	1	0
     2129	2023-08-17 17:01:23	25	1	1	0
      733	2023-08-17 17:01:38	25	1	1	0
      277	2023-08-17 17:02:21	25	1	1	0
     2336	2023-08-17 17:06:06	25	1	1	0
     2335	2023-08-17 17:06:29	25	1	1	0
     2335	2023-08-17 17:06:30	25	1	1	0
     2335	2023-08-17 17:06:34	25	1	1	0
     2334	2023-08-17 17:06:38	25	1	1	0
     2334	2023-08-17 17:06:40	25	1	1	0
     2334	2023-08-17 17:06:42	25	1	1	0
     1408	2023-08-18 07:11:46	25	0	1	0
     1408	2023-08-18 07:11:49	25	0	1	0
     2609	2023-08-18 07:25:05	25	0	1	0
     2334	2023-08-18 07:28:45	25	0	1	0
     2334	2023-08-18 07:28:47	25	0	1	0
     2334	2023-08-18 07:29:06	25	0	1	0
     2738	2023-08-18 07:39:16	25	0	1	0
     2738	2023-08-18 07:39:17	25	0	1	0
     2856	2023-08-18 07:40:55	25	0	1	0
      733	2023-08-18 07:43:27	25	0	1	0
      733	2023-08-18 07:43:30	25	0	1	0
     2737	2023-08-18 07:45:18	25	0	1	0
     2737	2023-08-18 07:45:20	25	0	1	0
     2335	2023-08-18 07:49:13	25	0	1	0
     2335	2023-08-18 07:49:17	25	0	1	0
     2893	2023-08-18 07:49:23	25	0	1	0
     2129	2023-08-18 07:53:34	25	0	1	0
     2890	2023-08-18 07:53:40	25	0	1	0
     2336	2023-08-18 07:57:32	25	0	1	0
      277	2023-08-18 07:57:58	25	0	1	0
     2129	2023-08-18 07:58:12	25	0	1	0
     2609	2023-08-18 12:01:07	25	1	1	0
     2129	2023-08-18 12:01:47	25	1	1	0
      733	2023-08-18 12:01:52	25	1	1	0
     1408	2023-08-18 12:01:55	25	1	1	0
     2335	2023-08-18 12:01:59	25	1	1	0
     2335	2023-08-18 12:02:01	25	1	1	0
     2890	2023-08-18 12:02:04	25	1	1	0
     2737	2023-08-18 12:02:07	25	1	1	0
     2336	2023-08-18 12:03:19	25	1	1	0
     2738	2023-08-18 12:06:12	25	1	1	0
     2334	2023-08-18 12:07:49	25	1	1	0
     2334	2023-08-18 12:07:51	25	1	1	0
     2334	2023-08-18 12:07:54	25	1	1	0
     2856	2023-08-18 12:08:05	25	1	1	0
     2893	2023-08-18 12:09:47	25	1	1	0
     2737	2023-08-18 12:10:35	25	0	1	0
      277	2023-08-18 12:15:13	25	1	1	0
     2129	2023-08-18 12:15:34	25	1	1	0
     2129	2023-08-18 12:15:41	25	0	1	0
     2335	2023-08-18 12:18:25	25	0	1	0
     2334	2023-08-18 12:20:20	25	0	1	0
     2334	2023-08-18 12:20:21	25	0	1	0
     1408	2023-08-18 12:20:34	25	0	1	0
     2609	2023-08-18 12:30:06	25	0	1	0
      277	2023-08-18 12:31:07	25	0	1	0
     2738	2023-08-18 12:31:51	25	0	1	0
     2738	2023-08-18 12:35:29	25	0	1	0
      733	2023-08-18 12:36:04	25	0	1	0
      277	2023-08-18 12:37:58	25	0	1	0
     2336	2023-08-18 12:59:16	25	0	1	0
     2890	2023-08-18 12:59:27	25	0	1	0
     2893	2023-08-18 12:59:43	25	0	1	0
     2737	2023-08-18 17:01:01	25	1	1	0
     2737	2023-08-18 17:01:03	25	1	1	0
     1408	2023-08-18 17:01:07	25	1	1	0
     1408	2023-08-18 17:01:09	25	1	1	0
     2893	2023-08-18 17:01:12	25	1	1	0
     2890	2023-08-18 17:01:15	25	1	1	0
     2738	2023-08-18 17:01:18	25	1	1	0
     2738	2023-08-18 17:01:20	25	1	1	0
     2609	2023-08-18 17:01:26	25	1	1	0
     2336	2023-08-18 17:02:02	25	1	1	0
     2129	2023-08-18 17:02:05	25	1	1	0
      733	2023-08-18 17:02:10	25	1	1	0
      733	2023-08-18 17:02:13	25	1	1	0
      277	2023-08-18 17:02:47	25	1	1	0
     2335	2023-08-18 17:02:55	25	1	1	0
     2335	2023-08-18 17:02:57	25	1	1	0
     2334	2023-08-18 17:03:41	25	1	1	0
     2334	2023-08-18 17:03:43	25	1	1	0
     2334	2023-08-18 17:03:45	25	1	1	0
     2334	2023-08-18 17:07:02	25	1	1	0
     1408	2023-08-22 07:13:25	25	0	1	0
     1408	2023-08-22 07:13:38	25	0	1	0
     2334	2023-08-22 07:19:17	25	0	1	0
     2334	2023-08-22 07:19:19	25	0	1	0
     2334	2023-08-22 07:19:20	25	0	1	0
     2893	2023-08-22 07:37:37	25	0	1	0
     2738	2023-08-22 07:44:24	25	0	1	0
     2738	2023-08-22 07:44:26	25	0	1	0
      733	2023-08-22 07:49:16	25	0	1	0
      733	2023-08-22 07:49:20	25	0	1	0
     1480	2023-08-22 07:50:22	25	0	1	0
     2737	2023-08-22 07:51:39	25	0	1	0
     2737	2023-08-22 07:51:40	25	0	1	0
     2856	2023-08-22 07:52:56	25	0	1	0
     2336	2023-08-22 07:55:16	25	0	1	0
     2335	2023-08-22 07:56:14	25	0	1	0
     2335	2023-08-22 07:56:16	25	0	1	0
      277	2023-08-22 07:56:23	25	0	1	0
     2129	2023-08-22 08:01:00	25	0	1	0
     2609	2023-08-22 08:02:19	25	0	1	0
     2890	2023-08-22 08:07:19	25	0	1	0
      733	2023-08-22 12:03:25	25	0	1	0
      733	2023-08-22 12:03:30	25	1	1	0
     2609	2023-08-22 12:05:07	25	1	1	0
     1408	2023-08-22 12:05:10	25	1	1	0
     2335	2023-08-22 12:05:13	25	1	1	0
     1480	2023-08-22 12:05:16	25	1	1	0
     2856	2023-08-22 12:05:19	25	1	1	0
     2737	2023-08-22 12:05:22	25	1	1	0
     2893	2023-08-22 12:05:25	25	1	1	0
     2334	2023-08-22 12:05:28	25	1	1	0
     2334	2023-08-22 12:05:30	25	1	1	0
      277	2023-08-22 12:05:49	25	1	1	0
     2129	2023-08-22 12:06:51	25	1	1	0
     2336	2023-08-22 12:10:03	25	1	1	0
      733	2023-08-22 12:15:34	25	0	1	0
     2129	2023-08-22 12:20:49	25	0	1	0
     2893	2023-08-22 12:20:57	25	0	1	0
     1480	2023-08-22 12:22:06	25	0	1	0
     2738	2023-08-22 12:22:11	25	1	1	0
     2609	2023-08-22 12:22:35	25	0	1	0
      277	2023-08-22 12:22:40	25	0	1	0
     2738	2023-08-22 12:23:04	25	0	1	0
     2334	2023-08-22 12:23:30	25	0	1	0
     2334	2023-08-22 12:23:31	25	0	1	0
     2737	2023-08-22 12:24:13	25	0	1	0
     2856	2023-08-22 12:34:00	25	0	1	0
     2335	2023-08-22 12:34:22	25	0	1	0
     2890	2023-08-22 12:34:30	25	1	1	0
     1408	2023-08-22 12:34:53	25	0	1	0
     2890	2023-08-22 12:41:02	25	0	1	0
     2336	2023-08-22 12:54:55	25	0	1	0
     2129	2023-08-22 16:21:33	25	1	1	0
     2737	2023-08-22 17:01:15	25	1	1	0
     2737	2023-08-22 17:01:17	25	1	1	0
     2738	2023-08-22 17:02:14	25	1	1	0
     2738	2023-08-22 17:02:16	25	1	1	0
     2856	2023-08-22 17:13:36	25	1	1	0
     2856	2023-08-22 17:13:38	25	1	1	0
     2335	2023-08-22 17:13:49	25	1	1	0
     2335	2023-08-22 17:13:50	25	1	1	0
     2336	2023-08-22 17:21:15	25	1	1	0
     1480	2023-08-22 17:23:38	25	1	1	0
     2890	2023-08-22 17:29:06	25	1	1	0
     2893	2023-08-22 17:29:45	25	1	1	0
      733	2023-08-22 17:29:57	25	1	1	0
     2738	2023-08-22 17:30:12	25	1	1	0
     2738	2023-08-22 17:30:18	25	1	1	0
      277	2023-08-22 17:31:21	25	1	1	0
     1408	2023-08-22 17:31:24	25	1	1	0
     1408	2023-08-22 17:31:25	25	1	1	0
     2609	2023-08-22 17:31:29	25	1	1	0
     2609	2023-08-22 17:31:31	25	1	1	0
     2334	2023-08-22 17:44:27	25	1	1	0
     2334	2023-08-22 17:44:28	25	1	1	0
     2334	2023-08-23 07:18:18	25	0	1	0
     2334	2023-08-23 07:18:19	25	0	1	0
     2334	2023-08-23 07:18:21	25	0	1	0
     1408	2023-08-23 07:20:46	25	0	1	0
     1408	2023-08-23 07:20:48	25	0	1	0
     2738	2023-08-23 07:43:22	25	0	1	0
     2738	2023-08-23 07:43:24	25	0	1	0
     2609	2023-08-23 07:44:23	25	0	1	0
      733	2023-08-23 07:44:29	25	0	1	0
      733	2023-08-23 07:44:40	25	0	1	0
     2335	2023-08-23 07:50:27	25	0	1	0
     2335	2023-08-23 07:50:29	25	0	1	0
     2737	2023-08-23 07:53:03	25	0	1	0
     2737	2023-08-23 07:53:04	25	0	1	0
     2893	2023-08-23 07:53:11	25	0	1	0
     2890	2023-08-23 07:55:02	25	0	1	0
     2856	2023-08-23 07:58:38	25	0	1	0
      277	2023-08-23 07:58:53	25	0	1	0
     1480	2023-08-23 08:00:11	25	0	1	0
     2129	2023-08-23 08:00:13	25	0	1	0
     2336	2023-08-23 08:06:33	25	0	1	0
     2129	2023-08-23 12:04:38	25	1	1	0
     2738	2023-08-23 12:06:13	25	1	1	0
     2609	2023-08-23 12:06:50	25	1	1	0
     2336	2023-08-23 12:06:54	25	1	1	0
     2893	2023-08-23 12:07:11	25	1	1	0
     2335	2023-08-23 12:07:15	25	1	1	0
      277	2023-08-23 12:07:27	25	1	1	0
     2856	2023-08-23 12:07:33	25	1	1	0
     2890	2023-08-23 12:07:36	25	1	1	0
     1408	2023-08-23 12:07:41	25	1	1	0
      733	2023-08-23 12:08:03	25	1	1	0
     2334	2023-08-23 12:10:12	25	1	1	0
     2334	2023-08-23 12:10:13	25	1	1	0
     2737	2023-08-23 12:14:22	25	1	1	0
     1480	2023-08-23 12:15:48	25	1	1	0
     2737	2023-08-23 12:19:46	25	0	1	0
     2334	2023-08-23 12:20:30	25	0	1	0
     2334	2023-08-23 12:20:32	25	0	1	0
     2893	2023-08-23 12:23:12	25	0	1	0
     2856	2023-08-23 12:29:28	25	0	1	0
      277	2023-08-23 12:31:56	25	0	1	0
     1408	2023-08-23 12:32:02	25	0	1	0
     2335	2023-08-23 12:32:09	25	0	1	0
     2609	2023-08-23 12:32:15	25	0	1	0
     2129	2023-08-23 12:32:23	25	0	1	0
     2336	2023-08-23 12:33:56	25	0	1	0
     1480	2023-08-23 12:41:45	25	0	1	0
     2738	2023-08-23 12:43:45	25	0	1	0
     2890	2023-08-23 12:44:02	25	0	1	0
      733	2023-08-23 12:46:47	25	0	1	0
     2737	2023-08-23 17:03:03	25	1	1	0
     2737	2023-08-23 17:03:04	25	1	1	0
     2335	2023-08-23 17:06:54	25	1	1	0
     2335	2023-08-23 17:06:55	25	1	1	0
     2738	2023-08-23 17:07:08	25	1	1	0
     2890	2023-08-23 17:09:01	25	1	1	0
     2893	2023-08-23 17:09:27	25	1	1	0
     1408	2023-08-23 17:09:37	25	1	1	0
     1408	2023-08-23 17:09:38	25	1	1	0
     2609	2023-08-23 17:09:42	25	1	1	0
     2856	2023-08-23 17:09:45	25	1	1	0
     2856	2023-08-23 17:09:47	25	1	1	0
      277	2023-08-23 17:10:00	25	1	1	0
     1480	2023-08-23 17:10:30	25	1	1	0
     1480	2023-08-23 17:11:10	25	1	1	0
      733	2023-08-23 17:18:37	25	1	1	0
      733	2023-08-23 17:18:48	25	1	1	0
     2129	2023-08-23 17:21:24	25	1	1	0
     2336	2023-08-23 17:26:26	25	1	1	0
     2334	2023-08-23 17:50:37	25	1	1	0
     2334	2023-08-23 17:50:39	25	1	1	0
     2334	2023-08-23 17:50:41	25	1	1	0
     1408	2023-08-24 07:25:57	25	0	1	0
     1408	2023-08-24 07:26:00	25	0	1	0
     2738	2023-08-24 07:27:09	25	0	1	0
     2738	2023-08-24 07:27:11	25	0	1	0
     2609	2023-08-24 07:37:43	25	0	1	0
     2334	2023-08-24 07:37:46	25	0	1	0
      733	2023-08-24 07:38:56	25	0	1	0
     2890	2023-08-24 07:44:17	25	0	1	0
     2856	2023-08-24 07:51:48	25	0	1	0
     2335	2023-08-24 07:56:02	25	0	1	0
     2335	2023-08-24 07:56:07	25	0	1	0
     2893	2023-08-24 07:57:50	25	0	1	0
     2336	2023-08-24 07:58:05	25	0	1	0
     2737	2023-08-24 07:58:59	25	0	1	0
     2737	2023-08-24 07:59:00	25	0	1	0
      277	2023-08-24 07:59:48	25	0	1	0
     2129	2023-08-24 08:09:39	25	0	1	0
     1480	2023-08-24 08:20:38	25	0	1	0
      733	2023-08-24 12:01:32	25	1	1	0
     2609	2023-08-24 12:02:12	25	1	1	0
     2890	2023-08-24 12:02:19	25	1	1	0
     2893	2023-08-24 12:02:25	25	1	1	0
     2737	2023-08-24 12:02:27	25	1	1	0
     1480	2023-08-24 12:02:32	25	1	1	0
     2335	2023-08-24 12:02:36	25	1	1	0
     2129	2023-08-24 12:02:44	25	1	1	0
     2738	2023-08-24 12:05:21	25	1	1	0
     2336	2023-08-24 12:07:45	25	1	1	0
     2856	2023-08-24 12:08:57	25	1	1	0
     2334	2023-08-24 12:11:51	25	1	1	0
     2334	2023-08-24 12:11:53	25	1	1	0
      277	2023-08-24 12:17:43	25	1	1	0
     1408	2023-08-24 12:17:54	25	1	1	0
     2335	2023-08-24 12:18:02	25	0	1	0
     2129	2023-08-24 12:18:30	25	0	1	0
     2737	2023-08-24 12:18:39	25	0	1	0
     2890	2023-08-24 12:18:49	25	0	1	0
     2334	2023-08-24 12:19:52	25	0	1	0
     2334	2023-08-24 12:19:54	25	0	1	0
     2334	2023-08-24 12:19:56	25	0	1	0
     1480	2023-08-24 12:27:27	25	0	1	0
      277	2023-08-24 12:31:28	25	0	1	0
     1408	2023-08-24 12:31:33	25	0	1	0
     2609	2023-08-24 12:31:43	25	0	1	0
     2336	2023-08-24 12:31:51	25	0	1	0
     2893	2023-08-24 12:31:59	25	0	1	0
      733	2023-08-24 12:33:03	25	0	1	0
     2738	2023-08-24 12:33:27	25	0	1	0
     2738	2023-08-24 12:33:29	25	0	1	0
     2856	2023-08-24 12:34:22	25	0	1	0
      733	2023-08-24 12:46:35	25	0	1	0
     2737	2023-08-24 17:02:06	25	1	1	0
     2737	2023-08-24 17:02:08	25	1	1	0
     2609	2023-08-24 17:02:42	25	1	1	0
     2890	2023-08-24 17:02:58	25	1	1	0
     1408	2023-08-24 17:03:03	25	1	1	0
     1408	2023-08-24 17:03:06	25	1	1	0
     2893	2023-08-24 17:03:09	25	1	1	0
     2335	2023-08-24 17:03:12	25	1	1	0
     2335	2023-08-24 17:03:13	25	1	1	0
     2738	2023-08-24 17:03:16	25	1	1	0
     2738	2023-08-24 17:03:17	25	1	1	0
     2856	2023-08-24 17:03:19	25	1	1	0
     2856	2023-08-24 17:03:21	25	1	1	0
     2129	2023-08-24 17:04:36	25	1	1	0
      733	2023-08-24 17:04:44	25	1	1	0
     1480	2023-08-24 17:05:18	25	1	1	0
      733	2023-08-24 17:06:36	25	1	1	0
      277	2023-08-24 17:08:27	25	1	1	0
     2336	2023-08-24 17:36:22	25	1	1	0
     2334	2023-08-24 17:39:24	25	1	1	0
     2334	2023-08-24 17:39:26	25	1	1	0
     2334	2023-08-24 17:41:37	25	1	1	0
     1408	2023-08-25 07:33:24	25	0	1	0
     1408	2023-08-25 07:33:26	25	0	1	0
     2334	2023-08-25 07:33:28	25	0	1	0
     2334	2023-08-25 07:33:30	25	0	1	0
     2609	2023-08-25 07:42:47	25	0	1	0
     2893	2023-08-25 07:42:52	25	0	1	0
      733	2023-08-25 07:44:43	25	0	1	0
     2129	2023-08-25 07:46:42	25	0	1	0
     1480	2023-08-25 07:49:06	25	0	1	0
     2737	2023-08-25 07:51:35	25	0	1	0
     2737	2023-08-25 07:51:37	25	0	1	0
     2335	2023-08-25 07:55:17	25	0	1	0
     2335	2023-08-25 07:55:19	25	0	1	0
     2856	2023-08-25 07:57:17	25	0	1	0
      277	2023-08-25 07:59:32	25	0	1	0
     2890	2023-08-25 07:59:35	25	0	1	0
     2738	2023-08-25 08:02:54	25	0	1	0
     2738	2023-08-25 08:02:55	25	0	1	0
     2336	2023-08-25 08:16:29	25	0	1	0
     2335	2023-08-25 12:01:28	25	1	1	0
     2737	2023-08-25 12:01:37	25	1	1	0
     2893	2023-08-25 12:01:57	25	1	1	0
     2609	2023-08-25 12:02:34	25	1	1	0
     2856	2023-08-25 12:02:51	25	1	1	0
     2890	2023-08-25 12:02:59	25	1	1	0
     2334	2023-08-25 12:04:31	25	1	1	0
     2334	2023-08-25 12:04:33	25	1	1	0
     1408	2023-08-25 12:04:47	25	1	1	0
      277	2023-08-25 12:05:21	25	1	1	0
      733	2023-08-25 12:07:05	25	1	1	0
     2335	2023-08-25 12:10:22	25	0	1	0
      277	2023-08-25 12:16:42	25	1	1	0
     2738	2023-08-25 12:18:07	25	1	1	0
     2336	2023-08-25 12:18:16	25	1	1	0
     1408	2023-08-25 12:23:23	25	0	1	0
     2334	2023-08-25 12:28:37	25	0	1	0
     2334	2023-08-25 12:28:39	25	0	1	0
      277	2023-08-25 12:34:17	25	0	1	0
     2856	2023-08-25 12:34:21	25	0	1	0
     2890	2023-08-25 12:34:23	25	0	1	0
     2609	2023-08-25 12:34:30	25	0	1	0
     2893	2023-08-25 12:35:17	25	0	1	0
     1480	2023-08-25 12:35:30	25	0	1	0
     1480	2023-08-25 12:35:42	25	1	1	0
      733	2023-08-25 12:37:46	25	0	1	0
     2336	2023-08-25 12:39:22	25	0	1	0
     2738	2023-08-25 12:47:40	25	0	1	0
     1480	2023-08-25 12:48:15	25	0	1	0
     2737	2023-08-25 12:48:22	25	0	1	0
     2336	2023-08-25 12:59:17	25	0	1	0
     1480	2023-08-25 12:59:36	25	0	1	0
     2129	2023-08-25 17:04:21	25	1	1	0
     1480	2023-08-25 17:05:33	25	1	1	0
     2737	2023-08-25 17:08:14	25	1	1	0
     2737	2023-08-25 17:08:17	25	1	1	0
      733	2023-08-25 17:08:26	25	1	1	0
      733	2023-08-25 17:08:30	25	1	1	0
     2609	2023-08-25 17:08:44	25	1	1	0
     2890	2023-08-25 17:08:46	25	1	1	0
     2893	2023-08-25 17:08:48	25	1	1	0
     2335	2023-08-25 17:08:53	25	1	1	0
     2335	2023-08-25 17:08:57	25	1	1	0
     1408	2023-08-25 17:09:07	25	1	1	0
     1408	2023-08-25 17:09:10	25	1	1	0
     2738	2023-08-25 17:09:12	25	1	1	0
     2738	2023-08-25 17:09:13	25	1	1	0
     2336	2023-08-25 17:09:21	25	1	1	0
      277	2023-08-25 17:09:25	25	1	1	0
     2856	2023-08-25 17:09:29	25	1	1	0
     2856	2023-08-25 17:09:30	25	1	1	0
     2334	2023-08-25 17:38:32	25	1	1	0
     2334	2023-08-25 17:38:34	25	1	1	0
     2334	2023-08-25 17:38:35	25	1	1	0
     2334	2023-08-29 07:12:10	25	0	1	0
     2334	2023-08-29 07:12:11	25	0	1	0
     2334	2023-08-29 07:12:13	25	0	1	0
     2738	2023-08-29 07:18:14	25	0	1	0
     2738	2023-08-29 07:18:16	25	0	1	0
     2335	2023-08-29 07:31:17	25	0	1	0
     2335	2023-08-29 07:31:18	25	0	1	0
     2856	2023-08-29 07:38:58	25	0	1	0
     2129	2023-08-29 07:41:08	25	0	1	0
     2609	2023-08-29 07:44:48	25	0	1	0
      733	2023-08-29 07:45:00	25	0	1	0
      733	2023-08-29 07:45:09	25	0	1	0
     2890	2023-08-29 07:48:03	25	0	1	0
     1480	2023-08-29 07:54:08	25	0	1	0
     2893	2023-08-29 07:56:15	25	0	1	0
     2336	2023-08-29 07:58:52	25	0	1	0
      277	2023-08-29 07:59:53	25	0	1	0
      277	2023-08-29 07:59:57	25	0	1	0
     2737	2023-08-29 08:08:57	25	0	1	0
     2737	2023-08-29 08:08:58	25	0	1	0
     2334	2023-08-29 12:07:04	25	1	1	0
     2334	2023-08-29 12:07:05	25	1	1	0
     2893	2023-08-29 12:07:10	25	1	1	0
     2609	2023-08-29 12:08:22	25	1	1	0
     2890	2023-08-29 12:08:33	25	1	1	0
     2336	2023-08-29 12:08:39	25	1	1	0
      733	2023-08-29 12:08:44	25	1	1	0
     2856	2023-08-29 12:08:56	25	1	1	0
      277	2023-08-29 12:09:03	25	1	1	0
     2335	2023-08-29 12:09:22	25	1	1	0
     2737	2023-08-29 12:10:17	25	1	1	0
     1480	2023-08-29 12:15:36	25	1	1	0
     2738	2023-08-29 12:16:59	25	1	1	0
     2334	2023-08-29 12:22:29	25	0	1	0
     2334	2023-08-29 12:22:31	25	0	1	0
     2737	2023-08-29 12:27:18	25	0	1	0
     2893	2023-08-29 12:30:34	25	0	1	0
      733	2023-08-29 12:30:46	25	0	1	0
     2856	2023-08-29 12:31:13	25	0	1	0
     2335	2023-08-29 12:31:21	25	0	1	0
     2336	2023-08-29 12:33:41	25	0	1	0
     1480	2023-08-29 12:34:08	25	0	1	0
     2738	2023-08-29 12:37:58	25	0	1	0
     2609	2023-08-29 12:38:21	25	0	1	0
      277	2023-08-29 12:47:29	25	0	1	0
     2609	2023-08-29 17:06:12	25	1	1	0
     2335	2023-08-29 17:06:15	25	1	1	0
     2335	2023-08-29 17:06:16	25	1	1	0
     2890	2023-08-29 17:06:20	25	1	1	0
     2738	2023-08-29 17:06:24	25	1	1	0
     2737	2023-08-29 17:06:28	25	1	1	0
     2737	2023-08-29 17:06:30	25	1	1	0
     1480	2023-08-29 17:06:32	25	1	1	0
     2893	2023-08-29 17:06:33	25	1	1	0
     2856	2023-08-29 17:06:40	25	1	1	0
     2856	2023-08-29 17:06:41	25	1	1	0
      277	2023-08-29 17:06:59	25	1	1	0
      277	2023-08-29 17:07:07	25	1	1	0
     2856	2023-08-29 17:07:11	25	1	1	0
     2336	2023-08-29 17:09:08	25	1	1	0
      733	2023-08-29 17:09:16	25	1	1	0
     2129	2023-08-29 17:11:40	25	1	1	0
     2334	2023-08-29 17:31:16	25	1	1	0
     2334	2023-08-29 17:31:18	25	1	1	0
     2334	2023-08-29 17:31:19	25	1	1	0
     2129	2023-08-30 07:19:48	25	0	1	0
     2334	2023-08-30 07:22:16	25	0	1	0
     2334	2023-08-30 07:22:18	25	0	1	0
     2334	2023-08-30 07:22:19	25	0	1	0
     1408	2023-08-30 07:28:13	25	0	1	0
     1408	2023-08-30 07:28:15	25	0	1	0
     1480	2023-08-30 07:29:13	25	0	1	0
     2335	2023-08-30 07:30:04	25	0	1	0
     2335	2023-08-30 07:30:06	25	0	1	0
     2738	2023-08-30 07:34:21	25	0	1	0
     2738	2023-08-30 07:34:23	25	0	1	0
     2609	2023-08-30 07:39:28	25	0	1	0
      733	2023-08-30 07:44:48	25	0	1	0
     2893	2023-08-30 07:44:54	25	0	1	0
     2890	2023-08-30 07:52:06	25	0	1	0
     2856	2023-08-30 07:52:46	25	0	1	0
     2336	2023-08-30 07:55:28	25	0	1	0
      277	2023-08-30 07:55:52	25	0	1	0
     2737	2023-08-30 07:58:09	25	0	1	0
     2737	2023-08-30 07:58:11	25	0	1	0
     2738	2023-08-30 12:01:35	25	1	1	0
     2609	2023-08-30 12:02:07	25	1	1	0
     2334	2023-08-30 12:04:59	25	1	1	0
     2334	2023-08-30 12:05:01	25	1	1	0
     2334	2023-08-30 12:05:07	25	1	1	0
     2737	2023-08-30 12:05:13	25	1	1	0
     1480	2023-08-30 12:05:16	25	1	1	0
     2336	2023-08-30 12:05:21	25	1	1	0
     1408	2023-08-30 12:05:44	25	1	1	0
     2856	2023-08-30 12:06:09	25	1	1	0
     2335	2023-08-30 12:06:14	25	1	1	0
     2334	2023-08-30 12:20:39	25	0	1	0
     2334	2023-08-30 12:20:40	25	0	1	0
     2890	2023-08-30 12:27:45	25	0	1	0
     2890	2023-08-30 12:27:55	25	1	1	0
     2893	2023-08-30 12:28:02	25	1	1	0
     2335	2023-08-30 12:28:10	25	0	1	0
     2856	2023-08-30 12:28:27	25	0	1	0
     2609	2023-08-30 12:28:34	25	0	1	0
     1480	2023-08-30 12:34:53	25	0	1	0
     2890	2023-08-30 12:36:14	25	0	1	0
     1408	2023-08-30 12:36:40	25	0	1	0
     2336	2023-08-30 12:37:38	25	0	1	0
     2738	2023-08-30 12:44:06	25	0	1	0
      277	2023-08-30 12:44:15	25	0	1	0
     2893	2023-08-30 12:44:25	25	0	1	0
      733	2023-08-30 12:45:49	25	0	1	0
     2737	2023-08-30 12:53:18	25	0	1	0
     2737	2023-08-30 17:01:06	25	1	1	0
     2737	2023-08-30 17:01:08	25	1	1	0
     2336	2023-08-30 17:05:50	25	1	1	0
     2738	2023-08-30 17:11:03	25	1	1	0
     2738	2023-08-30 17:11:05	25	1	1	0
     2335	2023-08-30 17:12:55	25	1	1	0
     2335	2023-08-30 17:12:57	25	1	1	0
     2856	2023-08-30 17:13:02	25	1	1	0
     2856	2023-08-30 17:13:03	25	1	1	0
     1480	2023-08-30 17:16:06	25	1	1	0
     2890	2023-08-30 17:16:12	25	1	1	0
     2893	2023-08-30 17:16:19	25	1	1	0
     1408	2023-08-30 17:17:45	25	1	1	0
     1408	2023-08-30 17:17:47	25	1	1	0
     2609	2023-08-30 17:17:50	25	1	1	0
      277	2023-08-30 17:17:55	25	1	1	0
      277	2023-08-30 17:18:14	25	1	1	0
      733	2023-08-30 17:21:45	25	1	1	0
      733	2023-08-30 17:21:48	25	1	1	0
     2334	2023-08-30 17:25:07	25	1	1	0
     2334	2023-08-30 17:25:09	25	1	1	0
     2334	2023-08-30 17:25:11	25	1	1	0
     2129	2023-08-30 18:27:12	25	1	1	0
     2334	2023-08-31 07:11:56	25	0	1	0
     2334	2023-08-31 07:11:58	25	0	1	0
     2334	2023-08-31 07:11:59	25	0	1	0
     1408	2023-08-31 07:18:00	25	0	1	0
     1408	2023-08-31 07:18:03	25	0	1	0
     2738	2023-08-31 07:33:36	25	0	1	0
     2738	2023-08-31 07:33:38	25	0	1	0
     2893	2023-08-31 07:39:07	25	0	1	0
     2890	2023-08-31 07:39:53	25	0	1	0
     2129	2023-08-31 07:40:28	25	0	1	0
      733	2023-08-31 07:40:31	25	0	1	0
     1480	2023-08-31 07:42:53	25	0	1	0
     2609	2023-08-31 07:44:39	25	0	1	0
     2335	2023-08-31 07:50:24	25	0	1	0
     2335	2023-08-31 07:50:26	25	0	1	0
     2737	2023-08-31 07:53:31	25	0	1	0
     2737	2023-08-31 07:53:33	25	0	1	0
     2856	2023-08-31 07:55:55	25	0	1	0
     2336	2023-08-31 07:58:36	25	0	1	0
      277	2023-08-31 07:59:51	25	0	1	0
      277	2023-08-31 07:59:54	25	0	1	0
      277	2023-08-31 12:01:42	25	1	1	0
     2334	2023-08-31 12:02:10	25	1	1	0
     2334	2023-08-31 12:02:11	25	1	1	0
     2609	2023-08-31 12:02:20	25	1	1	0
     2737	2023-08-31 12:02:23	25	1	1	0
     1408	2023-08-31 12:02:27	25	1	1	0
     2890	2023-08-31 12:02:32	25	1	1	0
     2893	2023-08-31 12:02:38	25	1	1	0
     2856	2023-08-31 12:02:42	25	1	1	0
     2335	2023-08-31 12:02:45	25	1	1	0
     1480	2023-08-31 12:07:40	25	1	1	0
     2334	2023-08-31 12:16:38	25	0	1	0
     2334	2023-08-31 12:16:40	25	0	1	0
     2738	2023-08-31 12:17:08	25	0	1	0
     2738	2023-08-31 12:17:18	25	1	1	0
     2336	2023-08-31 12:21:27	25	1	1	0
     2335	2023-08-31 12:21:36	25	0	1	0
     2609	2023-08-31 12:21:47	25	0	1	0
     2893	2023-08-31 12:21:54	25	0	1	0
     2856	2023-08-31 12:21:57	25	0	1	0
     2890	2023-08-31 12:22:54	25	0	1	0
      733	2023-08-31 12:23:41	25	1	1	0
     1480	2023-08-31 12:28:21	25	0	1	0
      277	2023-08-31 12:30:14	25	0	1	0
     1408	2023-08-31 12:30:27	25	0	1	0
     2738	2023-08-31 12:35:50	25	0	1	0
     2336	2023-08-31 12:48:29	25	0	1	0
     2737	2023-08-31 12:49:01	25	0	1	0
      733	2023-08-31 12:50:33	25	0	1	0
      733	2023-08-31 12:54:33	25	0	1	0
     2737	2023-08-31 17:01:41	25	1	1	0
     2737	2023-08-31 17:01:42	25	1	1	0
     2609	2023-08-31 17:01:48	25	1	1	0
     2856	2023-08-31 17:02:02	25	1	1	0
     2856	2023-08-31 17:02:04	25	1	1	0
     2893	2023-08-31 17:02:09	25	1	1	0
     1408	2023-08-31 17:02:11	25	1	1	0
     1408	2023-08-31 17:02:14	25	1	1	0
     2890	2023-08-31 17:02:16	25	1	1	0
     2335	2023-08-31 17:02:21	25	1	1	0
     2335	2023-08-31 17:02:23	25	1	1	0
     2738	2023-08-31 17:02:29	25	1	1	0
     2738	2023-08-31 17:02:31	25	1	1	0
     1480	2023-08-31 17:02:46	25	1	1	0
      277	2023-08-31 17:05:04	25	1	1	0
      277	2023-08-31 17:05:07	25	1	1	0
     2336	2023-08-31 17:13:15	25	1	1	0
     2129	2023-08-31 17:13:28	25	1	1	0
     2334	2023-08-31 17:26:07	25	1	1	0
     2334	2023-08-31 17:26:09	25	1	1	0
     2334	2023-08-31 17:26:11	25	1	1	0
      733	2023-08-31 17:29:42	25	1	1	0
      733	2023-08-31 17:29:44	25	1	1	0
     2893	2023-09-01 06:29:15	25	0	1	0
     2893	2023-09-01 06:29:20	25	0	1	0
     2335	2023-09-01 06:39:00	25	0	1	0
     2335	2023-09-01 06:39:02	25	0	1	0
     2738	2023-09-01 06:52:28	25	0	1	0
     2738	2023-09-01 06:52:34	25	0	1	0
     2334	2023-09-01 06:53:27	25	0	1	0
     2334	2023-09-01 06:53:29	25	0	1	0
     2334	2023-09-01 06:53:30	25	0	1	0
     2129	2023-09-01 07:05:15	25	0	1	0
     2336	2023-09-01 07:07:48	25	0	1	0
     2609	2023-09-01 07:20:20	25	0	1	0
     1480	2023-09-01 07:20:27	25	0	1	0
     2890	2023-09-01 07:20:33	25	0	1	0
      277	2023-09-01 07:20:39	25	0	1	0
     2856	2023-09-01 07:20:49	25	0	1	0
     1408	2023-09-01 07:23:07	25	0	1	0
     1408	2023-09-01 07:23:10	25	0	1	0
      733	2023-09-01 07:44:54	25	0	1	0
      733	2023-09-01 07:44:58	25	0	1	0
     2737	2023-09-01 07:58:10	25	0	1	0
     2737	2023-09-01 07:58:13	25	0	1	0
     2737	2023-09-01 07:58:14	25	0	1	0
