      838	2023-07-31 07:22:37	27	0	1	0
      838	2023-07-31 07:22:48	27	0	1	0
     1493	2023-07-31 07:25:19	27	0	1	0
     2664	2023-07-31 07:32:11	27	0	1	0
     1171	2023-07-31 07:34:20	27	0	1	0
     2840	2023-07-31 07:41:00	27	0	1	0
      997	2023-07-31 07:45:24	27	0	1	0
      997	2023-07-31 07:45:26	27	0	1	0
     1078	2023-07-31 07:46:45	27	0	1	0
      675	2023-07-31 07:48:08	27	0	1	0
      675	2023-07-31 07:48:11	27	0	1	0
     1578	2023-07-31 07:48:18	27	0	1	0
       52	2023-07-31 07:49:12	27	0	1	0
     1903	2023-07-31 07:53:18	27	0	1	0
     1903	2023-07-31 07:53:23	27	0	1	0
     2665	2023-07-31 07:55:02	27	0	1	0
     2475	2023-07-31 07:56:04	27	0	1	0
     2475	2023-07-31 07:56:09	27	0	1	0
      438	2023-07-31 07:56:25	27	0	1	0
     1079	2023-07-31 07:59:11	27	0	1	0
     1132	2023-07-31 08:00:27	27	0	1	0
     2269	2023-07-31 08:03:40	27	0	1	0
     2663	2023-07-31 08:15:41	27	0	1	0
      595	2023-07-31 08:20:15	27	0	1	0
      595	2023-07-31 08:20:17	27	0	1	0
      675	2023-07-31 12:00:02	27	1	1	0
      675	2023-07-31 12:01:16	27	0	1	0
      438	2023-07-31 12:02:10	27	1	1	0
     2840	2023-07-31 12:02:29	27	1	1	0
      997	2023-07-31 12:03:31	27	1	1	0
      996	2023-07-31 12:04:22	27	1	1	0
      838	2023-07-31 12:04:33	27	1	1	0
     1578	2023-07-31 12:05:19	27	1	1	0
     2664	2023-07-31 12:05:26	27	1	1	0
     1132	2023-07-31 12:05:47	27	0	1	0
     1132	2023-07-31 12:06:06	27	1	1	0
     2475	2023-07-31 12:06:12	27	1	1	0
     1903	2023-07-31 12:08:56	27	1	1	0
      595	2023-07-31 12:09:01	27	1	1	0
     1171	2023-07-31 12:09:09	27	1	1	0
      595	2023-07-31 12:10:03	27	0	1	0
      997	2023-07-31 12:11:38	27	0	1	0
     2665	2023-07-31 12:11:46	27	1	1	0
     2663	2023-07-31 12:13:16	27	1	1	0
     1578	2023-07-31 12:16:12	27	0	1	0
     2840	2023-07-31 12:16:37	27	0	1	0
     1132	2023-07-31 12:16:59	27	0	1	0
     2475	2023-07-31 12:17:23	27	0	1	0
     2269	2023-07-31 12:17:28	27	1	1	0
     1493	2023-07-31 12:19:01	27	1	1	0
     2269	2023-07-31 12:19:08	27	0	1	0
      438	2023-07-31 12:20:26	27	0	1	0
     1079	2023-07-31 12:21:35	27	1	1	0
     1903	2023-07-31 12:22:25	27	0	1	0
     2664	2023-07-31 12:22:30	27	0	1	0
     1079	2023-07-31 12:23:39	27	0	1	0
     1078	2023-07-31 12:28:37	27	1	1	0
       52	2023-07-31 12:29:14	27	1	1	0
     1078	2023-07-31 12:29:46	27	0	1	0
     1171	2023-07-31 12:29:55	27	0	1	0
       52	2023-07-31 12:30:39	27	0	1	0
      996	2023-07-31 12:37:22	27	0	1	0
     2663	2023-07-31 12:39:59	27	0	1	0
     2665	2023-07-31 12:41:25	27	0	1	0
      675	2023-07-31 17:00:03	27	1	1	0
      595	2023-07-31 17:00:06	27	1	1	0
     1132	2023-07-31 17:01:57	27	1	1	0
      997	2023-07-31 17:02:20	27	1	1	0
      997	2023-07-31 17:02:22	27	1	1	0
      438	2023-07-31 17:02:56	27	1	1	0
     2840	2023-07-31 17:03:03	27	1	1	0
     2840	2023-07-31 17:03:05	27	1	1	0
     1171	2023-07-31 17:04:20	27	1	1	0
     2664	2023-07-31 17:04:55	27	1	1	0
     1578	2023-07-31 17:05:38	27	1	1	0
     2665	2023-07-31 17:06:06	27	1	1	0
     2475	2023-07-31 17:06:34	27	1	1	0
     2475	2023-07-31 17:06:36	27	1	1	0
     1079	2023-07-31 17:09:47	27	1	1	0
     1078	2023-07-31 17:10:20	27	1	1	0
     1493	2023-07-31 17:10:42	27	1	1	0
     1903	2023-07-31 17:12:26	27	1	1	0
     2269	2023-07-31 17:34:24	27	1	1	0
       52	2023-07-31 19:30:51	27	1	1	0
      595	2023-08-01 07:01:12	27	0	1	0
     1493	2023-08-01 07:31:05	27	0	1	0
     1337	2023-08-01 07:32:00	27	0	1	0
     1171	2023-08-01 07:40:41	27	0	1	0
     2475	2023-08-01 07:41:43	27	0	1	0
     2475	2023-08-01 07:41:44	27	0	1	0
     2665	2023-08-01 07:41:59	27	0	1	0
     2840	2023-08-01 07:42:07	27	0	1	0
      838	2023-08-01 07:45:53	27	0	1	0
     1079	2023-08-01 07:46:13	27	0	1	0
     2664	2023-08-01 07:49:31	27	0	1	0
     1578	2023-08-01 07:50:53	27	0	1	0
      675	2023-08-01 07:51:09	27	0	1	0
      675	2023-08-01 07:51:10	27	0	1	0
      997	2023-08-01 07:51:16	27	0	1	0
     1078	2023-08-01 07:53:59	27	0	1	0
     1903	2023-08-01 07:55:20	27	0	1	0
     1903	2023-08-01 07:55:22	27	0	1	0
     2666	2023-08-01 07:58:25	27	0	1	0
     2663	2023-08-01 07:58:31	27	0	1	0
     1132	2023-08-01 08:00:14	27	0	1	0
       52	2023-08-01 08:05:54	27	0	1	0
      438	2023-08-01 08:05:59	27	0	1	0
      438	2023-08-01 08:06:01	27	0	1	0
     2269	2023-08-01 08:43:17	27	0	1	0
      675	2023-08-01 12:00:15	27	1	1	0
     2269	2023-08-01 12:00:34	27	1	1	0
      675	2023-08-01 12:01:04	27	0	1	0
     2840	2023-08-01 12:01:31	27	1	1	0
     2475	2023-08-01 12:01:44	27	1	1	0
     2475	2023-08-01 12:01:48	27	1	1	0
      838	2023-08-01 12:01:55	27	1	1	0
      438	2023-08-01 12:02:04	27	1	1	0
      438	2023-08-01 12:02:08	27	1	1	0
     1132	2023-08-01 12:02:27	27	1	1	0
      997	2023-08-01 12:02:33	27	1	1	0
     2269	2023-08-01 12:06:58	27	0	1	0
     2666	2023-08-01 12:08:57	27	1	1	0
     2666	2023-08-01 12:09:01	27	0	1	0
     1132	2023-08-01 12:10:32	27	0	1	0
     2665	2023-08-01 12:12:30	27	1	1	0
     2664	2023-08-01 12:12:36	27	1	1	0
      438	2023-08-01 12:15:40	27	0	1	0
     2840	2023-08-01 12:15:53	27	0	1	0
     2475	2023-08-01 12:16:41	27	0	1	0
      997	2023-08-01 12:17:05	27	0	1	0
      595	2023-08-01 12:18:06	27	1	1	0
     1903	2023-08-01 12:18:56	27	1	1	0
     1493	2023-08-01 12:21:20	27	1	1	0
      838	2023-08-01 12:22:36	27	0	1	0
     1493	2023-08-01 12:23:30	27	0	1	0
     1903	2023-08-01 12:26:33	27	0	1	0
     2665	2023-08-01 12:32:45	27	0	1	0
     2664	2023-08-01 12:32:50	27	0	1	0
     1578	2023-08-01 12:41:10	27	1	1	0
     1171	2023-08-01 12:41:18	27	1	1	0
       52	2023-08-01 12:41:30	27	1	1	0
       52	2023-08-01 12:42:15	27	0	1	0
      595	2023-08-01 12:44:02	27	0	1	0
     1578	2023-08-01 12:44:40	27	0	1	0
     1171	2023-08-01 12:57:25	27	0	1	0
      675	2023-08-01 17:00:05	27	1	1	0
      675	2023-08-01 17:00:07	27	1	1	0
     2269	2023-08-01 17:00:26	27	1	1	0
      595	2023-08-01 17:02:30	27	1	1	0
     2665	2023-08-01 17:05:59	27	1	1	0
     2840	2023-08-01 17:06:11	27	1	1	0
     2840	2023-08-01 17:06:13	27	1	1	0
      438	2023-08-01 17:06:20	27	1	1	0
     2475	2023-08-01 17:06:27	27	1	1	0
      838	2023-08-01 17:06:39	27	1	1	0
      595	2023-08-01 17:06:45	27	1	1	0
     1578	2023-08-01 17:07:04	27	1	1	0
     1132	2023-08-01 17:09:26	27	1	1	0
     2664	2023-08-01 17:09:34	27	1	1	0
     2666	2023-08-01 17:09:49	27	1	1	0
      997	2023-08-01 17:09:55	27	1	1	0
     1171	2023-08-01 17:11:48	27	1	1	0
     1079	2023-08-01 17:12:27	27	1	1	0
     1337	2023-08-01 17:13:35	27	1	1	0
       52	2023-08-01 17:14:42	27	1	1	0
     1493	2023-08-01 17:15:21	27	1	1	0
     1078	2023-08-01 17:16:09	27	1	1	0
     1903	2023-08-01 17:24:21	27	1	1	0
      595	2023-08-02 06:57:19	27	0	1	0
     1493	2023-08-02 07:36:44	27	0	1	0
     1337	2023-08-02 07:38:04	27	0	1	0
      838	2023-08-02 07:38:19	27	0	1	0
      838	2023-08-02 07:38:47	27	0	1	0
     2840	2023-08-02 07:40:13	27	0	1	0
     2664	2023-08-02 07:40:42	27	0	1	0
     2475	2023-08-02 07:42:55	27	0	1	0
      438	2023-08-02 07:43:01	27	0	1	0
     1171	2023-08-02 07:43:42	27	0	1	0
     2665	2023-08-02 07:45:43	27	0	1	0
     1079	2023-08-02 07:46:30	27	0	1	0
      997	2023-08-02 07:49:05	27	0	1	0
      997	2023-08-02 07:49:07	27	0	1	0
     1578	2023-08-02 07:50:16	27	0	1	0
       52	2023-08-02 07:53:43	27	0	1	0
     1078	2023-08-02 07:53:49	27	0	1	0
     2666	2023-08-02 07:56:33	27	0	1	0
     1132	2023-08-02 08:00:53	27	0	1	0
     2663	2023-08-02 08:17:40	27	0	1	0
     2269	2023-08-02 08:35:43	27	0	1	0
     2666	2023-08-02 12:00:21	27	1	1	0
      595	2023-08-02 12:00:51	27	1	1	0
      595	2023-08-02 12:01:05	27	0	1	0
     2840	2023-08-02 12:01:13	27	1	1	0
      996	2023-08-02 12:01:20	27	1	1	0
     1132	2023-08-02 12:01:25	27	1	1	0
     2475	2023-08-02 12:01:30	27	1	1	0
      838	2023-08-02 12:01:34	27	1	1	0
      438	2023-08-02 12:01:48	27	1	1	0
      595	2023-08-02 12:02:28	27	0	1	0
     2663	2023-08-02 12:02:51	27	1	1	0
     2269	2023-08-02 12:03:06	27	1	1	0
      997	2023-08-02 12:03:16	27	1	1	0
     1171	2023-08-02 12:03:43	27	1	1	0
     2269	2023-08-02 12:05:03	27	0	1	0
     2664	2023-08-02 12:05:12	27	1	1	0
     2665	2023-08-02 12:05:18	27	1	1	0
     1578	2023-08-02 12:06:14	27	1	1	0
     1079	2023-08-02 12:06:42	27	1	1	0
     2475	2023-08-02 12:10:06	27	0	1	0
     2475	2023-08-02 12:10:08	27	0	1	0
      838	2023-08-02 12:14:52	27	0	1	0
       52	2023-08-02 12:16:57	27	1	1	0
       52	2023-08-02 12:17:03	27	0	1	0
     1079	2023-08-02 12:17:10	27	0	1	0
     1578	2023-08-02 12:17:20	27	0	1	0
      438	2023-08-02 12:19:14	27	0	1	0
     1132	2023-08-02 12:22:08	27	0	1	0
     2840	2023-08-02 12:24:11	27	0	1	0
     1078	2023-08-02 12:26:43	27	1	1	0
      996	2023-08-02 12:27:09	27	0	1	0
      997	2023-08-02 12:27:49	27	0	1	0
     1078	2023-08-02 12:28:32	27	0	1	0
     1171	2023-08-02 12:29:50	27	0	1	0
     2666	2023-08-02 12:31:31	27	0	1	0
     2665	2023-08-02 12:37:02	27	0	1	0
     2664	2023-08-02 12:37:14	27	0	1	0
     2663	2023-08-02 12:48:41	27	0	1	0
     2269	2023-08-02 17:00:39	27	1	1	0
     1337	2023-08-02 17:01:57	27	1	1	0
     1337	2023-08-02 17:01:58	27	1	1	0
     1171	2023-08-02 17:02:08	27	1	1	0
     1132	2023-08-02 17:02:38	27	1	1	0
      838	2023-08-02 17:03:23	27	1	1	0
     2840	2023-08-02 17:03:29	27	1	1	0
     2840	2023-08-02 17:03:31	27	1	1	0
      438	2023-08-02 17:03:39	27	1	1	0
      997	2023-08-02 17:03:56	27	1	1	0
     2475	2023-08-02 17:03:59	27	1	1	0
     2475	2023-08-02 17:04:39	27	1	1	0
       52	2023-08-02 17:04:45	27	1	1	0
     1079	2023-08-02 17:04:51	27	1	1	0
     1493	2023-08-02 17:05:00	27	1	1	0
     2664	2023-08-02 17:05:24	27	1	1	0
     1578	2023-08-02 17:05:41	27	1	1	0
     2665	2023-08-02 17:06:28	27	1	1	0
      595	2023-08-02 17:08:37	27	1	1	0
     2663	2023-08-02 17:33:28	27	1	1	0
     1078	2023-08-02 17:37:32	27	1	1	0
      595	2023-08-03 06:51:18	27	0	1	0
     1578	2023-08-03 07:36:52	27	0	1	0
      838	2023-08-03 07:39:39	27	0	1	0
     2840	2023-08-03 07:40:11	27	0	1	0
     1493	2023-08-03 07:40:42	27	0	1	0
     1337	2023-08-03 07:41:42	27	0	1	0
     1337	2023-08-03 07:41:48	27	0	1	0
     2664	2023-08-03 07:42:41	27	0	1	0
     2475	2023-08-03 07:42:47	27	0	1	0
     1078	2023-08-03 07:44:24	27	0	1	0
     1132	2023-08-03 07:45:35	27	0	1	0
       52	2023-08-03 07:45:42	27	0	1	0
     1171	2023-08-03 07:45:47	27	0	1	0
      997	2023-08-03 07:47:23	27	0	1	0
      997	2023-08-03 07:47:25	27	0	1	0
     1079	2023-08-03 07:49:31	27	0	1	0
      438	2023-08-03 08:02:50	27	0	1	0
     2666	2023-08-03 08:18:11	27	0	1	0
     2269	2023-08-03 08:46:32	27	0	1	0
     2663	2023-08-03 09:31:47	27	0	1	0
     1493	2023-08-03 12:00:18	27	1	1	0
     2840	2023-08-03 12:00:26	27	1	1	0
      996	2023-08-03 12:01:04	27	1	1	0
     2666	2023-08-03 12:01:12	27	1	1	0
      438	2023-08-03 12:01:19	27	1	1	0
      997	2023-08-03 12:01:28	27	1	1	0
     1132	2023-08-03 12:01:41	27	1	1	0
      838	2023-08-03 12:02:11	27	1	1	0
     2475	2023-08-03 12:02:17	27	1	1	0
     2664	2023-08-03 12:04:02	27	1	1	0
     1337	2023-08-03 12:06:45	27	1	1	0
     1132	2023-08-03 12:07:47	27	0	1	0
      595	2023-08-03 12:12:38	27	1	1	0
     1578	2023-08-03 12:12:43	27	1	1	0
     2663	2023-08-03 12:13:03	27	1	1	0
      838	2023-08-03 12:14:38	27	0	1	0
     1578	2023-08-03 12:14:53	27	0	1	0
     2840	2023-08-03 12:15:26	27	0	1	0
     2269	2023-08-03 12:16:50	27	1	1	0
     1337	2023-08-03 12:17:07	27	0	1	0
     1171	2023-08-03 12:17:23	27	1	1	0
     1078	2023-08-03 12:17:35	27	1	1	0
     1078	2023-08-03 12:17:37	27	1	1	0
     1078	2023-08-03 12:18:14	27	0	1	0
       52	2023-08-03 12:18:34	27	1	1	0
       52	2023-08-03 12:19:05	27	0	1	0
      996	2023-08-03 12:20:46	27	0	1	0
     2666	2023-08-03 12:20:54	27	0	1	0
     2475	2023-08-03 12:20:59	27	0	1	0
      438	2023-08-03 12:21:05	27	0	1	0
     2269	2023-08-03 12:22:17	27	0	1	0
      997	2023-08-03 12:22:40	27	0	1	0
     1493	2023-08-03 12:28:08	27	0	1	0
     1079	2023-08-03 12:33:40	27	1	1	0
     1171	2023-08-03 12:33:47	27	0	1	0
     1079	2023-08-03 12:34:48	27	0	1	0
     2664	2023-08-03 12:38:17	27	0	1	0
     2663	2023-08-03 12:40:40	27	0	1	0
     1171	2023-08-03 17:00:07	27	0	1	0
      838	2023-08-03 17:00:57	27	1	1	0
      838	2023-08-03 17:01:01	27	1	1	0
     2475	2023-08-03 17:01:08	27	1	1	0
     2840	2023-08-03 17:01:14	27	1	1	0
     2840	2023-08-03 17:01:15	27	1	1	0
     1132	2023-08-03 17:01:24	27	1	1	0
      595	2023-08-03 17:01:50	27	1	1	0
      438	2023-08-03 17:01:57	27	1	1	0
      997	2023-08-03 17:02:05	27	1	1	0
     2664	2023-08-03 17:02:31	27	1	1	0
     2269	2023-08-03 17:05:48	27	1	1	0
       52	2023-08-03 17:06:18	27	1	1	0
     1337	2023-08-03 17:06:31	27	1	1	0
     1578	2023-08-03 17:06:36	27	1	1	0
     1079	2023-08-03 17:06:42	27	1	1	0
     1493	2023-08-03 17:11:42	27	1	1	0
     2666	2023-08-03 17:55:58	27	1	1	0
     2663	2023-08-03 17:56:05	27	1	1	0
     1078	2023-08-03 18:38:56	27	1	1	0
     1171	2023-08-04 07:29:10	27	0	1	0
     1079	2023-08-04 07:42:19	27	0	1	0
      838	2023-08-04 07:42:35	27	0	1	0
       52	2023-08-04 07:44:27	27	0	1	0
     2840	2023-08-04 07:46:57	27	0	1	0
     1493	2023-08-04 07:47:15	27	0	1	0
     1493	2023-08-04 07:47:27	27	0	1	0
     2475	2023-08-04 07:48:09	27	0	1	0
     2475	2023-08-04 07:48:11	27	0	1	0
     1337	2023-08-04 07:48:39	27	0	1	0
     1337	2023-08-04 07:48:40	27	0	1	0
     1578	2023-08-04 07:48:49	27	0	1	0
      997	2023-08-04 07:49:55	27	0	1	0
     1078	2023-08-04 07:51:25	27	0	1	0
     1132	2023-08-04 07:58:21	27	0	1	0
      438	2023-08-04 07:58:27	27	0	1	0
     1903	2023-08-04 08:29:09	27	0	1	0
     2269	2023-08-04 08:47:33	27	0	1	0
     1493	2023-08-04 12:00:06	27	1	1	0
     1493	2023-08-04 12:00:08	27	1	1	0
      438	2023-08-04 12:01:04	27	1	1	0
     2840	2023-08-04 12:01:20	27	1	1	0
     2475	2023-08-04 12:01:26	27	1	1	0
      996	2023-08-04 12:01:40	27	1	1	0
     1132	2023-08-04 12:01:50	27	1	1	0
      838	2023-08-04 12:02:03	27	1	1	0
     1171	2023-08-04 12:09:03	27	1	1	0
     1337	2023-08-04 12:10:31	27	1	1	0
     1337	2023-08-04 12:10:34	27	1	1	0
     1079	2023-08-04 12:11:34	27	1	1	0
      997	2023-08-04 12:11:49	27	1	1	0
     1079	2023-08-04 12:12:06	27	0	1	0
      838	2023-08-04 12:16:22	27	0	1	0
      438	2023-08-04 12:17:09	27	0	1	0
     2840	2023-08-04 12:17:48	27	0	1	0
     1132	2023-08-04 12:21:37	27	0	1	0
      996	2023-08-04 12:23:50	27	0	1	0
     2475	2023-08-04 12:23:55	27	0	1	0
     1337	2023-08-04 12:27:06	27	0	1	0
     2269	2023-08-04 12:31:18	27	1	1	0
      997	2023-08-04 12:31:46	27	0	1	0
     1493	2023-08-04 12:39:17	27	0	1	0
     1578	2023-08-04 12:39:49	27	1	1	0
     1903	2023-08-04 12:39:55	27	1	1	0
     1903	2023-08-04 12:40:21	27	0	1	0
       52	2023-08-04 12:43:50	27	1	1	0
       52	2023-08-04 12:44:15	27	0	1	0
     1171	2023-08-04 12:50:00	27	0	1	0
     1578	2023-08-04 12:50:28	27	0	1	0
      838	2023-08-04 17:00:18	27	1	1	0
     2840	2023-08-04 17:00:22	27	1	1	0
     2840	2023-08-04 17:00:24	27	1	1	0
     1132	2023-08-04 17:00:31	27	1	1	0
     2475	2023-08-04 17:00:36	27	1	1	0
      438	2023-08-04 17:00:48	27	1	1	0
     1337	2023-08-04 17:01:16	27	1	1	0
     1337	2023-08-04 17:01:18	27	1	1	0
       52	2023-08-04 17:01:45	27	1	1	0
     1079	2023-08-04 17:02:03	27	1	1	0
     1171	2023-08-04 17:02:13	27	1	1	0
      997	2023-08-04 17:02:26	27	1	1	0
      997	2023-08-04 17:02:28	27	1	1	0
     1578	2023-08-04 17:02:38	27	1	1	0
     1493	2023-08-04 17:03:08	27	1	1	0
     1078	2023-08-04 17:07:15	27	1	1	0
     1903	2023-08-04 17:32:26	27	1	1	0
      996	2023-08-07 06:37:52	27	0	1	0
     2666	2023-08-07 06:37:55	27	0	1	0
      438	2023-08-07 07:06:43	27	0	1	0
       52	2023-08-07 07:30:30	27	0	1	0
      838	2023-08-07 07:31:15	27	0	1	0
     2664	2023-08-07 07:32:06	27	0	1	0
     1171	2023-08-07 07:39:05	27	0	1	0
     2840	2023-08-07 07:43:42	27	0	1	0
     2475	2023-08-07 07:45:09	27	0	1	0
     2475	2023-08-07 07:45:11	27	0	1	0
      595	2023-08-07 07:45:22	27	0	1	0
     1578	2023-08-07 07:50:45	27	0	1	0
      997	2023-08-07 07:51:20	27	0	1	0
     1493	2023-08-07 07:51:28	27	0	1	0
     1493	2023-08-07 07:51:34	27	0	1	0
     1337	2023-08-07 07:52:31	27	0	1	0
     1337	2023-08-07 07:52:33	27	0	1	0
     1079	2023-08-07 07:54:43	27	0	1	0
     1903	2023-08-07 07:57:39	27	0	1	0
     1903	2023-08-07 07:57:40	27	0	1	0
     1078	2023-08-07 07:57:44	27	0	1	0
     2665	2023-08-07 08:08:45	27	0	1	0
     1132	2023-08-07 08:10:42	27	0	1	0
      675	2023-08-07 12:00:02	27	1	1	0
      675	2023-08-07 12:01:03	27	0	1	0
      838	2023-08-07 12:02:29	27	1	1	0
     2840	2023-08-07 12:02:37	27	1	1	0
      595	2023-08-07 12:04:57	27	1	1	0
      595	2023-08-07 12:05:06	27	1	1	0
      438	2023-08-07 12:05:27	27	1	1	0
      997	2023-08-07 12:05:44	27	1	1	0
     2475	2023-08-07 12:05:55	27	1	1	0
     1132	2023-08-07 12:07:39	27	1	1	0
     2665	2023-08-07 12:11:41	27	1	1	0
     1079	2023-08-07 12:11:52	27	1	1	0
     1171	2023-08-07 12:12:06	27	1	1	0
     2664	2023-08-07 12:12:40	27	1	1	0
     1337	2023-08-07 12:14:39	27	1	1	0
     1337	2023-08-07 12:14:41	27	1	1	0
     1578	2023-08-07 12:14:51	27	1	1	0
     1079	2023-08-07 12:14:59	27	0	1	0
      838	2023-08-07 12:15:15	27	0	1	0
      438	2023-08-07 12:15:28	27	0	1	0
     2840	2023-08-07 12:20:16	27	0	1	0
     1132	2023-08-07 12:21:42	27	0	1	0
      595	2023-08-07 12:23:35	27	0	1	0
     1903	2023-08-07 12:23:56	27	1	1	0
     2475	2023-08-07 12:25:20	27	0	1	0
     2475	2023-08-07 12:25:24	27	0	1	0
     1078	2023-08-07 12:26:23	27	1	1	0
      997	2023-08-07 12:26:49	27	0	1	0
     1903	2023-08-07 12:27:02	27	0	1	0
     1578	2023-08-07 12:28:11	27	0	1	0
     1078	2023-08-07 12:30:40	27	0	1	0
     1171	2023-08-07 12:35:53	27	0	1	0
       52	2023-08-07 12:39:40	27	1	1	0
       52	2023-08-07 12:40:04	27	0	1	0
     1493	2023-08-07 12:41:18	27	1	1	0
     1337	2023-08-07 12:41:29	27	0	1	0
     1337	2023-08-07 12:41:30	27	0	1	0
     2665	2023-08-07 12:42:46	27	0	1	0
     2664	2023-08-07 12:45:17	27	0	1	0
     1493	2023-08-07 12:48:58	27	0	1	0
      675	2023-08-07 17:00:05	27	1	1	0
     1132	2023-08-07 17:00:50	27	1	1	0
      595	2023-08-07 17:01:07	27	1	1	0
      838	2023-08-07 17:01:37	27	1	1	0
     2475	2023-08-07 17:02:03	27	1	1	0
     2475	2023-08-07 17:02:04	27	1	1	0
     2840	2023-08-07 17:02:12	27	1	1	0
     2840	2023-08-07 17:02:13	27	1	1	0
      438	2023-08-07 17:02:24	27	1	1	0
     1337	2023-08-07 17:02:31	27	1	1	0
     1337	2023-08-07 17:02:37	27	1	1	0
      997	2023-08-07 17:02:43	27	1	1	0
       52	2023-08-07 17:04:50	27	1	1	0
     1078	2023-08-07 17:04:55	27	1	1	0
     1493	2023-08-07 17:05:04	27	1	1	0
     1079	2023-08-07 17:05:16	27	1	1	0
     1578	2023-08-07 17:05:42	27	1	1	0
     2665	2023-08-07 17:09:54	27	1	1	0
      997	2023-08-07 17:11:31	27	1	1	0
     1171	2023-08-07 17:12:19	27	1	1	0
     1903	2023-08-07 17:12:49	27	1	1	0
      595	2023-08-08 06:57:38	27	0	1	0
     1171	2023-08-08 07:33:06	27	0	1	0
     2840	2023-08-08 07:38:18	27	0	1	0
     1493	2023-08-08 07:38:45	27	0	1	0
      838	2023-08-08 07:39:20	27	0	1	0
     1078	2023-08-08 07:39:26	27	0	1	0
     1337	2023-08-08 07:40:45	27	0	1	0
     1337	2023-08-08 07:40:48	27	0	1	0
       52	2023-08-08 07:45:52	27	0	1	0
     1578	2023-08-08 07:47:35	27	0	1	0
      997	2023-08-08 07:47:48	27	0	1	0
     2664	2023-08-08 07:47:54	27	0	1	0
     1079	2023-08-08 07:48:41	27	0	1	0
     2666	2023-08-08 07:52:57	27	0	1	0
     2475	2023-08-08 07:53:54	27	0	1	0
     2475	2023-08-08 07:53:57	27	0	1	0
     1132	2023-08-08 07:54:45	27	0	1	0
     1903	2023-08-08 07:55:35	27	0	1	0
     1903	2023-08-08 07:55:38	27	0	1	0
      675	2023-08-08 07:56:45	27	0	1	0
      675	2023-08-08 07:56:47	27	0	1	0
     2663	2023-08-08 08:03:56	27	0	1	0
     2665	2023-08-08 08:08:03	27	0	1	0
      438	2023-08-08 08:11:11	27	0	1	0
      675	2023-08-08 12:00:03	27	1	1	0
      838	2023-08-08 12:00:40	27	1	1	0
      996	2023-08-08 12:00:46	27	1	1	0
      996	2023-08-08 12:00:50	27	1	1	0
     2840	2023-08-08 12:00:55	27	1	1	0
      675	2023-08-08 12:01:03	27	0	1	0
      438	2023-08-08 12:01:38	27	1	1	0
     2666	2023-08-08 12:01:52	27	1	1	0
     2475	2023-08-08 12:02:21	27	1	1	0
     2475	2023-08-08 12:02:23	27	1	1	0
     1132	2023-08-08 12:02:32	27	1	1	0
      997	2023-08-08 12:04:12	27	1	1	0
      997	2023-08-08 12:04:14	27	1	1	0
     1132	2023-08-08 12:13:46	27	0	1	0
     1903	2023-08-08 12:14:25	27	1	1	0
      838	2023-08-08 12:14:40	27	0	1	0
     1079	2023-08-08 12:15:03	27	1	1	0
     1079	2023-08-08 12:16:43	27	0	1	0
     2665	2023-08-08 12:16:58	27	1	1	0
     2664	2023-08-08 12:17:11	27	1	1	0
     2663	2023-08-08 12:17:23	27	1	1	0
     1578	2023-08-08 12:17:56	27	1	1	0
     1171	2023-08-08 12:18:01	27	1	1	0
     1337	2023-08-08 12:18:23	27	1	1	0
     1337	2023-08-08 12:18:25	27	1	1	0
     1578	2023-08-08 12:19:31	27	0	1	0
     2840	2023-08-08 12:21:28	27	0	1	0
      595	2023-08-08 12:23:51	27	1	1	0
      438	2023-08-08 12:24:09	27	0	1	0
     1578	2023-08-08 12:24:15	27	0	1	0
      997	2023-08-08 12:26:01	27	0	1	0
      595	2023-08-08 12:26:33	27	0	1	0
     1078	2023-08-08 12:28:29	27	1	1	0
     2666	2023-08-08 12:28:34	27	1	1	0
     2666	2023-08-08 12:28:39	27	0	1	0
      996	2023-08-08 12:28:43	27	0	1	0
     2475	2023-08-08 12:28:47	27	0	1	0
     1337	2023-08-08 12:30:10	27	0	1	0
     1903	2023-08-08 12:31:00	27	0	1	0
     1171	2023-08-08 12:35:11	27	0	1	0
     1078	2023-08-08 12:35:16	27	0	1	0
     1493	2023-08-08 12:40:28	27	1	1	0
       52	2023-08-08 12:43:48	27	1	1	0
       52	2023-08-08 12:44:10	27	0	1	0
     2665	2023-08-08 12:44:33	27	0	1	0
     2664	2023-08-08 12:44:39	27	0	1	0
     2663	2023-08-08 12:46:45	27	0	1	0
     1493	2023-08-08 12:53:49	27	0	1	0
      595	2023-08-08 17:00:18	27	1	1	0
      675	2023-08-08 17:00:24	27	1	1	0
     1132	2023-08-08 17:02:25	27	1	1	0
      838	2023-08-08 17:03:15	27	1	1	0
      838	2023-08-08 17:03:17	27	1	1	0
     2840	2023-08-08 17:03:46	27	1	1	0
     2475	2023-08-08 17:04:31	27	1	1	0
      438	2023-08-08 17:04:54	27	1	1	0
     1493	2023-08-08 17:05:00	27	1	1	0
     1337	2023-08-08 17:05:07	27	1	1	0
     1337	2023-08-08 17:05:11	27	1	1	0
      997	2023-08-08 17:05:20	27	1	1	0
       52	2023-08-08 17:05:31	27	1	1	0
     1079	2023-08-08 17:05:37	27	1	1	0
     2664	2023-08-08 17:06:03	27	1	1	0
     1903	2023-08-08 17:07:19	27	1	1	0
     1171	2023-08-08 17:07:23	27	1	1	0
     1578	2023-08-08 17:07:28	27	1	1	0
     2666	2023-08-08 17:07:59	27	1	1	0
     2665	2023-08-08 17:08:47	27	1	1	0
     1078	2023-08-08 17:14:49	27	1	1	0
     2663	2023-08-08 17:18:10	27	1	1	0
     1493	2023-08-09 07:36:47	27	0	1	0
      838	2023-08-09 07:37:20	27	0	1	0
     1337	2023-08-09 07:38:16	27	0	1	0
     2840	2023-08-09 07:39:56	27	0	1	0
     1078	2023-08-09 07:42:36	27	0	1	0
     1171	2023-08-09 07:42:41	27	0	1	0
     2664	2023-08-09 07:42:54	27	0	1	0
     2475	2023-08-09 07:48:55	27	0	1	0
     2475	2023-08-09 07:48:57	27	0	1	0
     1079	2023-08-09 07:53:06	27	0	1	0
     2665	2023-08-09 07:54:17	27	0	1	0
     1578	2023-08-09 07:54:29	27	0	1	0
      997	2023-08-09 07:54:45	27	0	1	0
      438	2023-08-09 07:56:32	27	0	1	0
      675	2023-08-09 07:56:39	27	0	1	0
      675	2023-08-09 07:56:41	27	0	1	0
     1903	2023-08-09 07:57:40	27	0	1	0
     1903	2023-08-09 07:57:45	27	0	1	0
     1132	2023-08-09 07:59:26	27	0	1	0
       52	2023-08-09 08:02:14	27	0	1	0
     2666	2023-08-09 08:06:12	27	0	1	0
      675	2023-08-09 12:00:04	27	1	1	0
      675	2023-08-09 12:00:10	27	1	1	0
     1493	2023-08-09 12:00:16	27	1	1	0
     1337	2023-08-09 12:00:22	27	1	1	0
     1493	2023-08-09 12:01:12	27	0	1	0
     1337	2023-08-09 12:01:24	27	0	1	0
      675	2023-08-09 12:01:39	27	0	1	0
      996	2023-08-09 12:01:55	27	1	1	0
     2840	2023-08-09 12:02:12	27	1	1	0
     2475	2023-08-09 12:02:34	27	1	1	0
     2666	2023-08-09 12:03:10	27	1	1	0
      438	2023-08-09 12:03:18	27	1	1	0
      838	2023-08-09 12:03:42	27	1	1	0
     1132	2023-08-09 12:04:02	27	1	1	0
     1171	2023-08-09 12:05:33	27	1	1	0
     1171	2023-08-09 12:05:34	27	1	1	0
     2665	2023-08-09 12:07:15	27	1	1	0
     2664	2023-08-09 12:07:20	27	1	1	0
     1132	2023-08-09 12:08:27	27	0	1	0
      997	2023-08-09 12:11:46	27	1	1	0
     2663	2023-08-09 12:17:04	27	1	1	0
     1171	2023-08-09 12:17:51	27	0	1	0
     2840	2023-08-09 12:17:56	27	0	1	0
     1079	2023-08-09 12:18:07	27	1	1	0
     1578	2023-08-09 12:18:16	27	1	1	0
      438	2023-08-09 12:20:38	27	0	1	0
     1079	2023-08-09 12:20:44	27	0	1	0
     1578	2023-08-09 12:20:50	27	0	1	0
     2666	2023-08-09 12:24:52	27	0	1	0
      996	2023-08-09 12:25:15	27	0	1	0
     2475	2023-08-09 12:25:22	27	0	1	0
     2475	2023-08-09 12:25:23	27	0	1	0
     1078	2023-08-09 12:25:42	27	1	1	0
      838	2023-08-09 12:26:06	27	0	1	0
     1078	2023-08-09 12:26:31	27	0	1	0
      997	2023-08-09 12:28:15	27	0	1	0
       52	2023-08-09 12:30:21	27	1	1	0
     1903	2023-08-09 12:30:45	27	1	1	0
       52	2023-08-09 12:31:04	27	1	1	0
     1903	2023-08-09 12:35:50	27	0	1	0
     2663	2023-08-09 12:38:38	27	0	1	0
     2665	2023-08-09 12:39:29	27	0	1	0
     2664	2023-08-09 12:39:35	27	0	1	0
      675	2023-08-09 17:00:02	27	1	1	0
     1132	2023-08-09 17:01:16	27	1	1	0
     2840	2023-08-09 17:01:30	27	1	1	0
     2475	2023-08-09 17:01:36	27	1	1	0
     2475	2023-08-09 17:01:37	27	1	1	0
      997	2023-08-09 17:02:05	27	1	1	0
      438	2023-08-09 17:02:29	27	1	1	0
     1171	2023-08-09 17:02:35	27	1	1	0
      838	2023-08-09 17:02:41	27	1	1	0
      838	2023-08-09 17:02:44	27	1	1	0
     2664	2023-08-09 17:03:21	27	1	1	0
     1903	2023-08-09 17:05:02	27	1	1	0
     1903	2023-08-09 17:05:08	27	1	1	0
     2665	2023-08-09 17:05:15	27	1	1	0
     1079	2023-08-09 17:06:06	27	1	1	0
       52	2023-08-09 17:06:20	27	1	1	0
     1578	2023-08-09 17:06:28	27	1	1	0
      997	2023-08-09 17:06:41	27	1	1	0
     2666	2023-08-09 17:07:17	27	1	1	0
     2663	2023-08-09 17:21:51	27	1	1	0
     1078	2023-08-09 17:29:57	27	1	1	0
     1337	2023-08-09 17:57:17	27	1	1	0
     1337	2023-08-09 17:57:20	27	1	1	0
     1493	2023-08-09 17:59:36	27	1	1	0
     2840	2023-08-10 07:28:47	27	0	1	0
     1171	2023-08-10 07:36:27	27	0	1	0
     1493	2023-08-10 07:42:51	27	0	1	0
     1337	2023-08-10 07:44:00	27	0	1	0
      838	2023-08-10 07:44:43	27	0	1	0
     1578	2023-08-10 07:48:45	27	0	1	0
     1078	2023-08-10 07:48:59	27	0	1	0
     2664	2023-08-10 07:49:41	27	0	1	0
      997	2023-08-10 07:50:56	27	0	1	0
      595	2023-08-10 07:52:37	27	0	1	0
      595	2023-08-10 07:52:39	27	0	1	0
     1079	2023-08-10 07:53:34	27	0	1	0
     2665	2023-08-10 07:54:24	27	0	1	0
      675	2023-08-10 07:54:57	27	0	1	0
      675	2023-08-10 07:54:58	27	0	1	0
     2475	2023-08-10 07:57:28	27	0	1	0
     2475	2023-08-10 07:57:30	27	0	1	0
     1903	2023-08-10 08:00:28	27	0	1	0
     1903	2023-08-10 08:00:30	27	0	1	0
      438	2023-08-10 08:04:05	27	0	1	0
       52	2023-08-10 08:07:30	27	0	1	0
     2666	2023-08-10 08:08:09	27	0	1	0
     1132	2023-08-10 08:12:45	27	0	1	0
      675	2023-08-10 12:00:05	27	1	1	0
     2840	2023-08-10 12:00:38	27	1	1	0
     1078	2023-08-10 12:00:44	27	1	1	0
     2666	2023-08-10 12:01:07	27	1	1	0
      996	2023-08-10 12:01:11	27	1	1	0
      675	2023-08-10 12:01:18	27	0	1	0
      838	2023-08-10 12:01:38	27	1	1	0
     2475	2023-08-10 12:02:07	27	1	1	0
      438	2023-08-10 12:02:45	27	1	1	0
     1078	2023-08-10 12:03:14	27	0	1	0
     1132	2023-08-10 12:03:50	27	1	1	0
     1493	2023-08-10 12:03:56	27	1	1	0
      997	2023-08-10 12:04:53	27	1	1	0
      997	2023-08-10 12:04:55	27	1	1	0
     2665	2023-08-10 12:08:44	27	1	1	0
     2664	2023-08-10 12:08:51	27	1	1	0
     2840	2023-08-10 12:09:17	27	0	1	0
     1903	2023-08-10 12:11:33	27	1	1	0
     1171	2023-08-10 12:11:39	27	1	1	0
     1493	2023-08-10 12:14:30	27	0	1	0
     1079	2023-08-10 12:15:31	27	1	1	0
     1079	2023-08-10 12:16:27	27	0	1	0
       52	2023-08-10 12:17:29	27	1	1	0
     1337	2023-08-10 12:18:05	27	1	1	0
     1337	2023-08-10 12:18:06	27	1	1	0
       52	2023-08-10 12:18:15	27	0	1	0
     1578	2023-08-10 12:18:29	27	1	1	0
     1171	2023-08-10 12:19:07	27	0	1	0
      838	2023-08-10 12:19:18	27	0	1	0
     1903	2023-08-10 12:20:14	27	0	1	0
     1578	2023-08-10 12:20:38	27	0	1	0
     2666	2023-08-10 12:22:35	27	0	1	0
      996	2023-08-10 12:22:46	27	0	1	0
     2475	2023-08-10 12:22:56	27	0	1	0
     2475	2023-08-10 12:22:57	27	0	1	0
     1132	2023-08-10 12:23:05	27	0	1	0
      438	2023-08-10 12:25:01	27	0	1	0
     2663	2023-08-10 12:32:23	27	1	1	0
     2665	2023-08-10 12:41:25	27	0	1	0
     2664	2023-08-10 12:41:30	27	0	1	0
      997	2023-08-10 12:44:16	27	0	1	0
     1337	2023-08-10 12:44:33	27	0	1	0
     2663	2023-08-10 12:52:49	27	0	1	0
      838	2023-08-10 17:01:24	27	1	1	0
     1337	2023-08-10 17:01:31	27	1	1	0
     1337	2023-08-10 17:01:34	27	1	1	0
     1132	2023-08-10 17:01:38	27	1	1	0
     2840	2023-08-10 17:01:43	27	1	1	0
      438	2023-08-10 17:01:52	27	1	1	0
     2475	2023-08-10 17:01:57	27	1	1	0
     1493	2023-08-10 17:02:04	27	1	1	0
       52	2023-08-10 17:04:13	27	1	1	0
     1079	2023-08-10 17:04:19	27	1	1	0
      997	2023-08-10 17:04:31	27	1	1	0
     2664	2023-08-10 17:04:57	27	1	1	0
     2665	2023-08-10 17:05:20	27	1	1	0
     1078	2023-08-10 17:07:44	27	1	1	0
     1578	2023-08-10 17:12:47	27	1	1	0
     1171	2023-08-10 17:12:52	27	1	1	0
     1903	2023-08-10 17:12:57	27	1	1	0
     2663	2023-08-10 17:24:58	27	1	1	0
     2666	2023-08-10 17:25:42	27	1	1	0
       52	2023-08-11 07:28:27	27	1	1	0
      838	2023-08-11 07:42:37	27	0	1	0
     1079	2023-08-11 07:42:58	27	0	1	0
      997	2023-08-11 07:44:28	27	0	1	0
     1171	2023-08-11 07:45:05	27	0	1	0
     1171	2023-08-11 07:45:43	27	0	1	0
     2840	2023-08-11 07:48:39	27	0	1	0
     1493	2023-08-11 07:51:22	27	0	1	0
     1337	2023-08-11 07:51:42	27	0	1	0
     1337	2023-08-11 07:52:05	27	0	1	0
     2475	2023-08-11 07:52:16	27	0	1	0
     2475	2023-08-11 07:52:18	27	0	1	0
     1078	2023-08-11 07:53:17	27	0	1	0
      438	2023-08-11 07:54:44	27	0	1	0
     1578	2023-08-11 07:55:03	27	0	1	0
     1903	2023-08-11 07:56:03	27	0	1	0
     1132	2023-08-11 07:56:08	27	0	1	0
      675	2023-08-11 07:57:49	27	0	1	0
      675	2023-08-11 07:57:51	27	0	1	0
      675	2023-08-11 12:00:02	27	1	1	0
      838	2023-08-11 12:00:38	27	1	1	0
      838	2023-08-11 12:00:49	27	1	1	0
      675	2023-08-11 12:01:03	27	0	1	0
     1171	2023-08-11 12:01:11	27	1	1	0
      438	2023-08-11 12:01:48	27	1	1	0
     2840	2023-08-11 12:02:01	27	1	1	0
     2475	2023-08-11 12:02:08	27	1	1	0
      997	2023-08-11 12:02:15	27	1	1	0
     1903	2023-08-11 12:05:02	27	1	1	0
     1578	2023-08-11 12:08:51	27	1	1	0
     1337	2023-08-11 12:12:29	27	1	1	0
     1337	2023-08-11 12:12:31	27	1	1	0
     1079	2023-08-11 12:12:47	27	1	1	0
     1079	2023-08-11 12:14:13	27	0	1	0
     1337	2023-08-11 12:14:19	27	0	1	0
      838	2023-08-11 12:17:34	27	0	1	0
     2840	2023-08-11 12:20:14	27	0	1	0
     2475	2023-08-11 12:20:46	27	0	1	0
     2475	2023-08-11 12:20:47	27	0	1	0
     1493	2023-08-11 12:23:24	27	1	1	0
     1903	2023-08-11 12:24:44	27	0	1	0
       52	2023-08-11 12:24:55	27	1	1	0
       52	2023-08-11 12:25:15	27	0	1	0
     1578	2023-08-11 12:25:35	27	0	1	0
      438	2023-08-11 12:26:53	27	0	1	0
     1078	2023-08-11 12:27:28	27	1	1	0
     1078	2023-08-11 12:28:42	27	0	1	0
     1132	2023-08-11 12:30:25	27	1	1	0
     1493	2023-08-11 12:34:15	27	0	1	0
     1132	2023-08-11 12:42:47	27	0	1	0
      997	2023-08-11 12:42:53	27	0	1	0
      675	2023-08-11 17:00:03	27	1	1	0
      838	2023-08-11 17:00:12	27	1	1	0
     1337	2023-08-11 17:01:03	27	1	1	0
      997	2023-08-11 17:01:10	27	1	1	0
     1493	2023-08-11 17:02:06	27	1	1	0
       52	2023-08-11 17:02:27	27	1	1	0
     1079	2023-08-11 17:02:33	27	1	1	0
     2840	2023-08-11 17:02:48	27	1	1	0
     1132	2023-08-11 17:02:54	27	1	1	0
      438	2023-08-11 17:03:09	27	1	1	0
     2475	2023-08-11 17:03:15	27	1	1	0
     2475	2023-08-11 17:03:20	27	1	1	0
     1078	2023-08-11 17:03:26	27	1	1	0
     1578	2023-08-11 17:07:23	27	1	1	0
     1171	2023-08-11 17:14:32	27	1	1	0
     1903	2023-08-11 17:21:17	27	1	1	0
     2666	2023-08-14 06:17:49	27	0	1	0
     1493	2023-08-14 07:38:57	27	0	1	0
     2664	2023-08-14 07:39:56	27	0	1	0
     1337	2023-08-14 07:41:52	27	0	1	0
     1578	2023-08-14 07:43:09	27	0	1	0
       52	2023-08-14 07:43:57	27	0	1	0
     1171	2023-08-14 07:45:34	27	0	1	0
     2840	2023-08-14 07:45:49	27	0	1	0
     1132	2023-08-14 07:49:15	27	0	1	0
      997	2023-08-14 07:49:40	27	0	1	0
      838	2023-08-14 07:52:19	27	0	1	0
     1078	2023-08-14 07:53:43	27	0	1	0
     1078	2023-08-14 07:53:45	27	0	1	0
     2475	2023-08-14 07:55:15	27	0	1	0
     2475	2023-08-14 07:55:17	27	0	1	0
      675	2023-08-14 07:57:37	27	0	1	0
      675	2023-08-14 07:57:38	27	0	1	0
      438	2023-08-14 07:58:20	27	0	1	0
     1903	2023-08-14 08:01:16	27	0	1	0
     1903	2023-08-14 08:01:18	27	0	1	0
     2665	2023-08-14 08:04:54	27	0	1	0
     2663	2023-08-14 08:11:44	27	0	1	0
      438	2023-08-14 12:01:48	27	1	1	0
     2840	2023-08-14 12:01:56	27	1	1	0
     2666	2023-08-14 12:02:29	27	1	1	0
      997	2023-08-14 12:03:10	27	1	1	0
     2475	2023-08-14 12:03:22	27	1	1	0
      996	2023-08-14 12:03:30	27	1	1	0
     1132	2023-08-14 12:03:35	27	1	1	0
      838	2023-08-14 12:03:44	27	1	1	0
     1493	2023-08-14 12:03:51	27	1	1	0
     1493	2023-08-14 12:06:17	27	0	1	0
     2664	2023-08-14 12:07:37	27	1	1	0
     2665	2023-08-14 12:09:57	27	1	1	0
     1132	2023-08-14 12:10:05	27	0	1	0
      838	2023-08-14 12:10:28	27	0	1	0
     1578	2023-08-14 12:11:19	27	1	1	0
     2840	2023-08-14 12:11:47	27	0	1	0
     1171	2023-08-14 12:13:48	27	1	1	0
     1903	2023-08-14 12:13:54	27	1	1	0
     1578	2023-08-14 12:23:03	27	0	1	0
      996	2023-08-14 12:23:09	27	0	1	0
     2666	2023-08-14 12:23:16	27	0	1	0
     2475	2023-08-14 12:23:21	27	0	1	0
     1171	2023-08-14 12:24:04	27	0	1	0
     1078	2023-08-14 12:24:46	27	1	1	0
     1078	2023-08-14 12:25:41	27	0	1	0
      438	2023-08-14 12:25:47	27	0	1	0
       52	2023-08-14 12:26:44	27	1	1	0
       52	2023-08-14 12:27:14	27	0	1	0
     1903	2023-08-14 12:29:35	27	0	1	0
     2663	2023-08-14 12:33:09	27	1	1	0
     2665	2023-08-14 12:36:10	27	0	1	0
     2664	2023-08-14 12:36:16	27	0	1	0
      997	2023-08-14 12:43:35	27	0	1	0
      997	2023-08-14 12:43:37	27	0	1	0
     2663	2023-08-14 12:58:28	27	0	1	0
     2664	2023-08-14 17:01:05	27	1	1	0
      838	2023-08-14 17:01:13	27	1	1	0
      838	2023-08-14 17:01:15	27	1	1	0
     1337	2023-08-14 17:01:41	27	1	1	0
     1337	2023-08-14 17:01:43	27	1	1	0
      438	2023-08-14 17:01:56	27	1	1	0
     1493	2023-08-14 17:02:06	27	1	1	0
     2475	2023-08-14 17:02:13	27	1	1	0
     2840	2023-08-14 17:02:19	27	1	1	0
       52	2023-08-14 17:02:27	27	1	1	0
     1132	2023-08-14 17:02:32	27	1	1	0
      997	2023-08-14 17:02:46	27	1	1	0
     2665	2023-08-14 17:04:17	27	1	1	0
     1078	2023-08-14 17:04:30	27	1	1	0
     1578	2023-08-14 17:05:52	27	1	1	0
     1903	2023-08-14 17:10:00	27	1	1	0
     1171	2023-08-14 17:10:04	27	1	1	0
     2663	2023-08-14 17:18:20	27	1	1	0
     2666	2023-08-14 17:18:37	27	1	1	0
     1493	2023-08-15 07:30:38	27	0	1	0
     1337	2023-08-15 07:30:53	27	0	1	0
      838	2023-08-15 07:32:26	27	0	1	0
      997	2023-08-15 07:41:50	27	0	1	0
     1079	2023-08-15 07:44:46	27	0	1	0
     1171	2023-08-15 07:45:43	27	0	1	0
     2840	2023-08-15 07:45:56	27	0	1	0
     1132	2023-08-15 07:46:56	27	0	1	0
     2475	2023-08-15 07:48:09	27	0	1	0
     2475	2023-08-15 07:48:10	27	0	1	0
     1078	2023-08-15 07:49:08	27	0	1	0
     1578	2023-08-15 07:50:07	27	0	1	0
     1903	2023-08-15 07:58:07	27	0	1	0
     1903	2023-08-15 07:58:11	27	0	1	0
      438	2023-08-15 08:11:52	27	0	1	0
       52	2023-08-15 08:12:03	27	0	1	0
     1078	2023-08-15 12:00:12	27	1	1	0
      438	2023-08-15 12:01:41	27	1	1	0
     1171	2023-08-15 12:02:03	27	1	1	0
     1078	2023-08-15 12:03:13	27	0	1	0
      838	2023-08-15 12:03:22	27	1	1	0
     2840	2023-08-15 12:03:30	27	1	1	0
     2475	2023-08-15 12:03:36	27	1	1	0
     1132	2023-08-15 12:03:46	27	1	1	0
     1337	2023-08-15 12:06:20	27	1	1	0
     1903	2023-08-15 12:06:49	27	1	1	0
      997	2023-08-15 12:07:32	27	1	1	0
     1578	2023-08-15 12:10:09	27	1	1	0
     2840	2023-08-15 12:11:56	27	0	1	0
     2475	2023-08-15 12:12:16	27	0	1	0
     2475	2023-08-15 12:12:17	27	0	1	0
      838	2023-08-15 12:12:54	27	0	1	0
     1578	2023-08-15 12:18:47	27	0	1	0
     1337	2023-08-15 12:18:52	27	0	1	0
     1493	2023-08-15 12:20:11	27	1	1	0
     1903	2023-08-15 12:20:34	27	0	1	0
      438	2023-08-15 12:20:44	27	0	1	0
     1079	2023-08-15 12:23:12	27	1	1	0
     1079	2023-08-15 12:24:54	27	0	1	0
     1493	2023-08-15 12:33:10	27	0	1	0
      997	2023-08-15 12:34:12	27	0	1	0
     1132	2023-08-15 12:35:14	27	0	1	0
     1132	2023-08-15 17:00:03	27	1	1	0
      838	2023-08-15 17:00:07	27	1	1	0
      838	2023-08-15 17:00:08	27	1	1	0
     2840	2023-08-15 17:00:13	27	1	1	0
     2840	2023-08-15 17:00:15	27	1	1	0
     2475	2023-08-15 17:00:26	27	1	1	0
      438	2023-08-15 17:00:33	27	1	1	0
      997	2023-08-15 17:00:39	27	1	1	0
     1337	2023-08-15 17:02:28	27	1	1	0
     1493	2023-08-15 17:02:52	27	1	1	0
       52	2023-08-15 17:03:15	27	1	1	0
     1079	2023-08-15 17:03:21	27	1	1	0
     1171	2023-08-15 17:07:56	27	1	1	0
     1578	2023-08-15 17:08:01	27	1	1	0
     1903	2023-08-15 17:35:20	27	1	1	0
     1078	2023-08-15 18:34:29	27	1	1	0
     1171	2023-08-16 07:33:09	27	0	1	0
      838	2023-08-16 07:43:37	27	0	1	0
       52	2023-08-16 07:44:50	27	0	1	0
     1493	2023-08-16 07:45:49	27	0	1	0
     1132	2023-08-16 07:46:58	27	0	1	0
      997	2023-08-16 07:47:24	27	0	1	0
     1337	2023-08-16 07:48:42	27	0	1	0
     2840	2023-08-16 07:49:57	27	0	1	0
     1078	2023-08-16 07:52:41	27	0	1	0
     1578	2023-08-16 07:53:53	27	0	1	0
     1079	2023-08-16 07:57:12	27	0	1	0
     2475	2023-08-16 07:57:54	27	0	1	0
     2475	2023-08-16 07:57:55	27	0	1	0
      438	2023-08-16 07:59:01	27	0	1	0
     1903	2023-08-16 08:01:28	27	0	1	0
     1903	2023-08-16 08:01:36	27	0	1	0
    10004	2023-08-16 09:01:01	27	0	1	0
     1079	2023-08-16 12:00:14	27	1	1	0
     1078	2023-08-16 12:00:28	27	1	1	0
      838	2023-08-16 12:00:41	27	1	1	0
     1578	2023-08-16 12:00:47	27	1	1	0
     1337	2023-08-16 12:00:55	27	1	1	0
     1337	2023-08-16 12:00:57	27	1	1	0
     1079	2023-08-16 12:01:14	27	0	1	0
     1578	2023-08-16 12:01:18	27	0	1	0
     1337	2023-08-16 12:01:25	27	0	1	0
     2840	2023-08-16 12:01:46	27	1	1	0
     2475	2023-08-16 12:01:52	27	1	1	0
      997	2023-08-16 12:02:03	27	1	1	0
      438	2023-08-16 12:02:09	27	1	1	0
      838	2023-08-16 12:11:37	27	0	1	0
     2475	2023-08-16 12:13:30	27	0	1	0
     2475	2023-08-16 12:13:32	27	0	1	0
      997	2023-08-16 12:13:41	27	0	1	0
     2840	2023-08-16 12:13:52	27	0	1	0
     1903	2023-08-16 12:16:33	27	1	1	0
     1903	2023-08-16 12:17:02	27	0	1	0
      438	2023-08-16 12:23:48	27	0	1	0
     1078	2023-08-16 12:27:53	27	0	1	0
     1171	2023-08-16 12:28:01	27	1	1	0
     1171	2023-08-16 12:28:03	27	1	1	0
     1171	2023-08-16 12:30:04	27	0	1	0
     1132	2023-08-16 12:50:12	27	1	1	0
     1132	2023-08-16 12:55:14	27	0	1	0
      838	2023-08-16 17:00:09	27	1	1	0
      838	2023-08-16 17:00:11	27	1	1	0
     2840	2023-08-16 17:01:24	27	1	1	0
     2475	2023-08-16 17:01:32	27	1	1	0
      997	2023-08-16 17:01:44	27	1	1	0
      438	2023-08-16 17:02:03	27	1	1	0
     1337	2023-08-16 17:02:10	27	1	1	0
     1337	2023-08-16 17:02:11	27	1	1	0
     1132	2023-08-16 17:02:44	27	1	1	0
     1078	2023-08-16 17:08:48	27	1	1	0
       52	2023-08-16 17:15:39	27	1	1	0
     1079	2023-08-16 17:16:41	27	1	1	0
     1493	2023-08-16 17:17:11	27	1	1	0
     1171	2023-08-16 17:20:59	27	1	1	0
     1578	2023-08-16 17:21:03	27	1	1	0
     1903	2023-08-16 17:21:08	27	1	1	0
      838	2023-08-17 07:28:40	27	0	1	0
     1493	2023-08-17 07:30:16	27	0	1	0
     1337	2023-08-17 07:33:37	27	0	1	0
     1337	2023-08-17 07:33:39	27	0	1	0
     1171	2023-08-17 07:38:04	27	0	1	0
     1578	2023-08-17 07:44:26	27	0	1	0
     2475	2023-08-17 07:52:10	27	0	1	0
     2475	2023-08-17 07:52:14	27	0	1	0
     2840	2023-08-17 07:52:21	27	0	1	0
      675	2023-08-17 07:52:28	27	0	1	0
      675	2023-08-17 07:52:30	27	0	1	0
     1079	2023-08-17 07:53:28	27	0	1	0
      438	2023-08-17 07:57:03	27	0	1	0
      997	2023-08-17 07:57:59	27	0	1	0
     1132	2023-08-17 08:00:08	27	0	1	0
     1903	2023-08-17 08:03:53	27	0	1	0
     1903	2023-08-17 08:03:55	27	0	1	0
       52	2023-08-17 08:32:19	27	0	1	0
      675	2023-08-17 12:00:02	27	1	1	0
      838	2023-08-17 12:00:32	27	1	1	0
      838	2023-08-17 12:00:49	27	1	1	0
      675	2023-08-17 12:01:02	27	0	1	0
     1132	2023-08-17 12:01:10	27	1	1	0
     2840	2023-08-17 12:01:35	27	1	1	0
      997	2023-08-17 12:02:33	27	1	1	0
     2475	2023-08-17 12:02:45	27	1	1	0
     1132	2023-08-17 12:06:13	27	0	1	0
     1578	2023-08-17 12:07:31	27	1	1	0
     1171	2023-08-17 12:07:37	27	1	1	0
     1079	2023-08-17 12:08:21	27	1	1	0
     1079	2023-08-17 12:10:39	27	0	1	0
     1578	2023-08-17 12:10:56	27	0	1	0
     1903	2023-08-17 12:12:40	27	1	1	0
     2840	2023-08-17 12:16:15	27	0	1	0
     2475	2023-08-17 12:16:23	27	0	1	0
      997	2023-08-17 12:16:34	27	0	1	0
      838	2023-08-17 12:17:37	27	0	1	0
      838	2023-08-17 12:17:48	27	0	1	0
     1903	2023-08-17 12:25:20	27	0	1	0
     1171	2023-08-17 12:25:38	27	0	1	0
       52	2023-08-17 12:27:23	27	1	1	0
       52	2023-08-17 12:28:10	27	0	1	0
      438	2023-08-17 12:51:36	27	1	1	0
      438	2023-08-17 12:58:22	27	0	1	0
      838	2023-08-17 14:41:12	27	1	1	0
      838	2023-08-17 14:41:14	27	1	1	0
     1132	2023-08-17 16:50:47	27	1	1	0
      675	2023-08-17 17:00:04	27	1	1	0
      438	2023-08-17 17:00:31	27	1	1	0
     2840	2023-08-17 17:00:38	27	1	1	0
     2840	2023-08-17 17:00:40	27	1	1	0
     2475	2023-08-17 17:00:48	27	1	1	0
     2475	2023-08-17 17:00:49	27	1	1	0
      997	2023-08-17 17:00:55	27	1	1	0
      997	2023-08-17 17:00:56	27	1	1	0
     1079	2023-08-17 17:01:03	27	1	1	0
     1171	2023-08-17 17:01:14	27	1	1	0
     1903	2023-08-17 17:01:22	27	1	1	0
       52	2023-08-17 17:01:29	27	1	1	0
     1578	2023-08-17 17:01:36	27	1	1	0
     1171	2023-08-17 17:03:07	27	1	1	0
     1337	2023-08-17 20:28:38	27	1	1	0
     1337	2023-08-17 20:28:40	27	1	1	0
     1493	2023-08-18 07:32:33	27	0	1	0
     1171	2023-08-18 07:33:10	27	0	1	0
     1171	2023-08-18 07:33:12	27	0	1	0
     2840	2023-08-18 07:42:43	27	0	1	0
      997	2023-08-18 07:45:05	27	0	1	0
     1079	2023-08-18 07:47:36	27	0	1	0
     1578	2023-08-18 07:48:19	27	0	1	0
     1903	2023-08-18 07:53:01	27	0	1	0
      675	2023-08-18 07:56:59	27	0	1	0
      675	2023-08-18 07:57:00	27	0	1	0
     2475	2023-08-18 07:57:08	27	0	1	0
     2475	2023-08-18 07:57:10	27	0	1	0
       52	2023-08-18 07:59:11	27	0	1	0
     1132	2023-08-18 07:59:38	27	0	1	0
     1903	2023-08-18 08:00:09	27	0	1	0
     1078	2023-08-18 08:00:15	27	0	1	0
      438	2023-08-18 08:21:56	27	0	1	0
      675	2023-08-18 12:00:04	27	1	1	0
     1132	2023-08-18 12:00:24	27	1	1	0
      675	2023-08-18 12:01:05	27	0	1	0
     2840	2023-08-18 12:01:17	27	1	1	0
     2475	2023-08-18 12:01:28	27	1	1	0
     2475	2023-08-18 12:01:29	27	1	1	0
      438	2023-08-18 12:01:36	27	1	1	0
      997	2023-08-18 12:01:43	27	1	1	0
      996	2023-08-18 12:02:39	27	1	1	0
     1078	2023-08-18 12:09:16	27	1	1	0
     1171	2023-08-18 12:09:47	27	1	1	0
     1079	2023-08-18 12:09:53	27	1	1	0
     1578	2023-08-18 12:10:30	27	1	1	0
     1079	2023-08-18 12:11:26	27	0	1	0
     2840	2023-08-18 12:11:56	27	0	1	0
     1132	2023-08-18 12:12:05	27	0	1	0
     1493	2023-08-18 12:15:23	27	1	1	0
     1578	2023-08-18 12:17:13	27	0	1	0
     1493	2023-08-18 12:20:04	27	0	1	0
      996	2023-08-18 12:20:40	27	0	1	0
       52	2023-08-18 12:20:55	27	1	1	0
       52	2023-08-18 12:21:19	27	0	1	0
     2475	2023-08-18 12:22:19	27	0	1	0
     2475	2023-08-18 12:22:20	27	0	1	0
     1171	2023-08-18 12:22:32	27	0	1	0
      997	2023-08-18 12:24:44	27	0	1	0
     1078	2023-08-18 12:26:00	27	0	1	0
      438	2023-08-18 12:50:16	27	0	1	0
      675	2023-08-18 17:00:06	27	1	1	0
     1078	2023-08-18 17:00:42	27	1	1	0
     1578	2023-08-18 17:01:06	27	1	1	0
     1903	2023-08-18 17:01:12	27	1	1	0
       52	2023-08-18 17:01:15	27	1	1	0
     1171	2023-08-18 17:01:23	27	1	1	0
     1132	2023-08-18 17:01:30	27	1	1	0
      438	2023-08-18 17:01:36	27	1	1	0
     2840	2023-08-18 17:01:42	27	1	1	0
     2840	2023-08-18 17:01:44	27	1	1	0
     2475	2023-08-18 17:01:53	27	1	1	0
     2475	2023-08-18 17:01:55	27	1	1	0
      997	2023-08-18 17:02:00	27	1	1	0
      997	2023-08-18 17:02:05	27	1	1	0
       52	2023-08-18 17:02:21	27	1	1	0
     1079	2023-08-18 17:02:27	27	1	1	0
     1493	2023-08-18 17:03:15	27	1	1	0
      438	2023-08-22 07:19:22	27	0	1	0
      838	2023-08-22 07:29:23	27	0	1	0
     1493	2023-08-22 07:38:47	27	0	1	0
     1337	2023-08-22 07:39:09	27	0	1	0
     1337	2023-08-22 07:39:11	27	0	1	0
     1337	2023-08-22 07:39:21	27	0	1	0
     2840	2023-08-22 07:41:14	27	0	1	0
     1171	2023-08-22 07:42:18	27	0	1	0
     1171	2023-08-22 07:43:04	27	0	1	0
     2664	2023-08-22 07:46:21	27	0	1	0
     1078	2023-08-22 07:47:19	27	0	1	0
      997	2023-08-22 07:52:41	27	0	1	0
     1578	2023-08-22 07:57:04	27	0	1	0
      675	2023-08-22 07:57:10	27	0	1	0
      675	2023-08-22 07:57:12	27	0	1	0
     1903	2023-08-22 07:58:21	27	0	1	0
     1903	2023-08-22 07:58:23	27	0	1	0
     1079	2023-08-22 08:03:43	27	0	1	0
     2475	2023-08-22 08:03:55	27	0	1	0
     2475	2023-08-22 08:04:00	27	0	1	0
     2663	2023-08-22 08:14:01	27	0	1	0
     2666	2023-08-22 08:14:08	27	0	1	0
     2665	2023-08-22 08:16:45	27	0	1	0
      675	2023-08-22 12:00:05	27	1	1	0
      675	2023-08-22 12:01:03	27	0	1	0
     2663	2023-08-22 12:01:57	27	1	1	0
     2840	2023-08-22 12:02:38	27	1	1	0
     1079	2023-08-22 12:02:45	27	1	1	0
      438	2023-08-22 12:02:58	27	1	1	0
      997	2023-08-22 12:03:19	27	1	1	0
     1171	2023-08-22 12:03:26	27	1	1	0
     1903	2023-08-22 12:03:45	27	1	1	0
     2665	2023-08-22 12:04:51	27	1	1	0
     2664	2023-08-22 12:04:56	27	1	1	0
      838	2023-08-22 12:05:10	27	1	1	0
     1079	2023-08-22 12:05:24	27	0	1	0
     2475	2023-08-22 12:05:48	27	1	1	0
     2475	2023-08-22 12:05:52	27	1	1	0
      838	2023-08-22 12:09:44	27	0	1	0
     2840	2023-08-22 12:12:47	27	0	1	0
     2475	2023-08-22 12:13:43	27	0	1	0
     2475	2023-08-22 12:13:45	27	0	1	0
      438	2023-08-22 12:20:58	27	0	1	0
     1903	2023-08-22 12:35:34	27	0	1	0
     1578	2023-08-22 12:35:54	27	1	1	0
     1171	2023-08-22 12:36:45	27	0	1	0
     2665	2023-08-22 12:38:58	27	0	1	0
     2664	2023-08-22 12:39:06	27	0	1	0
     2663	2023-08-22 12:39:27	27	0	1	0
     1578	2023-08-22 12:41:54	27	0	1	0
      997	2023-08-22 12:46:06	27	0	1	0
     1493	2023-08-22 12:53:15	27	1	1	0
     1337	2023-08-22 12:54:55	27	1	1	0
     1337	2023-08-22 12:54:57	27	1	1	0
     1493	2023-08-22 12:55:58	27	0	1	0
     1337	2023-08-22 12:56:06	27	0	1	0
      675	2023-08-22 17:00:08	27	1	1	0
     1337	2023-08-22 17:01:07	27	1	1	0
     1337	2023-08-22 17:01:09	27	1	1	0
     1493	2023-08-22 17:01:17	27	1	1	0
     1903	2023-08-22 17:02:06	27	1	1	0
     1578	2023-08-22 17:02:29	27	1	1	0
     1079	2023-08-22 17:02:35	27	1	1	0
     2475	2023-08-22 17:02:41	27	1	1	0
      997	2023-08-22 17:02:48	27	1	1	0
     2840	2023-08-22 17:02:55	27	1	1	0
     2840	2023-08-22 17:02:57	27	1	1	0
      838	2023-08-22 17:03:08	27	1	1	0
     1171	2023-08-22 17:03:15	27	1	1	0
     1078	2023-08-22 17:03:20	27	1	1	0
      438	2023-08-22 17:04:30	27	1	1	0
     2664	2023-08-22 17:06:31	27	1	1	0
     2666	2023-08-22 17:14:14	27	1	1	0
     2665	2023-08-22 17:16:46	27	1	1	0
     2663	2023-08-22 17:50:10	27	1	1	0
      838	2023-08-23 07:29:10	27	0	1	0
     1493	2023-08-23 07:32:23	27	0	1	0
     1337	2023-08-23 07:33:36	27	0	1	0
     1337	2023-08-23 07:33:51	27	0	1	0
     2664	2023-08-23 07:44:26	27	0	1	0
     1171	2023-08-23 07:44:34	27	0	1	0
      997	2023-08-23 07:46:50	27	0	1	0
     2840	2023-08-23 07:48:04	27	0	1	0
     2663	2023-08-23 07:50:47	27	0	1	0
     1578	2023-08-23 07:51:35	27	0	1	0
      996	2023-08-23 07:52:26	27	0	1	0
       52	2023-08-23 07:54:28	27	0	1	0
     1132	2023-08-23 07:54:50	27	0	1	0
     1079	2023-08-23 07:55:38	27	0	1	0
      675	2023-08-23 07:56:34	27	0	1	0
      675	2023-08-23 07:56:35	27	0	1	0
     2665	2023-08-23 07:56:50	27	0	1	0
     1903	2023-08-23 08:00:59	27	0	1	0
     1903	2023-08-23 08:01:01	27	0	1	0
      438	2023-08-23 08:07:17	27	0	1	0
     2475	2023-08-23 08:08:19	27	0	1	0
     2475	2023-08-23 08:08:21	27	0	1	0
     2666	2023-08-23 08:11:15	27	0	1	0
      675	2023-08-23 12:00:04	27	1	1	0
      675	2023-08-23 12:01:02	27	0	1	0
      838	2023-08-23 12:02:48	27	1	1	0
      996	2023-08-23 12:03:05	27	1	1	0
     2666	2023-08-23 12:03:32	27	1	1	0
     1171	2023-08-23 12:03:37	27	1	1	0
     1132	2023-08-23 12:03:47	27	1	1	0
     2840	2023-08-23 12:04:29	27	1	1	0
     2475	2023-08-23 12:04:41	27	1	1	0
      997	2023-08-23 12:04:48	27	1	1	0
      438	2023-08-23 12:06:48	27	1	1	0
     1903	2023-08-23 12:07:05	27	1	1	0
     2665	2023-08-23 12:07:12	27	1	1	0
     2664	2023-08-23 12:07:17	27	1	1	0
     1132	2023-08-23 12:14:07	27	0	1	0
     1578	2023-08-23 12:15:13	27	1	1	0
     1493	2023-08-23 12:15:19	27	1	1	0
     1493	2023-08-23 12:15:22	27	1	1	0
     1337	2023-08-23 12:15:28	27	1	1	0
     1578	2023-08-23 12:16:57	27	0	1	0
     1337	2023-08-23 12:17:11	27	0	1	0
     1079	2023-08-23 12:18:46	27	1	1	0
     1079	2023-08-23 12:19:27	27	0	1	0
       52	2023-08-23 12:19:35	27	1	1	0
       52	2023-08-23 12:20:12	27	0	1	0
     1903	2023-08-23 12:20:22	27	0	1	0
     2840	2023-08-23 12:20:28	27	0	1	0
      438	2023-08-23 12:20:47	27	0	1	0
      996	2023-08-23 12:24:19	27	0	1	0
     2666	2023-08-23 12:24:24	27	0	1	0
     2475	2023-08-23 12:24:29	27	0	1	0
     2475	2023-08-23 12:24:32	27	0	1	0
     2663	2023-08-23 12:24:59	27	1	1	0
     1171	2023-08-23 12:27:03	27	0	1	0
      838	2023-08-23 12:35:06	27	0	1	0
      997	2023-08-23 12:35:50	27	0	1	0
     1493	2023-08-23 12:35:57	27	0	1	0
     2665	2023-08-23 12:37:54	27	0	1	0
     2664	2023-08-23 12:38:25	27	0	1	0
     2663	2023-08-23 12:47:47	27	0	1	0
     2665	2023-08-23 16:06:09	27	1	1	0
      675	2023-08-23 17:00:29	27	1	1	0
      675	2023-08-23 17:00:37	27	1	1	0
     1171	2023-08-23 17:01:03	27	1	1	0
     1337	2023-08-23 17:01:09	27	1	1	0
     1337	2023-08-23 17:01:13	27	1	1	0
      838	2023-08-23 17:01:17	27	1	1	0
     1171	2023-08-23 17:01:29	27	1	1	0
     1903	2023-08-23 17:01:46	27	1	1	0
     1578	2023-08-23 17:02:40	27	1	1	0
       52	2023-08-23 17:02:47	27	1	1	0
     1132	2023-08-23 17:02:52	27	1	1	0
      997	2023-08-23 17:02:59	27	1	1	0
     2840	2023-08-23 17:03:05	27	1	1	0
     2840	2023-08-23 17:03:06	27	1	1	0
     2475	2023-08-23 17:03:19	27	1	1	0
     2475	2023-08-23 17:03:20	27	1	1	0
     1079	2023-08-23 17:03:53	27	1	1	0
     1493	2023-08-23 17:05:13	27	1	1	0
      438	2023-08-23 17:05:35	27	1	1	0
     1493	2023-08-23 17:07:12	27	1	1	0
     2666	2023-08-23 17:13:36	27	1	1	0
     2663	2023-08-23 18:11:29	27	1	1	0
     1493	2023-08-24 07:30:02	27	0	1	0
     1337	2023-08-24 07:31:08	27	0	1	0
     1337	2023-08-24 07:31:09	27	0	1	0
     1171	2023-08-24 07:31:55	27	0	1	0
     2664	2023-08-24 07:41:17	27	0	1	0
     2840	2023-08-24 07:44:58	27	0	1	0
      838	2023-08-24 07:45:51	27	0	1	0
      997	2023-08-24 07:50:52	27	0	1	0
      997	2023-08-24 07:50:54	27	0	1	0
     2475	2023-08-24 07:52:01	27	0	1	0
     2475	2023-08-24 07:52:06	27	0	1	0
     1578	2023-08-24 07:53:30	27	0	1	0
      675	2023-08-24 07:55:33	27	0	1	0
      675	2023-08-24 07:55:35	27	0	1	0
     1903	2023-08-24 07:56:08	27	0	1	0
     1903	2023-08-24 07:56:10	27	0	1	0
     1132	2023-08-24 07:56:45	27	0	1	0
       52	2023-08-24 07:56:51	27	0	1	0
     2665	2023-08-24 07:57:09	27	0	1	0
     2666	2023-08-24 07:57:35	27	0	1	0
     1079	2023-08-24 07:58:05	27	0	1	0
      438	2023-08-24 08:19:42	27	0	1	0
      675	2023-08-24 12:00:04	27	1	1	0
      838	2023-08-24 12:00:44	27	1	1	0
      838	2023-08-24 12:00:53	27	1	1	0
      675	2023-08-24 12:01:03	27	0	1	0
     2840	2023-08-24 12:01:14	27	1	1	0
     2475	2023-08-24 12:01:29	27	1	1	0
      438	2023-08-24 12:01:56	27	1	1	0
      997	2023-08-24 12:02:28	27	1	1	0
     1903	2023-08-24 12:03:07	27	1	1	0
     2666	2023-08-24 12:03:46	27	1	1	0
     1337	2023-08-24 12:06:00	27	1	1	0
     1337	2023-08-24 12:06:02	27	1	1	0
     1578	2023-08-24 12:06:06	27	1	1	0
     1079	2023-08-24 12:06:26	27	1	1	0
     2665	2023-08-24 12:09:02	27	1	1	0
     2664	2023-08-24 12:09:40	27	1	1	0
     2840	2023-08-24 12:09:49	27	0	1	0
     2475	2023-08-24 12:09:55	27	0	1	0
     1493	2023-08-24 12:11:15	27	1	1	0
      838	2023-08-24 12:11:51	27	0	1	0
     1132	2023-08-24 12:12:18	27	1	1	0
      438	2023-08-24 12:18:31	27	0	1	0
     1132	2023-08-24 12:21:00	27	0	1	0
      997	2023-08-24 12:21:23	27	0	1	0
     1171	2023-08-24 12:22:44	27	1	1	0
     1903	2023-08-24 12:23:13	27	0	1	0
     1171	2023-08-24 12:24:37	27	0	1	0
     1493	2023-08-24 12:25:21	27	0	1	0
     2666	2023-08-24 12:26:18	27	0	1	0
     1079	2023-08-24 12:27:56	27	0	1	0
     1493	2023-08-24 12:32:24	27	0	1	0
       52	2023-08-24 12:34:52	27	1	1	0
     2665	2023-08-24 12:35:24	27	0	1	0
     2664	2023-08-24 12:35:30	27	0	1	0
       52	2023-08-24 12:35:37	27	0	1	0
     1337	2023-08-24 12:35:46	27	0	1	0
     1337	2023-08-24 12:35:59	27	0	1	0
     1578	2023-08-24 12:54:21	27	0	1	0
      675	2023-08-24 17:00:03	27	1	1	0
      838	2023-08-24 17:00:09	27	1	1	0
      838	2023-08-24 17:00:11	27	1	1	0
     1493	2023-08-24 17:00:31	27	1	1	0
     1903	2023-08-24 17:01:53	27	1	1	0
     1132	2023-08-24 17:02:20	27	1	1	0
     2475	2023-08-24 17:02:28	27	1	1	0
     2475	2023-08-24 17:02:32	27	1	1	0
     2840	2023-08-24 17:02:40	27	1	1	0
     2840	2023-08-24 17:02:41	27	1	1	0
      438	2023-08-24 17:02:51	27	1	1	0
     1337	2023-08-24 17:02:57	27	1	1	0
     1337	2023-08-24 17:02:59	27	1	1	0
     1079	2023-08-24 17:03:17	27	1	1	0
       52	2023-08-24 17:03:24	27	1	1	0
      997	2023-08-24 17:03:56	27	1	1	0
      997	2023-08-24 17:04:00	27	1	1	0
     1578	2023-08-24 17:06:02	27	1	1	0
     1171	2023-08-24 17:06:04	27	1	1	0
     2664	2023-08-24 17:06:45	27	1	1	0
     2666	2023-08-24 17:08:53	27	1	1	0
     2840	2023-08-25 07:32:25	27	1	1	0
     1493	2023-08-25 07:36:03	27	0	1	0
     1337	2023-08-25 07:36:24	27	0	1	0
     1337	2023-08-25 07:36:26	27	0	1	0
      838	2023-08-25 07:40:16	27	0	1	0
     1132	2023-08-25 07:41:51	27	0	1	0
     1171	2023-08-25 07:48:41	27	0	1	0
      438	2023-08-25 07:51:40	27	0	1	0
       52	2023-08-25 07:52:29	27	0	1	0
      997	2023-08-25 07:53:43	27	0	1	0
      675	2023-08-25 07:54:28	27	0	1	0
      675	2023-08-25 07:54:30	27	0	1	0
     1578	2023-08-25 07:55:12	27	0	1	0
     1079	2023-08-25 07:58:14	27	0	1	0
     1903	2023-08-25 07:59:53	27	0	1	0
     1903	2023-08-25 07:59:55	27	0	1	0
     2475	2023-08-25 08:04:25	27	0	1	0
     2475	2023-08-25 08:04:26	27	0	1	0
      675	2023-08-25 12:00:02	27	1	1	0
     1493	2023-08-25 12:00:17	27	1	1	0
      838	2023-08-25 12:00:25	27	1	1	0
      675	2023-08-25 12:01:05	27	1	1	0
      675	2023-08-25 12:01:13	27	0	1	0
     1903	2023-08-25 12:01:21	27	1	1	0
     1578	2023-08-25 12:03:35	27	1	1	0
      838	2023-08-25 12:03:45	27	0	1	0
     2475	2023-08-25 12:05:48	27	1	1	0
     2840	2023-08-25 12:05:56	27	1	1	0
      997	2023-08-25 12:06:05	27	1	1	0
     1337	2023-08-25 12:08:10	27	1	1	0
     1337	2023-08-25 12:08:11	27	1	1	0
      438	2023-08-25 12:10:30	27	1	1	0
     1337	2023-08-25 12:16:48	27	0	1	0
     1079	2023-08-25 12:17:24	27	1	1	0
     2840	2023-08-25 12:18:09	27	0	1	0
     2475	2023-08-25 12:18:18	27	0	1	0
     1079	2023-08-25 12:18:41	27	0	1	0
     1171	2023-08-25 12:19:11	27	1	1	0
     1578	2023-08-25 12:22:38	27	0	1	0
      438	2023-08-25 12:27:53	27	0	1	0
     1493	2023-08-25 12:32:10	27	0	1	0
      997	2023-08-25 12:33:12	27	0	1	0
     1903	2023-08-25 12:34:28	27	0	1	0
     1132	2023-08-25 12:42:11	27	1	1	0
      997	2023-08-25 12:42:51	27	1	1	0
      997	2023-08-25 12:42:59	27	0	1	0
       52	2023-08-25 12:43:49	27	1	1	0
     1171	2023-08-25 12:44:10	27	0	1	0
       52	2023-08-25 12:44:18	27	0	1	0
     1132	2023-08-25 12:46:00	27	0	1	0
      675	2023-08-25 17:00:07	27	1	1	0
     1132	2023-08-25 17:00:13	27	1	1	0
      838	2023-08-25 17:00:19	27	1	1	0
     2840	2023-08-25 17:00:27	27	1	1	0
     2840	2023-08-25 17:00:28	27	1	1	0
      438	2023-08-25 17:01:09	27	1	1	0
     2475	2023-08-25 17:01:13	27	1	1	0
      997	2023-08-25 17:02:10	27	1	1	0
     2475	2023-08-25 17:02:15	27	1	1	0
     1171	2023-08-25 17:03:12	27	1	1	0
     1903	2023-08-25 17:04:13	27	1	1	0
     1337	2023-08-25 17:33:41	27	1	1	0
     1337	2023-08-25 17:33:46	27	1	1	0
       52	2023-08-25 17:33:56	27	1	1	0
     1079	2023-08-25 17:34:04	27	1	1	0
     1493	2023-08-25 17:36:58	27	1	1	0
     1578	2023-08-25 17:55:10	27	1	1	0
     1493	2023-08-29 07:04:34	27	1	1	0
     1493	2023-08-29 07:04:40	27	0	1	0
     1337	2023-08-29 07:04:48	27	0	1	0
     1171	2023-08-29 07:15:30	27	0	1	0
     1903	2023-08-29 07:30:00	27	0	1	0
     1903	2023-08-29 07:30:02	27	0	1	0
     1078	2023-08-29 07:33:17	27	0	1	0
     2840	2023-08-29 07:39:08	27	0	1	0
     2664	2023-08-29 07:39:48	27	0	1	0
      838	2023-08-29 07:40:29	27	0	1	0
     1132	2023-08-29 07:46:19	27	0	1	0
     1578	2023-08-29 07:50:37	27	0	1	0
     2475	2023-08-29 07:52:06	27	0	1	0
     2475	2023-08-29 07:52:07	27	0	1	0
      997	2023-08-29 07:52:25	27	0	1	0
      675	2023-08-29 07:55:57	27	0	1	0
      675	2023-08-29 07:56:00	27	0	1	0
     1079	2023-08-29 07:58:13	27	0	1	0
     2666	2023-08-29 07:59:28	27	0	1	0
     2663	2023-08-29 07:59:43	27	0	1	0
      438	2023-08-29 08:00:29	27	0	1	0
     2665	2023-08-29 08:08:16	27	0	1	0
      675	2023-08-29 12:00:02	27	1	1	0
      675	2023-08-29 12:01:04	27	0	1	0
      838	2023-08-29 12:01:23	27	1	1	0
     2663	2023-08-29 12:01:58	27	1	1	0
      438	2023-08-29 12:02:30	27	1	1	0
     2840	2023-08-29 12:03:02	27	1	1	0
      996	2023-08-29 12:03:13	27	1	1	0
     2475	2023-08-29 12:03:33	27	1	1	0
     2475	2023-08-29 12:03:35	27	1	1	0
     1903	2023-08-29 12:03:52	27	1	1	0
     2664	2023-08-29 12:04:30	27	1	1	0
     2665	2023-08-29 12:04:38	27	1	1	0
      997	2023-08-29 12:04:50	27	1	1	0
     1171	2023-08-29 12:06:31	27	1	1	0
     1903	2023-08-29 12:09:46	27	0	1	0
     1903	2023-08-29 12:11:05	27	0	1	0
     1578	2023-08-29 12:12:43	27	1	1	0
      997	2023-08-29 12:13:07	27	0	1	0
     1079	2023-08-29 12:13:36	27	1	1	0
      838	2023-08-29 12:15:13	27	0	1	0
     1079	2023-08-29 12:15:23	27	0	1	0
     2666	2023-08-29 12:15:29	27	0	1	0
      996	2023-08-29 12:15:37	27	0	1	0
     2475	2023-08-29 12:15:44	27	0	1	0
     2475	2023-08-29 12:15:46	27	0	1	0
     2666	2023-08-29 12:15:50	27	1	1	0
     2840	2023-08-29 12:16:06	27	0	1	0
     1078	2023-08-29 12:18:44	27	1	1	0
     1171	2023-08-29 12:21:24	27	0	1	0
     1493	2023-08-29 12:22:35	27	1	1	0
     2666	2023-08-29 12:25:42	27	0	1	0
     1078	2023-08-29 12:27:41	27	0	1	0
     1578	2023-08-29 12:28:48	27	0	1	0
      438	2023-08-29 12:28:56	27	0	1	0
     1493	2023-08-29 12:29:16	27	0	1	0
     2665	2023-08-29 12:41:24	27	0	1	0
     2664	2023-08-29 12:41:29	27	0	1	0
     1493	2023-08-29 12:43:50	27	0	1	0
     2663	2023-08-29 12:47:27	27	0	1	0
      997	2023-08-29 12:48:10	27	0	1	0
      675	2023-08-29 17:00:03	27	1	1	0
      838	2023-08-29 17:00:18	27	1	1	0
      997	2023-08-29 17:01:10	27	1	1	0
      438	2023-08-29 17:01:18	27	1	1	0
     2840	2023-08-29 17:01:24	27	1	1	0
     2840	2023-08-29 17:01:26	27	1	1	0
     2475	2023-08-29 17:01:34	27	1	1	0
     2475	2023-08-29 17:01:38	27	1	1	0
     1078	2023-08-29 17:03:39	27	1	1	0
     2664	2023-08-29 17:04:20	27	1	1	0
     1079	2023-08-29 17:04:52	27	1	1	0
     1079	2023-08-29 17:04:55	27	1	1	0
     1578	2023-08-29 17:06:21	27	1	1	0
     1171	2023-08-29 17:06:27	27	1	1	0
     1903	2023-08-29 17:06:40	27	1	1	0
     2663	2023-08-29 17:08:03	27	1	1	0
     2665	2023-08-29 17:08:09	27	1	1	0
     1337	2023-08-29 17:09:42	27	1	1	0
     1337	2023-08-29 17:09:45	27	1	1	0
      997	2023-08-29 17:09:57	27	1	1	0
     1493	2023-08-29 17:11:49	27	1	1	0
     1493	2023-08-30 07:06:22	27	0	1	0
     1337	2023-08-30 07:07:12	27	0	1	0
     1903	2023-08-30 07:13:40	27	0	1	0
     1903	2023-08-30 07:13:41	27	0	1	0
     1078	2023-08-30 07:24:17	27	0	1	0
     1171	2023-08-30 07:34:12	27	0	1	0
     2840	2023-08-30 07:41:26	27	0	1	0
     2664	2023-08-30 07:43:30	27	0	1	0
      838	2023-08-30 07:47:50	27	0	1	0
      997	2023-08-30 07:51:22	27	0	1	0
     1578	2023-08-30 07:51:43	27	0	1	0
      438	2023-08-30 07:56:38	27	0	1	0
      675	2023-08-30 07:56:56	27	0	1	0
      675	2023-08-30 07:56:58	27	0	1	0
     1079	2023-08-30 07:57:10	27	0	1	0
     2475	2023-08-30 07:59:00	27	0	1	0
     2475	2023-08-30 07:59:01	27	0	1	0
     2666	2023-08-30 08:01:53	27	0	1	0
     2665	2023-08-30 08:28:47	27	0	1	0
     2663	2023-08-30 08:32:21	27	0	1	0
      675	2023-08-30 12:00:02	27	1	1	0
      675	2023-08-30 12:01:02	27	0	1	0
      438	2023-08-30 12:02:06	27	1	1	0
     2840	2023-08-30 12:02:18	27	1	1	0
     1171	2023-08-30 12:02:38	27	1	1	0
      838	2023-08-30 12:02:47	27	1	1	0
     2475	2023-08-30 12:03:02	27	1	1	0
     2475	2023-08-30 12:03:05	27	1	1	0
      997	2023-08-30 12:03:12	27	1	1	0
     1903	2023-08-30 12:03:27	27	1	1	0
     1079	2023-08-30 12:08:36	27	1	1	0
     1578	2023-08-30 12:09:04	27	1	1	0
     2665	2023-08-30 12:10:37	27	1	1	0
     2664	2023-08-30 12:10:42	27	1	1	0
     1578	2023-08-30 12:12:35	27	0	1	0
     1079	2023-08-30 12:12:41	27	0	1	0
     2475	2023-08-30 12:12:52	27	0	1	0
     2475	2023-08-30 12:12:53	27	0	1	0
     1078	2023-08-30 12:15:56	27	1	1	0
     1078	2023-08-30 12:16:29	27	0	1	0
     2840	2023-08-30 12:17:26	27	0	1	0
      838	2023-08-30 12:17:39	27	0	1	0
      438	2023-08-30 12:25:14	27	0	1	0
      996	2023-08-30 12:30:19	27	1	1	0
     2666	2023-08-30 12:30:22	27	1	1	0
     1337	2023-08-30 12:30:31	27	1	1	0
     1337	2023-08-30 12:30:33	27	1	1	0
     2666	2023-08-30 12:31:18	27	0	1	0
     1337	2023-08-30 12:32:05	27	0	1	0
      997	2023-08-30 12:32:36	27	0	1	0
     1903	2023-08-30 12:33:07	27	0	1	0
     2663	2023-08-30 12:37:07	27	1	1	0
     2665	2023-08-30 12:38:57	27	0	1	0
     2664	2023-08-30 12:39:03	27	0	1	0
     1171	2023-08-30 12:45:30	27	0	1	0
      996	2023-08-30 12:59:04	27	0	1	0
      675	2023-08-30 17:00:02	27	1	1	0
      838	2023-08-30 17:01:26	27	1	1	0
     1337	2023-08-30 17:01:50	27	1	1	0
     2475	2023-08-30 17:01:57	27	1	1	0
     2475	2023-08-30 17:01:58	27	1	1	0
      997	2023-08-30 17:02:04	27	1	1	0
      997	2023-08-30 17:02:05	27	1	1	0
     2840	2023-08-30 17:03:20	27	1	1	0
     2840	2023-08-30 17:03:21	27	1	1	0
      438	2023-08-30 17:03:34	27	1	1	0
     2664	2023-08-30 17:04:26	27	1	1	0
     1337	2023-08-30 17:07:03	27	1	1	0
     2666	2023-08-30 17:07:47	27	1	1	0
     1493	2023-08-30 17:09:38	27	1	1	0
     1079	2023-08-30 17:09:44	27	1	1	0
     1578	2023-08-30 17:09:49	27	1	1	0
     1171	2023-08-30 17:18:48	27	1	1	0
     2665	2023-08-30 17:28:09	27	1	1	0
     1903	2023-08-30 17:33:26	27	1	1	0
     2663	2023-08-30 17:48:25	27	1	1	0
     1078	2023-08-30 18:29:05	27	1	1	0
     1903	2023-08-31 07:11:57	27	0	1	0
     1493	2023-08-31 07:31:42	27	0	1	0
     1337	2023-08-31 07:32:09	27	0	1	0
     1337	2023-08-31 07:32:13	27	0	1	0
     1078	2023-08-31 07:33:31	27	0	1	0
     2840	2023-08-31 07:34:05	27	0	1	0
     1171	2023-08-31 07:37:42	27	0	1	0
     2475	2023-08-31 07:42:12	27	0	1	0
     2475	2023-08-31 07:42:14	27	0	1	0
      838	2023-08-31 07:47:52	27	0	1	0
     1578	2023-08-31 07:48:24	27	0	1	0
      675	2023-08-31 07:52:44	27	0	1	0
      675	2023-08-31 07:52:45	27	0	1	0
     2664	2023-08-31 07:53:06	27	0	1	0
      438	2023-08-31 07:53:40	27	0	1	0
     1079	2023-08-31 07:54:58	27	0	1	0
      997	2023-08-31 07:58:16	27	0	1	0
      997	2023-08-31 07:58:18	27	0	1	0
     2665	2023-08-31 08:04:11	27	0	1	0
     2666	2023-08-31 08:08:08	27	0	1	0
     2663	2023-08-31 08:10:20	27	0	1	0
      675	2023-08-31 12:00:18	27	1	1	0
      996	2023-08-31 12:00:47	27	1	1	0
      838	2023-08-31 12:00:56	27	1	1	0
      675	2023-08-31 12:01:08	27	0	1	0
     2840	2023-08-31 12:01:28	27	1	1	0
     1171	2023-08-31 12:01:45	27	1	1	0
      438	2023-08-31 12:01:51	27	1	1	0
      997	2023-08-31 12:02:20	27	1	1	0
     2666	2023-08-31 12:02:57	27	1	1	0
     1578	2023-08-31 12:03:25	27	1	1	0
     1337	2023-08-31 12:03:31	27	1	1	0
     2475	2023-08-31 12:04:33	27	1	1	0
     2475	2023-08-31 12:04:37	27	1	1	0
     1578	2023-08-31 12:05:37	27	0	1	0
     1337	2023-08-31 12:05:45	27	0	1	0
     1171	2023-08-31 12:07:33	27	0	1	0
      997	2023-08-31 12:08:08	27	0	1	0
     2664	2023-08-31 12:08:51	27	1	1	0
     2665	2023-08-31 12:08:56	27	1	1	0
     2840	2023-08-31 12:10:31	27	0	1	0
     2475	2023-08-31 12:10:45	27	0	1	0
     2475	2023-08-31 12:10:50	27	0	1	0
      838	2023-08-31 12:10:57	27	0	1	0
      996	2023-08-31 12:11:04	27	0	1	0
      438	2023-08-31 12:11:14	27	0	1	0
     2666	2023-08-31 12:11:18	27	0	1	0
     1078	2023-08-31 12:11:35	27	1	1	0
     1078	2023-08-31 12:12:16	27	0	1	0
     1079	2023-08-31 12:14:48	27	1	1	0
     1903	2023-08-31 12:15:12	27	1	1	0
     2663	2023-08-31 12:17:34	27	1	1	0
     1903	2023-08-31 12:18:40	27	0	1	0
     1079	2023-08-31 12:18:46	27	0	1	0
     2663	2023-08-31 12:40:27	27	0	1	0
     2665	2023-08-31 12:41:06	27	0	1	0
     2664	2023-08-31 12:41:12	27	0	1	0
      675	2023-08-31 17:00:02	27	1	1	0
     1337	2023-08-31 17:01:13	27	1	1	0
      838	2023-08-31 17:01:18	27	1	1	0
     1337	2023-08-31 17:01:23	27	1	1	0
      438	2023-08-31 17:03:14	27	1	1	0
     2840	2023-08-31 17:03:31	27	1	1	0
     2840	2023-08-31 17:03:33	27	1	1	0
     2475	2023-08-31 17:03:38	27	1	1	0
     2475	2023-08-31 17:03:39	27	1	1	0
     1079	2023-08-31 17:03:45	27	1	1	0
      997	2023-08-31 17:04:29	27	1	1	0
     2664	2023-08-31 17:05:04	27	1	1	0
     2665	2023-08-31 17:08:25	27	1	1	0
     2666	2023-08-31 17:10:12	27	1	1	0
     1078	2023-08-31 17:10:36	27	1	1	0
     1493	2023-08-31 17:11:54	27	1	1	0
     1171	2023-08-31 17:12:34	27	1	1	0
     1578	2023-08-31 17:12:41	27	1	1	0
     1171	2023-08-31 17:13:19	27	1	1	0
     1903	2023-08-31 17:13:27	27	1	1	0
     2663	2023-08-31 17:55:28	27	1	1	0
     1493	2023-09-01 06:23:23	27	0	1	0
      997	2023-09-01 06:33:00	27	0	1	0
      997	2023-09-01 06:33:02	27	0	1	0
     1079	2023-09-01 06:45:09	27	0	1	0
     1078	2023-09-01 06:49:27	27	0	1	0
     1171	2023-09-01 07:15:17	27	0	1	0
     1337	2023-09-01 07:24:30	27	0	1	0
     1337	2023-09-01 07:24:32	27	0	1	0
     1903	2023-09-01 07:33:14	27	0	1	0
     1903	2023-09-01 07:33:16	27	0	1	0
      838	2023-09-01 07:40:02	27	0	1	0
     2840	2023-09-01 07:40:08	27	0	1	0
     2665	2023-09-01 07:40:15	27	0	1	0
      996	2023-09-01 07:41:46	27	0	1	0
     2664	2023-09-01 07:47:00	27	0	1	0
     2475	2023-09-01 07:47:07	27	0	1	0
     2475	2023-09-01 07:47:08	27	0	1	0
     1578	2023-09-01 07:54:31	27	0	1	0
      675	2023-09-01 07:56:51	27	0	1	0
      675	2023-09-01 07:56:53	27	0	1	0
      438	2023-09-01 07:58:12	27	0	1	0
       52	2023-09-01 08:09:27	27	0	1	0
