      414	2023-07-31 06:22:48	28	0	1	0
      469	2023-07-31 06:54:58	28	0	1	0
      469	2023-07-31 06:54:59	28	0	1	0
      361	2023-07-31 07:23:10	28	0	1	0
      361	2023-07-31 07:23:13	28	0	1	0
      781	2023-07-31 07:25:55	28	0	1	0
     1104	2023-07-31 07:29:37	28	0	1	0
     1104	2023-07-31 07:29:38	28	0	1	0
     1799	2023-07-31 07:40:20	28	0	1	0
     1799	2023-07-31 07:40:22	28	0	1	0
      288	2023-07-31 07:42:21	28	0	1	0
      496	2023-07-31 07:49:59	28	0	1	0
     2888	2023-07-31 07:52:03	28	0	1	0
     1041	2023-07-31 07:52:57	28	0	1	0
     2054	2023-07-31 07:53:06	28	0	1	0
     2880	2023-07-31 07:54:30	28	0	1	0
     2194	2023-07-31 07:54:37	28	0	1	0
     2364	2023-07-31 07:55:25	28	0	1	0
     2364	2023-07-31 07:55:26	28	0	1	0
     1416	2023-07-31 07:56:31	28	0	1	0
     2275	2023-07-31 07:57:34	28	0	1	0
      960	2023-07-31 07:58:57	28	0	1	0
      636	2023-07-31 07:59:31	28	0	1	0
      466	2023-07-31 08:01:16	28	0	1	0
      228	2023-07-31 08:01:34	28	0	1	0
     1174	2023-07-31 08:02:00	28	0	1	0
      495	2023-07-31 08:02:14	28	0	1	0
     1657	2023-07-31 08:03:22	28	0	1	0
      547	2023-07-31 08:05:59	28	0	1	0
      962	2023-07-31 08:10:11	28	0	1	0
     2426	2023-07-31 08:12:09	28	0	1	0
     2426	2023-07-31 08:12:12	28	0	1	0
       87	2023-07-31 08:17:55	28	0	1	0
      361	2023-07-31 12:01:22	28	1	1	0
      361	2023-07-31 12:04:03	28	0	1	0
      228	2023-07-31 12:06:17	28	1	1	0
     2880	2023-07-31 12:07:02	28	1	1	0
      962	2023-07-31 12:07:07	28	1	1	0
      228	2023-07-31 12:07:15	28	0	1	0
      962	2023-07-31 12:10:02	28	0	1	0
     2880	2023-07-31 12:10:06	28	0	1	0
      960	2023-07-31 12:11:05	28	1	1	0
     1104	2023-07-31 12:11:10	28	1	1	0
     2364	2023-07-31 12:11:46	28	1	1	0
     2364	2023-07-31 12:11:47	28	1	1	0
       87	2023-07-31 12:12:31	28	1	1	0
     2364	2023-07-31 12:16:18	28	0	1	0
     2364	2023-07-31 12:16:19	28	0	1	0
     2194	2023-07-31 12:16:29	28	1	1	0
      960	2023-07-31 12:17:13	28	0	1	0
      781	2023-07-31 12:17:22	28	1	1	0
     2054	2023-07-31 12:17:26	28	1	1	0
     1416	2023-07-31 12:17:30	28	1	1	0
     1416	2023-07-31 12:20:35	28	0	1	0
      496	2023-07-31 12:20:47	28	1	1	0
       87	2023-07-31 12:21:20	28	0	1	0
     2194	2023-07-31 12:21:27	28	0	1	0
      636	2023-07-31 12:21:34	28	1	1	0
     2054	2023-07-31 12:23:47	28	0	1	0
      496	2023-07-31 12:26:06	28	0	1	0
      636	2023-07-31 12:28:15	28	0	1	0
      781	2023-07-31 12:29:38	28	0	1	0
     1174	2023-07-31 12:33:09	28	1	1	0
     2275	2023-07-31 12:43:17	28	1	1	0
     1104	2023-07-31 12:43:25	28	0	1	0
     1174	2023-07-31 12:43:52	28	0	1	0
     2888	2023-07-31 12:46:24	28	1	1	0
     2275	2023-07-31 12:48:00	28	0	1	0
     2888	2023-07-31 12:49:38	28	0	1	0
     2888	2023-07-31 17:00:15	28	1	1	0
     1041	2023-07-31 17:00:29	28	1	1	0
      469	2023-07-31 17:01:07	28	1	1	0
      469	2023-07-31 17:01:09	28	1	1	0
     2194	2023-07-31 17:01:26	28	1	1	0
     1174	2023-07-31 17:01:31	28	1	1	0
      547	2023-07-31 17:01:34	28	1	1	0
      547	2023-07-31 17:01:36	28	1	1	0
      960	2023-07-31 17:01:39	28	1	1	0
     2426	2023-07-31 17:01:43	28	1	1	0
     2426	2023-07-31 17:01:46	28	1	1	0
      361	2023-07-31 17:01:50	28	1	1	0
      466	2023-07-31 17:02:02	28	1	1	0
     1657	2023-07-31 17:02:08	28	1	1	0
     2364	2023-07-31 17:02:16	28	1	1	0
     2364	2023-07-31 17:02:17	28	1	1	0
     2364	2023-07-31 17:02:18	28	1	1	0
     2880	2023-07-31 17:02:26	28	1	1	0
     2880	2023-07-31 17:02:28	28	1	1	0
      962	2023-07-31 17:02:32	28	1	1	0
      962	2023-07-31 17:02:33	28	1	1	0
       87	2023-07-31 17:03:00	28	1	1	0
     1799	2023-07-31 17:03:07	28	1	1	0
      781	2023-07-31 17:03:11	28	1	1	0
     1104	2023-07-31 17:04:05	28	1	1	0
      636	2023-07-31 17:04:13	28	1	1	0
      496	2023-07-31 17:04:37	28	1	1	0
     2275	2023-07-31 17:06:55	28	1	1	0
      228	2023-07-31 17:09:51	28	1	1	0
      414	2023-07-31 17:12:46	28	1	1	0
     2054	2023-07-31 17:13:37	28	1	1	0
     1416	2023-07-31 17:38:19	28	1	1	0
      495	2023-07-31 17:40:07	28	1	1	0
      288	2023-07-31 19:20:06	28	1	1	0
     2054	2023-08-01 07:08:13	28	0	1	0
      469	2023-08-01 07:09:33	28	0	1	0
      469	2023-08-01 07:09:36	28	0	1	0
      781	2023-08-01 07:12:17	28	0	1	0
      547	2023-08-01 07:33:16	28	0	1	0
      547	2023-08-01 07:33:18	28	0	1	0
      288	2023-08-01 07:45:22	28	0	1	0
     2275	2023-08-01 07:46:24	28	0	1	0
     1872	2023-08-01 07:47:01	28	0	1	0
     2364	2023-08-01 07:47:30	28	0	1	0
     2364	2023-08-01 07:47:31	28	0	1	0
     2275	2023-08-01 07:47:36	28	0	1	0
     1799	2023-08-01 07:47:44	28	0	1	0
     1799	2023-08-01 07:47:46	28	0	1	0
     2888	2023-08-01 07:49:09	28	0	1	0
      361	2023-08-01 07:49:41	28	0	1	0
      361	2023-08-01 07:49:48	28	0	1	0
     1799	2023-08-01 07:50:22	28	0	1	0
     1799	2023-08-01 07:50:24	28	0	1	0
     1041	2023-08-01 07:52:30	28	0	1	0
     2194	2023-08-01 07:52:35	28	0	1	0
     2880	2023-08-01 07:52:58	28	0	1	0
      466	2023-08-01 07:55:00	28	0	1	0
     1174	2023-08-01 07:55:15	28	0	1	0
     1104	2023-08-01 07:55:45	28	0	1	0
      495	2023-08-01 07:56:56	28	0	1	0
     1416	2023-08-01 07:57:49	28	0	1	0
       87	2023-08-01 08:00:25	28	0	1	0
     1657	2023-08-01 08:00:52	28	0	1	0
      960	2023-08-01 08:02:42	28	0	1	0
      636	2023-08-01 08:04:18	28	0	1	0
     2426	2023-08-01 08:09:22	28	0	1	0
     2426	2023-08-01 08:09:25	28	0	1	0
      228	2023-08-01 08:11:04	28	0	1	0
      962	2023-08-01 08:16:42	28	0	1	0
      496	2023-08-01 08:18:37	28	0	1	0
      414	2023-08-01 08:33:47	28	0	1	0
      466	2023-08-01 12:01:16	28	1	1	0
      466	2023-08-01 12:01:37	28	1	1	0
     1657	2023-08-01 12:02:46	28	1	1	0
     1872	2023-08-01 12:03:53	28	1	1	0
      466	2023-08-01 12:05:09	28	0	1	0
       87	2023-08-01 12:06:54	28	1	1	0
     2364	2023-08-01 12:08:14	28	1	1	0
     2364	2023-08-01 12:08:15	28	1	1	0
     2364	2023-08-01 12:12:25	28	0	1	0
     2364	2023-08-01 12:12:26	28	0	1	0
     1872	2023-08-01 12:14:41	28	0	1	0
     2054	2023-08-01 12:16:38	28	1	1	0
     2880	2023-08-01 12:16:50	28	1	1	0
     1657	2023-08-01 12:17:37	28	0	1	0
       87	2023-08-01 12:18:18	28	0	1	0
     2054	2023-08-01 12:21:37	28	0	1	0
      414	2023-08-01 12:26:09	28	1	1	0
     2880	2023-08-01 12:28:08	28	0	1	0
      781	2023-08-01 12:34:59	28	1	1	0
     2888	2023-08-01 12:35:03	28	1	1	0
     1416	2023-08-01 12:37:50	28	1	1	0
     1416	2023-08-01 12:38:31	28	1	1	0
     1416	2023-08-01 12:38:34	28	1	1	0
      414	2023-08-01 12:39:55	28	0	1	0
      781	2023-08-01 12:40:15	28	0	1	0
     1416	2023-08-01 12:41:03	28	0	1	0
      361	2023-08-01 12:44:08	28	1	1	0
      361	2023-08-01 12:46:10	28	0	1	0
     1799	2023-08-01 12:49:36	28	1	1	0
     1799	2023-08-01 12:49:43	28	1	1	0
     1799	2023-08-01 12:49:48	28	0	1	0
     2888	2023-08-01 13:02:25	28	0	1	0
      469	2023-08-01 17:00:08	28	1	1	0
      469	2023-08-01 17:00:10	28	1	1	0
     2364	2023-08-01 17:00:48	28	1	1	0
     2364	2023-08-01 17:00:50	28	1	1	0
     1657	2023-08-01 17:00:54	28	1	1	0
      466	2023-08-01 17:01:04	28	1	1	0
      361	2023-08-01 17:01:13	28	1	1	0
      960	2023-08-01 17:01:16	28	1	1	0
     2880	2023-08-01 17:01:22	28	1	1	0
     2880	2023-08-01 17:01:25	28	1	1	0
      962	2023-08-01 17:01:31	28	1	1	0
      636	2023-08-01 17:01:36	28	1	1	0
      547	2023-08-01 17:02:03	28	1	1	0
      547	2023-08-01 17:02:06	28	1	1	0
       87	2023-08-01 17:02:20	28	1	1	0
     2275	2023-08-01 17:02:59	28	1	1	0
     1174	2023-08-01 17:03:16	28	1	1	0
     2194	2023-08-01 17:03:22	28	1	1	0
     1041	2023-08-01 17:03:33	28	1	1	0
     1104	2023-08-01 17:04:26	28	1	1	0
      781	2023-08-01 17:05:00	28	1	1	0
      496	2023-08-01 17:05:43	28	1	1	0
      495	2023-08-01 17:07:20	28	1	1	0
     2426	2023-08-01 17:07:50	28	1	1	0
     2426	2023-08-01 17:07:53	28	1	1	0
     1799	2023-08-01 17:08:08	28	1	1	0
     1799	2023-08-01 17:08:10	28	1	1	0
      962	2023-08-01 17:10:03	28	1	1	0
     1872	2023-08-01 17:11:03	28	1	1	0
     2054	2023-08-01 17:11:08	28	1	1	0
      288	2023-08-01 17:12:57	28	1	1	0
      228	2023-08-01 17:14:44	28	1	1	0
      414	2023-08-01 17:20:25	28	1	1	0
     1416	2023-08-01 17:24:42	28	1	1	0
     2888	2023-08-01 17:41:56	28	0	1	0
     2888	2023-08-01 17:42:02	28	1	1	0
      469	2023-08-02 06:48:22	28	0	1	0
      469	2023-08-02 06:48:25	28	0	1	0
      781	2023-08-02 07:15:48	28	0	1	0
      228	2023-08-02 07:32:23	28	0	1	0
     1872	2023-08-02 07:37:15	28	0	1	0
     1799	2023-08-02 07:38:13	28	0	1	0
     1799	2023-08-02 07:38:15	28	0	1	0
     1799	2023-08-02 07:38:16	28	0	1	0
     2054	2023-08-02 07:41:40	28	0	1	0
      108	2023-08-02 07:41:45	28	0	1	0
      960	2023-08-02 07:43:21	28	0	1	0
     2888	2023-08-02 07:44:09	28	0	1	0
     2275	2023-08-02 07:44:13	28	0	1	0
      361	2023-08-02 07:49:35	28	0	1	0
      361	2023-08-02 07:49:38	28	0	1	0
     1041	2023-08-02 07:49:47	28	0	1	0
     2194	2023-08-02 07:49:51	28	0	1	0
      496	2023-08-02 07:50:30	28	0	1	0
     1416	2023-08-02 07:51:27	28	0	1	0
     1174	2023-08-02 07:51:33	28	0	1	0
     1657	2023-08-02 07:51:36	28	0	1	0
     2364	2023-08-02 07:51:55	28	0	1	0
     2364	2023-08-02 07:51:56	28	0	1	0
       87	2023-08-02 07:56:01	28	0	1	0
      466	2023-08-02 07:57:21	28	0	1	0
     1104	2023-08-02 07:58:13	28	0	1	0
      495	2023-08-02 07:59:26	28	0	1	0
      547	2023-08-02 07:59:29	28	0	1	0
      547	2023-08-02 07:59:38	28	0	1	0
     2426	2023-08-02 08:00:14	28	0	1	0
     2426	2023-08-02 08:00:17	28	0	1	0
     2880	2023-08-02 08:01:32	28	0	1	0
      636	2023-08-02 08:06:55	28	0	1	0
      288	2023-08-02 08:10:01	28	0	1	0
      962	2023-08-02 08:11:08	28	0	1	0
      414	2023-08-02 08:20:09	28	0	1	0
     1041	2023-08-02 12:00:39	28	1	1	0
     1799	2023-08-02 12:00:43	28	1	1	0
     1799	2023-08-02 12:00:44	28	1	1	0
     2275	2023-08-02 12:01:09	28	1	1	0
      962	2023-08-02 12:01:39	28	1	1	0
     2364	2023-08-02 12:01:50	28	1	1	0
     2364	2023-08-02 12:01:51	28	1	1	0
     1416	2023-08-02 12:01:55	28	1	1	0
     1416	2023-08-02 12:02:11	28	1	1	0
     1416	2023-08-02 12:02:13	28	1	1	0
      469	2023-08-02 12:02:34	28	1	1	0
     2880	2023-08-02 12:02:45	28	1	1	0
      108	2023-08-02 12:03:00	28	1	1	0
     1799	2023-08-02 12:04:12	28	0	1	0
     2054	2023-08-02 12:04:17	28	1	1	0
       87	2023-08-02 12:04:21	28	1	1	0
      636	2023-08-02 12:04:59	28	1	1	0
      228	2023-08-02 12:05:11	28	1	1	0
      466	2023-08-02 12:05:29	28	1	1	0
     2054	2023-08-02 12:05:44	28	0	1	0
      496	2023-08-02 12:06:01	28	1	1	0
     1104	2023-08-02 12:06:05	28	1	1	0
      228	2023-08-02 12:06:15	28	0	1	0
     1041	2023-08-02 12:06:19	28	0	1	0
       87	2023-08-02 12:07:06	28	0	1	0
      469	2023-08-02 12:07:13	28	0	1	0
      962	2023-08-02 12:07:16	28	0	1	0
      962	2023-08-02 12:07:18	28	0	1	0
     2275	2023-08-02 12:07:43	28	0	1	0
      496	2023-08-02 12:07:49	28	0	1	0
      496	2023-08-02 12:08:03	28	0	1	0
      636	2023-08-02 12:08:12	28	0	1	0
     2194	2023-08-02 12:09:03	28	1	1	0
      108	2023-08-02 12:09:08	28	1	1	0
     2364	2023-08-02 12:09:35	28	0	1	0
     2364	2023-08-02 12:09:36	28	0	1	0
     2194	2023-08-02 12:11:04	28	0	1	0
     1657	2023-08-02 12:11:42	28	1	1	0
     1104	2023-08-02 12:11:54	28	0	1	0
     1174	2023-08-02 12:11:59	28	1	1	0
     1416	2023-08-02 12:12:16	28	0	1	0
      466	2023-08-02 12:13:03	28	0	1	0
     1174	2023-08-02 12:13:15	28	0	1	0
      361	2023-08-02 12:15:11	28	1	1	0
      414	2023-08-02 12:15:14	28	1	1	0
      960	2023-08-02 12:15:29	28	1	1	0
      960	2023-08-02 12:24:26	28	0	1	0
      781	2023-08-02 12:25:42	28	1	1	0
     2880	2023-08-02 12:27:28	28	0	1	0
     1657	2023-08-02 12:32:55	28	0	1	0
      414	2023-08-02 12:33:20	28	1	1	0
     2888	2023-08-02 12:44:35	28	1	1	0
     2888	2023-08-02 12:46:28	28	0	1	0
      466	2023-08-02 12:52:10	28	0	1	0
     2275	2023-08-02 17:00:09	28	1	1	0
     2275	2023-08-02 17:00:11	28	1	1	0
      108	2023-08-02 17:00:12	28	1	1	0
      469	2023-08-02 17:00:17	28	1	1	0
      469	2023-08-02 17:00:20	28	1	1	0
      466	2023-08-02 17:00:26	28	1	1	0
      361	2023-08-02 17:00:30	28	1	1	0
     1657	2023-08-02 17:00:33	28	1	1	0
      960	2023-08-02 17:00:38	28	1	1	0
     1174	2023-08-02 17:00:43	28	1	1	0
     1104	2023-08-02 17:00:47	28	1	1	0
     2194	2023-08-02 17:00:49	28	1	1	0
     2364	2023-08-02 17:00:52	28	1	1	0
     2364	2023-08-02 17:00:53	28	1	1	0
     2880	2023-08-02 17:00:57	28	1	1	0
     2880	2023-08-02 17:00:59	28	1	1	0
      962	2023-08-02 17:01:01	28	1	1	0
      962	2023-08-02 17:01:03	28	1	1	0
      636	2023-08-02 17:01:08	28	1	1	0
      414	2023-08-02 17:01:29	28	1	1	0
      414	2023-08-02 17:01:31	28	1	1	0
      496	2023-08-02 17:02:13	28	1	1	0
      495	2023-08-02 17:02:32	28	1	1	0
      547	2023-08-02 17:02:35	28	1	1	0
      547	2023-08-02 17:02:37	28	1	1	0
     2426	2023-08-02 17:02:44	28	1	1	0
     2426	2023-08-02 17:02:47	28	1	1	0
     1799	2023-08-02 17:02:50	28	1	1	0
       87	2023-08-02 17:02:55	28	1	1	0
     1041	2023-08-02 17:05:03	28	1	1	0
     1872	2023-08-02 17:09:07	28	1	1	0
     1872	2023-08-02 17:10:08	28	1	1	0
     1799	2023-08-02 17:13:36	28	1	1	0
     1799	2023-08-02 17:13:38	28	1	1	0
      228	2023-08-02 17:14:58	28	1	1	0
      781	2023-08-02 17:41:06	28	1	1	0
     2054	2023-08-02 17:53:28	28	1	1	0
     1416	2023-08-02 18:07:06	28	1	1	0
     2888	2023-08-02 18:55:23	28	1	1	0
      496	2023-08-03 06:39:00	28	1	1	0
      781	2023-08-03 06:53:09	28	0	1	0
      469	2023-08-03 07:08:17	28	0	1	0
      469	2023-08-03 07:08:19	28	0	1	0
     1416	2023-08-03 07:08:58	28	0	1	0
     2054	2023-08-03 07:21:37	28	0	1	0
      361	2023-08-03 07:46:05	28	0	1	0
      361	2023-08-03 07:46:10	28	0	1	0
      288	2023-08-03 07:46:26	28	0	1	0
      108	2023-08-03 07:46:59	28	0	1	0
      108	2023-08-03 07:47:07	28	0	1	0
     2880	2023-08-03 07:47:52	28	0	1	0
     1872	2023-08-03 07:48:16	28	0	1	0
     1799	2023-08-03 07:49:09	28	0	1	0
     1799	2023-08-03 07:49:10	28	0	1	0
     2888	2023-08-03 07:51:10	28	0	1	0
     2364	2023-08-03 07:51:35	28	0	1	0
     2364	2023-08-03 07:51:36	28	0	1	0
     1174	2023-08-03 07:51:49	28	0	1	0
     1041	2023-08-03 07:52:03	28	0	1	0
     2194	2023-08-03 07:52:08	28	0	1	0
      107	2023-08-03 07:53:16	28	0	1	0
     2275	2023-08-03 07:54:00	28	0	1	0
      466	2023-08-03 07:55:07	28	0	1	0
      960	2023-08-03 07:55:22	28	0	1	0
      495	2023-08-03 07:55:33	28	0	1	0
     1104	2023-08-03 07:58:27	28	0	1	0
     1657	2023-08-03 08:00:01	28	0	1	0
     1657	2023-08-03 08:00:03	28	0	1	0
       87	2023-08-03 08:00:11	28	0	1	0
       87	2023-08-03 08:00:13	28	0	1	0
      547	2023-08-03 08:00:18	28	0	1	0
      547	2023-08-03 08:00:20	28	0	1	0
      636	2023-08-03 08:02:22	28	0	1	0
     2426	2023-08-03 08:03:58	28	0	1	0
      962	2023-08-03 08:07:52	28	0	1	0
      228	2023-08-03 08:10:58	28	0	1	0
      466	2023-08-03 12:01:11	28	1	1	0
      960	2023-08-03 12:01:19	28	1	1	0
     1872	2023-08-03 12:01:57	28	1	1	0
     2364	2023-08-03 12:02:21	28	1	1	0
     2364	2023-08-03 12:02:22	28	1	1	0
      496	2023-08-03 12:02:50	28	1	1	0
       87	2023-08-03 12:03:08	28	1	1	0
      960	2023-08-03 12:04:20	28	0	1	0
     2364	2023-08-03 12:04:23	28	0	1	0
     2364	2023-08-03 12:04:30	28	0	1	0
     2880	2023-08-03 12:05:02	28	1	1	0
      781	2023-08-03 12:05:54	28	1	1	0
     2054	2023-08-03 12:06:02	28	1	1	0
      228	2023-08-03 12:08:07	28	1	1	0
      466	2023-08-03 12:09:49	28	0	1	0
      228	2023-08-03 12:11:31	28	0	1	0
     1872	2023-08-03 12:12:26	28	0	1	0
       87	2023-08-03 12:14:22	28	0	1	0
     2054	2023-08-03 12:17:55	28	0	1	0
     2880	2023-08-03 12:21:18	28	0	1	0
      108	2023-08-03 12:22:18	28	1	1	0
      108	2023-08-03 12:22:26	28	1	1	0
      496	2023-08-03 12:24:08	28	0	1	0
      781	2023-08-03 12:24:27	28	0	1	0
      414	2023-08-03 12:24:50	28	0	1	0
     2275	2023-08-03 12:33:07	28	1	1	0
     2888	2023-08-03 12:33:14	28	1	1	0
      962	2023-08-03 12:41:39	28	1	1	0
      962	2023-08-03 12:41:40	28	1	1	0
     2275	2023-08-03 12:46:57	28	0	1	0
     2888	2023-08-03 12:47:14	28	0	1	0
      962	2023-08-03 12:47:36	28	0	1	0
      962	2023-08-03 12:47:37	28	0	1	0
      108	2023-08-03 12:57:37	28	0	1	0
      466	2023-08-03 17:01:05	28	1	1	0
      960	2023-08-03 17:01:15	28	1	1	0
     2194	2023-08-03 17:01:19	28	1	1	0
     1041	2023-08-03 17:01:23	28	1	1	0
      547	2023-08-03 17:01:29	28	1	1	0
      547	2023-08-03 17:01:30	28	1	1	0
     1799	2023-08-03 17:03:15	28	1	1	0
     1799	2023-08-03 17:03:16	28	1	1	0
     1799	2023-08-03 17:03:18	28	1	1	0
     2426	2023-08-03 17:04:00	28	1	1	0
     2426	2023-08-03 17:04:03	28	1	1	0
      636	2023-08-03 17:04:32	28	1	1	0
      108	2023-08-03 17:05:18	28	1	1	0
     2364	2023-08-03 17:05:36	28	1	1	0
     2364	2023-08-03 17:05:37	28	1	1	0
      496	2023-08-03 17:05:59	28	1	1	0
      962	2023-08-03 17:06:22	28	1	1	0
      962	2023-08-03 17:06:25	28	1	1	0
      288	2023-08-03 17:06:30	28	1	1	0
      781	2023-08-03 17:07:06	28	1	1	0
     1416	2023-08-03 17:07:42	28	1	1	0
     1799	2023-08-03 17:07:59	28	1	1	0
     2880	2023-08-03 17:08:05	28	1	1	0
     2880	2023-08-03 17:08:08	28	1	1	0
      495	2023-08-03 17:08:39	28	1	1	0
     1872	2023-08-03 17:10:24	28	1	1	0
     1872	2023-08-03 17:10:31	28	1	1	0
     2275	2023-08-03 17:11:36	28	1	1	0
      414	2023-08-03 17:12:13	28	1	1	0
       87	2023-08-03 17:13:36	28	1	1	0
       87	2023-08-03 17:13:38	28	1	1	0
     2054	2023-08-03 17:22:28	28	1	1	0
     1657	2023-08-03 17:24:54	28	1	1	0
     1104	2023-08-03 17:24:58	28	1	1	0
     1174	2023-08-03 17:25:01	28	1	1	0
      361	2023-08-03 17:27:21	28	1	1	0
     2888	2023-08-03 17:42:26	28	1	1	0
      228	2023-08-03 18:14:54	28	1	1	0
      469	2023-08-03 21:00:00	28	1	1	0
      469	2023-08-03 21:00:03	28	1	1	0
      547	2023-08-04 05:44:21	28	0	1	0
      547	2023-08-04 05:44:23	28	0	1	0
      496	2023-08-04 07:11:56	28	0	1	0
      107	2023-08-04 07:39:11	28	0	1	0
     1872	2023-08-04 07:40:03	28	0	1	0
     2054	2023-08-04 07:42:39	28	0	1	0
     1799	2023-08-04 07:42:44	28	0	1	0
     1799	2023-08-04 07:42:45	28	0	1	0
      781	2023-08-04 07:44:18	28	0	1	0
     2880	2023-08-04 07:45:06	28	0	1	0
      361	2023-08-04 07:47:47	28	0	1	0
      361	2023-08-04 07:47:50	28	0	1	0
     1104	2023-08-04 07:48:10	28	0	1	0
      960	2023-08-04 07:49:54	28	0	1	0
     2275	2023-08-04 07:51:58	28	0	1	0
     2888	2023-08-04 07:52:15	28	0	1	0
     1416	2023-08-04 07:53:34	28	0	1	0
     1041	2023-08-04 07:55:12	28	0	1	0
     2194	2023-08-04 07:55:17	28	0	1	0
      414	2023-08-04 07:56:12	28	0	1	0
       87	2023-08-04 07:56:25	28	0	1	0
      466	2023-08-04 07:59:10	28	0	1	0
      636	2023-08-04 08:00:14	28	0	1	0
      636	2023-08-04 08:00:16	28	0	1	0
     2364	2023-08-04 08:00:26	28	0	1	0
     2364	2023-08-04 08:00:27	28	0	1	0
      495	2023-08-04 08:00:56	28	0	1	0
     2426	2023-08-04 08:04:54	28	0	1	0
     2426	2023-08-04 08:04:57	28	0	1	0
      288	2023-08-04 08:05:25	28	0	1	0
      962	2023-08-04 08:06:12	28	0	1	0
      469	2023-08-04 08:11:34	28	0	1	0
      469	2023-08-04 08:11:36	28	0	1	0
      108	2023-08-04 08:14:17	28	0	1	0
      108	2023-08-04 08:14:43	28	0	1	0
     1657	2023-08-04 08:16:17	28	0	1	0
      228	2023-08-04 08:18:14	28	0	1	0
     1174	2023-08-04 08:37:46	28	0	1	0
      636	2023-08-04 11:21:43	28	1	1	0
      361	2023-08-04 12:01:04	28	1	1	0
     1872	2023-08-04 12:01:17	28	1	1	0
     2888	2023-08-04 12:01:28	28	1	1	0
     2364	2023-08-04 12:01:45	28	1	1	0
     2364	2023-08-04 12:01:46	28	1	1	0
     1174	2023-08-04 12:01:50	28	1	1	0
      496	2023-08-04 12:02:06	28	1	1	0
      361	2023-08-04 12:03:05	28	0	1	0
      496	2023-08-04 12:03:13	28	0	1	0
     1174	2023-08-04 12:03:18	28	0	1	0
     1872	2023-08-04 12:03:22	28	0	1	0
      781	2023-08-04 12:03:28	28	1	1	0
     2888	2023-08-04 12:04:26	28	0	1	0
     2364	2023-08-04 12:04:41	28	0	1	0
     2364	2023-08-04 12:04:42	28	0	1	0
      781	2023-08-04 12:05:14	28	0	1	0
       87	2023-08-04 12:05:59	28	1	1	0
       87	2023-08-04 12:06:02	28	1	1	0
     2054	2023-08-04 12:06:22	28	1	1	0
       87	2023-08-04 12:09:31	28	0	1	0
     1657	2023-08-04 12:16:02	28	1	1	0
     2054	2023-08-04 12:16:22	28	0	1	0
      960	2023-08-04 12:17:52	28	1	1	0
     2880	2023-08-04 12:21:32	28	1	1	0
      414	2023-08-04 12:25:05	28	1	1	0
     1657	2023-08-04 12:25:22	28	0	1	0
      960	2023-08-04 12:25:56	28	0	1	0
      228	2023-08-04 12:29:17	28	1	1	0
      962	2023-08-04 12:29:57	28	1	1	0
      962	2023-08-04 12:29:58	28	1	1	0
      228	2023-08-04 12:30:09	28	0	1	0
      962	2023-08-04 12:31:16	28	0	1	0
      962	2023-08-04 12:31:18	28	0	1	0
      414	2023-08-04 12:40:38	28	1	1	0
      414	2023-08-04 12:41:05	28	0	1	0
     2880	2023-08-04 12:41:10	28	0	1	0
     1416	2023-08-04 12:53:49	28	1	1	0
     1416	2023-08-04 12:56:48	28	0	1	0
      288	2023-08-04 12:58:12	28	1	1	0
      469	2023-08-04 17:00:51	28	1	1	0
      469	2023-08-04 17:00:53	28	1	1	0
      466	2023-08-04 17:01:03	28	1	1	0
      466	2023-08-04 17:01:07	28	1	1	0
     1799	2023-08-04 17:01:55	28	1	1	0
     1799	2023-08-04 17:01:56	28	1	1	0
     1657	2023-08-04 17:02:35	28	1	1	0
     2275	2023-08-04 17:02:38	28	1	1	0
     2275	2023-08-04 17:02:40	28	1	1	0
      960	2023-08-04 17:02:54	28	1	1	0
     1174	2023-08-04 17:03:12	28	1	1	0
     1799	2023-08-04 17:03:28	28	1	1	0
     1799	2023-08-04 17:03:29	28	1	1	0
      781	2023-08-04 17:03:40	28	1	1	0
      962	2023-08-04 17:03:52	28	1	1	0
      962	2023-08-04 17:03:53	28	1	1	0
     1872	2023-08-04 17:04:01	28	1	1	0
     2426	2023-08-04 17:04:39	28	1	1	0
     2364	2023-08-04 17:04:41	28	1	1	0
     2364	2023-08-04 17:04:42	28	1	1	0
     2880	2023-08-04 17:04:47	28	1	1	0
     2880	2023-08-04 17:04:51	28	1	1	0
      108	2023-08-04 17:06:02	28	1	1	0
     1041	2023-08-04 17:06:23	28	1	1	0
     2194	2023-08-04 17:06:27	28	1	1	0
      496	2023-08-04 17:06:30	28	1	1	0
      496	2023-08-04 17:06:32	28	1	1	0
     2054	2023-08-04 17:06:51	28	1	1	0
      547	2023-08-04 17:07:00	28	1	1	0
      547	2023-08-04 17:07:03	28	1	1	0
      547	2023-08-04 17:07:19	28	1	1	0
      495	2023-08-04 17:07:24	28	1	1	0
       87	2023-08-04 17:07:29	28	1	1	0
       87	2023-08-04 17:07:31	28	1	1	0
      414	2023-08-04 17:16:43	28	1	1	0
     2054	2023-08-04 17:17:04	28	1	1	0
      107	2023-08-04 17:18:04	28	1	1	0
     1416	2023-08-04 17:28:16	28	1	1	0
      228	2023-08-04 17:38:49	28	1	1	0
      361	2023-08-04 17:40:44	28	1	1	0
     1104	2023-08-04 17:53:01	28	1	1	0
     2888	2023-08-04 17:54:30	28	1	1	0
      469	2023-08-07 06:52:23	28	0	1	0
      469	2023-08-07 06:52:25	28	0	1	0
      496	2023-08-07 07:07:45	28	0	1	0
      781	2023-08-07 07:28:37	28	0	1	0
     1872	2023-08-07 07:38:10	28	0	1	0
     2880	2023-08-07 07:38:37	28	0	1	0
     1799	2023-08-07 07:39:11	28	0	1	0
     1799	2023-08-07 07:39:12	28	0	1	0
      905	2023-08-07 07:40:40	28	0	1	0
      107	2023-08-07 07:43:04	28	0	1	0
      466	2023-08-07 07:51:57	28	0	1	0
     2275	2023-08-07 07:53:17	28	0	1	0
     2275	2023-08-07 07:53:24	28	0	1	0
     1104	2023-08-07 07:54:04	28	0	1	0
      361	2023-08-07 07:54:20	28	0	1	0
      361	2023-08-07 07:54:23	28	0	1	0
     2364	2023-08-07 07:55:58	28	0	1	0
     2364	2023-08-07 07:55:59	28	0	1	0
     1174	2023-08-07 07:56:07	28	0	1	0
     2888	2023-08-07 07:56:19	28	0	1	0
      495	2023-08-07 07:56:39	28	0	1	0
      495	2023-08-07 07:56:41	28	0	1	0
     1041	2023-08-07 07:59:24	28	0	1	0
     2194	2023-08-07 07:59:28	28	0	1	0
      636	2023-08-07 07:59:36	28	0	1	0
      960	2023-08-07 07:59:44	28	0	1	0
     1416	2023-08-07 08:00:21	28	0	1	0
     2054	2023-08-07 08:02:04	28	0	1	0
       87	2023-08-07 08:02:17	28	0	1	0
      547	2023-08-07 08:02:29	28	0	1	0
      547	2023-08-07 08:02:30	28	0	1	0
      962	2023-08-07 08:02:34	28	0	1	0
      962	2023-08-07 08:02:36	28	0	1	0
      414	2023-08-07 08:03:53	28	0	1	0
      108	2023-08-07 08:04:05	28	0	1	0
     2426	2023-08-07 08:05:05	28	0	1	0
     2426	2023-08-07 08:05:08	28	0	1	0
      228	2023-08-07 08:05:14	28	0	1	0
     1657	2023-08-07 08:05:28	28	0	1	0
      288	2023-08-07 08:06:59	28	0	1	0
     2880	2023-08-07 12:04:27	28	1	1	0
       87	2023-08-07 12:05:31	28	1	1	0
      496	2023-08-07 12:10:13	28	1	1	0
       87	2023-08-07 12:10:50	28	1	1	0
       87	2023-08-07 12:10:53	28	1	1	0
     1657	2023-08-07 12:11:20	28	1	1	0
      960	2023-08-07 12:11:41	28	1	1	0
     1174	2023-08-07 12:11:44	28	1	1	0
     1174	2023-08-07 12:12:36	28	0	1	0
     1872	2023-08-07 12:15:28	28	1	1	0
     1799	2023-08-07 12:15:57	28	1	1	0
      496	2023-08-07 12:18:32	28	0	1	0
     1416	2023-08-07 12:18:49	28	1	1	0
      960	2023-08-07 12:19:15	28	0	1	0
     1657	2023-08-07 12:20:20	28	0	1	0
     2880	2023-08-07 12:22:56	28	0	1	0
     1416	2023-08-07 12:23:18	28	0	1	0
      414	2023-08-07 12:24:10	28	1	1	0
       87	2023-08-07 12:25:17	28	0	1	0
     1872	2023-08-07 12:27:37	28	0	1	0
      781	2023-08-07 12:28:39	28	1	1	0
     2888	2023-08-07 12:30:24	28	1	1	0
     1799	2023-08-07 12:31:44	28	0	1	0
      905	2023-08-07 12:34:58	28	1	1	0
      414	2023-08-07 12:37:32	28	0	1	0
     2364	2023-08-07 12:41:06	28	1	1	0
     2364	2023-08-07 12:41:07	28	1	1	0
      228	2023-08-07 12:41:45	28	1	1	0
      962	2023-08-07 12:41:56	28	1	1	0
      962	2023-08-07 12:41:58	28	1	1	0
      228	2023-08-07 12:42:08	28	0	1	0
      905	2023-08-07 12:43:24	28	0	1	0
      962	2023-08-07 12:44:02	28	0	1	0
      962	2023-08-07 12:44:03	28	0	1	0
     2888	2023-08-07 12:47:08	28	0	1	0
     2364	2023-08-07 12:47:19	28	0	1	0
     2364	2023-08-07 12:47:22	28	0	1	0
     2275	2023-08-07 12:49:59	28	1	1	0
     1799	2023-08-07 12:50:23	28	0	1	0
      781	2023-08-07 12:50:31	28	0	1	0
     1104	2023-08-07 12:51:25	28	1	1	0
     1104	2023-08-07 12:52:02	28	0	1	0
     2275	2023-08-07 12:53:05	28	0	1	0
      107	2023-08-07 12:59:32	28	1	1	0
      107	2023-08-07 13:00:03	28	0	1	0
     1041	2023-08-07 17:00:34	28	1	1	0
     2275	2023-08-07 17:00:38	28	1	1	0
     2364	2023-08-07 17:00:40	28	1	1	0
      469	2023-08-07 17:00:43	28	1	1	0
      469	2023-08-07 17:00:45	28	1	1	0
      495	2023-08-07 17:00:49	28	1	1	0
     2194	2023-08-07 17:00:54	28	1	1	0
      466	2023-08-07 17:01:08	28	1	1	0
     1174	2023-08-07 17:01:22	28	1	1	0
     1104	2023-08-07 17:01:31	28	1	1	0
      960	2023-08-07 17:01:38	28	1	1	0
     1872	2023-08-07 17:01:42	28	1	1	0
      466	2023-08-07 17:01:46	28	1	1	0
     2880	2023-08-07 17:02:03	28	1	1	0
     2880	2023-08-07 17:02:05	28	1	1	0
      905	2023-08-07 17:02:09	28	1	1	0
     1657	2023-08-07 17:02:13	28	1	1	0
      108	2023-08-07 17:02:21	28	1	1	0
      361	2023-08-07 17:02:25	28	1	1	0
     1416	2023-08-07 17:02:33	28	1	1	0
      636	2023-08-07 17:03:06	28	1	1	0
     2426	2023-08-07 17:03:13	28	1	1	0
     2426	2023-08-07 17:03:16	28	1	1	0
       87	2023-08-07 17:03:20	28	1	1	0
      962	2023-08-07 17:03:25	28	1	1	0
      962	2023-08-07 17:03:26	28	1	1	0
      781	2023-08-07 17:03:36	28	1	1	0
     2888	2023-08-07 17:04:38	28	1	1	0
      496	2023-08-07 17:04:56	28	1	1	0
      228	2023-08-07 17:05:40	28	1	1	0
      107	2023-08-07 17:05:44	28	1	1	0
      414	2023-08-07 17:05:58	28	1	1	0
     2054	2023-08-07 17:09:37	28	1	1	0
      547	2023-08-07 17:31:39	28	1	1	0
      547	2023-08-07 17:31:40	28	1	1	0
     1799	2023-08-07 17:42:49	28	1	1	0
     1799	2023-08-07 17:42:51	28	1	1	0
     1799	2023-08-07 17:42:52	28	1	1	0
      288	2023-08-07 19:44:42	28	1	1	0
      781	2023-08-08 06:19:24	28	0	1	0
       87	2023-08-08 06:28:34	28	0	1	0
       87	2023-08-08 06:28:36	28	0	1	0
     2426	2023-08-08 06:34:25	28	0	1	0
     2426	2023-08-08 06:34:29	28	0	1	0
     1872	2023-08-08 06:35:06	28	0	1	0
     1872	2023-08-08 06:35:44	28	0	1	0
     1174	2023-08-08 06:40:07	28	0	1	0
     1104	2023-08-08 06:40:10	28	0	1	0
      469	2023-08-08 06:51:47	28	0	1	0
      469	2023-08-08 06:51:49	28	0	1	0
      496	2023-08-08 07:04:20	28	0	1	0
      108	2023-08-08 07:47:17	28	0	1	0
     2054	2023-08-08 07:47:20	28	0	1	0
      107	2023-08-08 07:47:59	28	0	1	0
     2880	2023-08-08 07:49:07	28	0	1	0
      905	2023-08-08 07:49:10	28	0	1	0
     2275	2023-08-08 07:50:33	28	0	1	0
      361	2023-08-08 07:50:47	28	0	1	0
      361	2023-08-08 07:50:53	28	0	1	0
      547	2023-08-08 07:53:29	28	0	1	0
     2888	2023-08-08 07:53:46	28	0	1	0
     1041	2023-08-08 07:55:06	28	0	1	0
     2194	2023-08-08 07:55:11	28	0	1	0
     1657	2023-08-08 07:55:16	28	0	1	0
     2364	2023-08-08 07:56:30	28	0	1	0
     2364	2023-08-08 07:56:32	28	0	1	0
     1416	2023-08-08 07:58:00	28	0	1	0
      466	2023-08-08 07:58:56	28	0	1	0
      495	2023-08-08 07:59:16	28	0	1	0
      636	2023-08-08 08:01:45	28	0	1	0
      962	2023-08-08 08:06:25	28	0	1	0
      228	2023-08-08 08:12:54	28	0	1	0
      288	2023-08-08 08:15:15	28	0	1	0
     2194	2023-08-08 12:01:03	28	1	1	0
     1872	2023-08-08 12:03:42	28	1	1	0
     2194	2023-08-08 12:04:26	28	0	1	0
     1416	2023-08-08 12:09:26	28	1	1	0
     2364	2023-08-08 12:10:02	28	1	1	0
     2364	2023-08-08 12:10:03	28	1	1	0
     2880	2023-08-08 12:10:15	28	1	1	0
     2364	2023-08-08 12:14:16	28	0	1	0
     2364	2023-08-08 12:14:17	28	0	1	0
     2364	2023-08-08 12:14:19	28	0	1	0
      636	2023-08-08 12:14:25	28	1	1	0
     1657	2023-08-08 12:14:52	28	1	1	0
      636	2023-08-08 12:15:03	28	0	1	0
     1872	2023-08-08 12:15:06	28	0	1	0
      905	2023-08-08 12:16:40	28	1	1	0
      466	2023-08-08 12:19:18	28	1	1	0
      496	2023-08-08 12:19:22	28	1	1	0
      496	2023-08-08 12:19:28	28	1	1	0
      361	2023-08-08 12:19:39	28	1	1	0
      108	2023-08-08 12:20:08	28	1	1	0
      361	2023-08-08 12:21:43	28	0	1	0
     2054	2023-08-08 12:22:22	28	1	1	0
     1416	2023-08-08 12:22:36	28	0	1	0
      495	2023-08-08 12:23:20	28	1	1	0
      496	2023-08-08 12:23:31	28	0	1	0
      496	2023-08-08 12:23:33	28	0	1	0
      905	2023-08-08 12:23:40	28	0	1	0
      547	2023-08-08 12:24:45	28	1	1	0
      547	2023-08-08 12:24:47	28	1	1	0
      547	2023-08-08 12:26:59	28	0	1	0
      495	2023-08-08 12:28:15	28	0	1	0
      466	2023-08-08 12:30:03	28	0	1	0
     1657	2023-08-08 12:30:10	28	0	1	0
      905	2023-08-08 12:31:12	28	0	1	0
     2880	2023-08-08 12:32:39	28	0	1	0
      108	2023-08-08 12:42:08	28	0	1	0
      547	2023-08-08 12:42:10	28	0	1	0
      547	2023-08-08 12:42:12	28	0	1	0
     2054	2023-08-08 12:42:38	28	0	1	0
     2888	2023-08-08 12:45:29	28	1	1	0
       87	2023-08-08 12:49:43	28	1	1	0
     2888	2023-08-08 12:50:01	28	0	1	0
       87	2023-08-08 12:57:08	28	0	1	0
      466	2023-08-08 17:01:17	28	1	1	0
      466	2023-08-08 17:01:24	28	1	1	0
     2364	2023-08-08 17:01:34	28	1	1	0
     2364	2023-08-08 17:01:35	28	1	1	0
      361	2023-08-08 17:01:46	28	1	1	0
     1657	2023-08-08 17:01:50	28	1	1	0
      469	2023-08-08 17:01:54	28	1	1	0
      469	2023-08-08 17:01:55	28	1	1	0
      905	2023-08-08 17:02:00	28	1	1	0
     1174	2023-08-08 17:02:04	28	1	1	0
     1872	2023-08-08 17:02:10	28	1	1	0
     2880	2023-08-08 17:02:15	28	1	1	0
     2880	2023-08-08 17:02:18	28	1	1	0
      108	2023-08-08 17:02:45	28	1	1	0
      636	2023-08-08 17:02:54	28	1	1	0
      547	2023-08-08 17:03:55	28	1	1	0
     1041	2023-08-08 17:05:05	28	1	1	0
      496	2023-08-08 17:08:43	28	1	1	0
      962	2023-08-08 17:17:48	28	1	1	0
      962	2023-08-08 17:17:50	28	1	1	0
       87	2023-08-08 17:17:59	28	1	1	0
     2275	2023-08-08 17:21:50	28	1	1	0
     2194	2023-08-08 17:24:55	28	1	1	0
     1416	2023-08-08 17:25:01	28	1	1	0
     1104	2023-08-08 17:26:06	28	1	1	0
     2054	2023-08-08 17:26:15	28	1	1	0
      228	2023-08-08 17:28:20	28	1	1	0
      495	2023-08-08 17:36:56	28	1	1	0
      288	2023-08-08 17:44:15	28	1	1	0
     2888	2023-08-08 18:02:43	28	1	1	0
      781	2023-08-08 18:11:54	28	1	1	0
      107	2023-08-08 18:26:51	28	1	1	0
     2426	2023-08-08 19:47:28	28	1	1	0
     2426	2023-08-08 19:47:31	28	1	1	0
      781	2023-08-09 06:24:44	28	0	1	0
      469	2023-08-09 06:53:45	28	0	1	0
      469	2023-08-09 06:53:47	28	0	1	0
      107	2023-08-09 07:18:41	28	0	1	0
      107	2023-08-09 07:18:52	28	0	1	0
      496	2023-08-09 07:19:31	28	0	1	0
      228	2023-08-09 07:29:05	28	0	1	0
      288	2023-08-09 07:39:54	28	0	1	0
      960	2023-08-09 07:46:29	28	0	1	0
     1872	2023-08-09 07:48:11	28	0	1	0
     1799	2023-08-09 07:48:52	28	0	1	0
     1799	2023-08-09 07:48:53	28	0	1	0
     2275	2023-08-09 07:50:21	28	0	1	0
     2888	2023-08-09 07:50:30	28	0	1	0
     2880	2023-08-09 07:52:08	28	0	1	0
      466	2023-08-09 07:52:23	28	0	1	0
      547	2023-08-09 07:52:34	28	0	1	0
      547	2023-08-09 07:52:35	28	0	1	0
      361	2023-08-09 07:53:05	28	0	1	0
      361	2023-08-09 07:53:08	28	0	1	0
     1041	2023-08-09 07:55:41	28	0	1	0
     2194	2023-08-09 07:55:46	28	0	1	0
      108	2023-08-09 07:57:48	28	0	1	0
     1657	2023-08-09 07:58:12	28	0	1	0
      962	2023-08-09 07:58:14	28	0	1	0
      962	2023-08-09 07:58:15	28	0	1	0
     2364	2023-08-09 07:58:22	28	0	1	0
     2364	2023-08-09 07:58:23	28	0	1	0
       87	2023-08-09 07:58:36	28	0	1	0
     1416	2023-08-09 08:00:37	28	0	1	0
     1174	2023-08-09 08:00:40	28	0	1	0
      495	2023-08-09 08:02:59	28	0	1	0
     2054	2023-08-09 08:04:00	28	0	1	0
      636	2023-08-09 08:04:17	28	0	1	0
     1104	2023-08-09 08:09:38	28	0	1	0
      905	2023-08-09 08:16:43	28	0	1	0
      414	2023-08-09 08:37:04	28	0	1	0
      414	2023-08-09 08:37:06	28	0	1	0
      361	2023-08-09 12:01:05	28	1	1	0
      361	2023-08-09 12:03:08	28	0	1	0
     2364	2023-08-09 12:07:14	28	1	1	0
     2364	2023-08-09 12:07:15	28	1	1	0
     2364	2023-08-09 12:11:24	28	0	1	0
     2364	2023-08-09 12:11:25	28	0	1	0
      496	2023-08-09 12:17:30	28	1	1	0
      495	2023-08-09 12:17:48	28	1	1	0
      495	2023-08-09 12:21:05	28	0	1	0
     1416	2023-08-09 12:24:56	28	1	1	0
     1416	2023-08-09 12:31:39	28	0	1	0
      496	2023-08-09 12:37:24	28	0	1	0
      469	2023-08-09 17:01:09	28	1	1	0
      469	2023-08-09 17:01:10	28	1	1	0
      361	2023-08-09 17:01:14	28	1	1	0
     2194	2023-08-09 17:01:18	28	1	1	0
     2364	2023-08-09 17:01:23	28	1	1	0
     2364	2023-08-09 17:01:24	28	1	1	0
      495	2023-08-09 17:01:31	28	1	1	0
     1041	2023-08-09 17:01:35	28	1	1	0
      960	2023-08-09 17:01:40	28	1	1	0
     1174	2023-08-09 17:01:46	28	1	1	0
     1657	2023-08-09 17:01:50	28	1	1	0
      466	2023-08-09 17:02:02	28	1	1	0
      466	2023-08-09 17:02:06	28	1	1	0
     2880	2023-08-09 17:02:10	28	1	1	0
     2880	2023-08-09 17:02:13	28	1	1	0
     1416	2023-08-09 17:02:17	28	1	1	0
      108	2023-08-09 17:02:22	28	1	1	0
      496	2023-08-09 17:03:00	28	1	1	0
      636	2023-08-09 17:03:19	28	1	1	0
     1799	2023-08-09 17:03:24	28	1	1	0
      547	2023-08-09 17:03:28	28	1	1	0
     1799	2023-08-09 17:03:30	28	1	1	0
      547	2023-08-09 17:03:38	28	1	1	0
      414	2023-08-09 17:03:41	28	1	1	0
     1872	2023-08-09 17:04:09	28	1	1	0
      414	2023-08-09 17:04:24	28	1	1	0
     2054	2023-08-09 17:05:18	28	1	1	0
       87	2023-08-09 17:05:33	28	1	1	0
       87	2023-08-09 17:05:36	28	1	1	0
      107	2023-08-09 17:11:46	28	1	1	0
      781	2023-08-09 17:15:28	28	0	1	0
      781	2023-08-09 17:15:32	28	1	1	0
     2275	2023-08-09 17:17:20	28	1	1	0
      962	2023-08-09 17:21:50	28	1	1	0
      962	2023-08-09 17:21:51	28	1	1	0
      962	2023-08-09 17:25:29	28	1	1	0
      962	2023-08-09 17:25:30	28	1	1	0
      905	2023-08-09 17:50:58	28	1	1	0
     2888	2023-08-09 17:51:02	28	1	1	0
     1104	2023-08-09 17:55:36	28	1	1	0
      228	2023-08-09 18:31:59	28	1	1	0
      288	2023-08-09 18:46:20	28	1	1	0
      414	2023-08-10 06:57:48	28	0	1	0
      414	2023-08-10 06:57:49	28	0	1	0
      781	2023-08-10 07:23:15	28	0	1	0
     2054	2023-08-10 07:30:14	28	0	1	0
     2888	2023-08-10 07:46:26	28	0	1	0
     1104	2023-08-10 07:46:29	28	0	1	0
     2275	2023-08-10 07:46:35	28	0	1	0
     1872	2023-08-10 07:47:55	28	0	1	0
     1799	2023-08-10 07:48:39	28	0	1	0
     1799	2023-08-10 07:48:41	28	0	1	0
      361	2023-08-10 07:50:02	28	0	1	0
     2880	2023-08-10 07:50:07	28	0	1	0
      960	2023-08-10 07:50:15	28	0	1	0
     2194	2023-08-10 07:53:41	28	0	1	0
     1041	2023-08-10 07:53:44	28	0	1	0
     2364	2023-08-10 07:53:50	28	0	1	0
     2364	2023-08-10 07:53:55	28	0	1	0
      107	2023-08-10 07:54:14	28	0	1	0
      905	2023-08-10 07:57:38	28	0	1	0
       87	2023-08-10 07:57:54	28	0	1	0
     1657	2023-08-10 07:58:36	28	0	1	0
      547	2023-08-10 07:59:54	28	0	1	0
      547	2023-08-10 07:59:56	28	0	1	0
      469	2023-08-10 08:00:08	28	0	1	0
      469	2023-08-10 08:00:10	28	0	1	0
      466	2023-08-10 08:00:27	28	0	1	0
     2426	2023-08-10 08:00:31	28	0	1	0
     2426	2023-08-10 08:00:34	28	0	1	0
      288	2023-08-10 08:02:59	28	0	1	0
      495	2023-08-10 08:03:04	28	0	1	0
     1416	2023-08-10 08:03:07	28	0	1	0
     1416	2023-08-10 08:03:09	28	0	1	0
      108	2023-08-10 08:09:55	28	0	1	0
      228	2023-08-10 08:11:58	28	0	1	0
      962	2023-08-10 08:12:00	28	0	1	0
      496	2023-08-10 08:17:47	28	0	1	0
      228	2023-08-10 12:00:06	28	1	1	0
       87	2023-08-10 12:00:11	28	1	1	0
      228	2023-08-10 12:01:12	28	0	1	0
      781	2023-08-10 12:01:28	28	1	1	0
     2364	2023-08-10 12:01:50	28	1	1	0
     2364	2023-08-10 12:01:52	28	1	1	0
      960	2023-08-10 12:01:56	28	1	1	0
     2364	2023-08-10 12:03:42	28	0	1	0
     2364	2023-08-10 12:03:43	28	0	1	0
      960	2023-08-10 12:03:47	28	0	1	0
      496	2023-08-10 12:04:43	28	1	1	0
      466	2023-08-10 12:06:03	28	1	1	0
     1416	2023-08-10 12:07:00	28	1	1	0
     2275	2023-08-10 12:07:04	28	1	1	0
     2054	2023-08-10 12:10:01	28	1	1	0
     1657	2023-08-10 12:13:53	28	1	1	0
      361	2023-08-10 12:13:56	28	1	1	0
     1416	2023-08-10 12:15:08	28	0	1	0
       87	2023-08-10 12:16:22	28	0	1	0
      361	2023-08-10 12:17:48	28	0	1	0
      496	2023-08-10 12:18:26	28	0	1	0
      466	2023-08-10 12:18:54	28	0	1	0
      781	2023-08-10 12:19:02	28	0	1	0
     1872	2023-08-10 12:19:10	28	1	1	0
     2054	2023-08-10 12:20:22	28	0	1	0
     1657	2023-08-10 12:25:33	28	0	1	0
     1104	2023-08-10 12:25:47	28	1	1	0
     1104	2023-08-10 12:26:02	28	0	1	0
      469	2023-08-10 12:36:54	28	1	1	0
     1872	2023-08-10 12:38:44	28	0	1	0
      469	2023-08-10 12:41:34	28	0	1	0
      469	2023-08-10 17:00:03	28	1	1	0
      469	2023-08-10 17:00:05	28	1	1	0
     1041	2023-08-10 17:00:47	28	1	1	0
      905	2023-08-10 17:00:50	28	1	1	0
     2888	2023-08-10 17:00:53	28	1	1	0
     2194	2023-08-10 17:01:02	28	1	1	0
      960	2023-08-10 17:01:07	28	1	1	0
     1657	2023-08-10 17:01:09	28	1	1	0
      414	2023-08-10 17:01:31	28	1	1	0
      547	2023-08-10 17:01:43	28	1	1	0
      547	2023-08-10 17:01:44	28	1	1	0
     2426	2023-08-10 17:01:49	28	1	1	0
     2426	2023-08-10 17:01:52	28	1	1	0
      108	2023-08-10 17:02:01	28	1	1	0
     1104	2023-08-10 17:02:07	28	1	1	0
     1799	2023-08-10 17:02:13	28	1	1	0
     1799	2023-08-10 17:02:15	28	1	1	0
      781	2023-08-10 17:02:21	28	1	1	0
       87	2023-08-10 17:02:33	28	1	1	0
      466	2023-08-10 17:02:43	28	1	1	0
     2364	2023-08-10 17:03:03	28	1	1	0
     2364	2023-08-10 17:03:07	28	1	1	0
     1872	2023-08-10 17:03:11	28	1	1	0
     2880	2023-08-10 17:03:19	28	1	1	0
     2880	2023-08-10 17:03:24	28	1	1	0
     2912	2023-08-10 17:04:06	28	1	1	0
      414	2023-08-10 17:04:10	28	1	1	0
      496	2023-08-10 17:05:40	28	1	1	0
      228	2023-08-10 17:07:08	28	1	1	0
      361	2023-08-10 17:08:56	28	1	1	0
     2054	2023-08-10 17:10:57	28	1	1	0
      962	2023-08-10 17:11:52	28	1	1	0
      962	2023-08-10 17:11:53	28	1	1	0
     2275	2023-08-10 17:12:15	28	1	1	0
     1416	2023-08-10 17:13:44	28	1	1	0
      107	2023-08-10 17:19:54	28	1	1	0
      495	2023-08-10 18:56:52	28	1	1	0
      288	2023-08-10 20:07:53	28	1	1	0
      547	2023-08-11 06:06:22	28	0	1	0
      547	2023-08-11 06:06:24	28	0	1	0
      781	2023-08-11 06:17:56	28	0	1	0
      469	2023-08-11 06:53:58	28	0	1	0
      469	2023-08-11 06:54:00	28	0	1	0
      960	2023-08-11 07:22:42	28	0	1	0
      288	2023-08-11 07:35:36	28	0	1	0
     1872	2023-08-11 07:42:28	28	0	1	0
     1799	2023-08-11 07:44:41	28	0	1	0
      108	2023-08-11 07:47:03	28	0	1	0
      496	2023-08-11 07:50:05	28	0	1	0
     2888	2023-08-11 07:51:41	28	0	1	0
      905	2023-08-11 07:51:43	28	0	1	0
     2880	2023-08-11 07:52:00	28	0	1	0
     1041	2023-08-11 07:53:01	28	0	1	0
      107	2023-08-11 07:53:05	28	0	1	0
     2194	2023-08-11 07:53:09	28	0	1	0
     2275	2023-08-11 07:55:27	28	0	1	0
      361	2023-08-11 07:55:53	28	0	1	0
      466	2023-08-11 07:56:50	28	0	1	0
       87	2023-08-11 07:56:54	28	0	1	0
      414	2023-08-11 07:57:21	28	0	1	0
      414	2023-08-11 07:57:23	28	0	1	0
      636	2023-08-11 07:58:31	28	0	1	0
     1416	2023-08-11 07:58:42	28	0	1	0
     2426	2023-08-11 07:58:47	28	0	1	0
     2426	2023-08-11 07:58:50	28	0	1	0
     1657	2023-08-11 07:58:52	28	0	1	0
     2912	2023-08-11 07:59:43	28	0	1	0
     2364	2023-08-11 08:00:46	28	0	1	0
     2364	2023-08-11 08:00:49	28	0	1	0
     1104	2023-08-11 08:04:16	28	0	1	0
     2054	2023-08-11 08:04:53	28	0	1	0
      495	2023-08-11 08:12:03	28	0	1	0
      962	2023-08-11 08:14:11	28	0	1	0
      228	2023-08-11 08:42:12	28	0	1	0
      496	2023-08-11 12:01:22	28	1	1	0
     1799	2023-08-11 12:04:23	28	1	1	0
     1872	2023-08-11 12:06:45	28	1	1	0
     1416	2023-08-11 12:06:58	28	1	1	0
       87	2023-08-11 12:09:59	28	1	1	0
      781	2023-08-11 12:10:28	28	1	1	0
     1799	2023-08-11 12:10:35	28	0	1	0
     1799	2023-08-11 12:10:37	28	0	1	0
     1872	2023-08-11 12:10:52	28	0	1	0
      962	2023-08-11 12:11:22	28	1	1	0
      962	2023-08-11 12:11:23	28	1	1	0
     2054	2023-08-11 12:12:26	28	1	1	0
       87	2023-08-11 12:13:12	28	0	1	0
      228	2023-08-11 12:14:08	28	1	1	0
      962	2023-08-11 12:15:04	28	0	1	0
      962	2023-08-11 12:15:06	28	0	1	0
      228	2023-08-11 12:15:25	28	0	1	0
     1416	2023-08-11 12:15:31	28	0	1	0
     2054	2023-08-11 12:16:59	28	0	1	0
      960	2023-08-11 12:22:57	28	1	1	0
     1657	2023-08-11 12:24:28	28	1	1	0
      466	2023-08-11 12:24:32	28	1	1	0
      781	2023-08-11 12:24:57	28	0	1	0
      361	2023-08-11 12:25:43	28	1	1	0
      466	2023-08-11 12:27:29	28	0	1	0
     2912	2023-08-11 12:27:40	28	1	1	0
      960	2023-08-11 12:30:25	28	0	1	0
      496	2023-08-11 12:30:44	28	0	1	0
      361	2023-08-11 12:31:37	28	0	1	0
     1657	2023-08-11 12:32:02	28	0	1	0
      414	2023-08-11 12:47:15	28	1	1	0
      414	2023-08-11 12:50:48	28	0	1	0
     2912	2023-08-11 12:54:27	28	0	1	0
      962	2023-08-11 12:56:38	28	0	1	0
      962	2023-08-11 12:56:40	28	0	1	0
     1041	2023-08-11 17:02:00	28	1	1	0
     2194	2023-08-11 17:02:17	28	1	1	0
     2275	2023-08-11 17:02:21	28	1	1	0
      905	2023-08-11 17:02:29	28	1	1	0
     2888	2023-08-11 17:02:32	28	1	1	0
      466	2023-08-11 17:02:40	28	1	1	0
     1657	2023-08-11 17:02:45	28	1	1	0
      960	2023-08-11 17:02:49	28	0	1	0
      960	2023-08-11 17:02:55	28	1	1	0
     2364	2023-08-11 17:02:57	28	1	1	0
     2364	2023-08-11 17:02:58	28	1	1	0
       87	2023-08-11 17:03:03	28	1	1	0
     2426	2023-08-11 17:03:21	28	1	1	0
     2426	2023-08-11 17:03:25	28	1	1	0
     2880	2023-08-11 17:03:29	28	1	1	0
     2880	2023-08-11 17:03:31	28	1	1	0
     1104	2023-08-11 17:03:35	28	1	1	0
      496	2023-08-11 17:03:59	28	1	1	0
      636	2023-08-11 17:04:06	28	1	1	0
      636	2023-08-11 17:05:22	28	1	1	0
      547	2023-08-11 17:06:51	28	1	1	0
      547	2023-08-11 17:06:53	28	1	1	0
      962	2023-08-11 17:06:55	28	1	1	0
      962	2023-08-11 17:06:57	28	1	1	0
      495	2023-08-11 17:06:58	28	1	1	0
     2912	2023-08-11 17:07:03	28	1	1	0
      361	2023-08-11 17:07:10	28	1	1	0
      414	2023-08-11 17:08:34	28	1	1	0
      414	2023-08-11 17:08:35	28	1	1	0
      414	2023-08-11 17:08:49	28	1	1	0
     1799	2023-08-11 17:11:41	28	1	1	0
     1799	2023-08-11 17:11:42	28	1	1	0
     1872	2023-08-11 17:11:45	28	1	1	0
      781	2023-08-11 17:11:49	28	1	1	0
      962	2023-08-11 17:11:51	28	1	1	0
      228	2023-08-11 17:17:56	28	1	1	0
     2054	2023-08-11 17:18:10	28	1	1	0
      107	2023-08-11 17:18:30	28	1	1	0
     1416	2023-08-11 17:19:15	28	1	1	0
      469	2023-08-11 19:39:19	28	1	1	0
      469	2023-08-11 19:39:21	28	1	1	0
      108	2023-08-11 20:26:08	28	1	1	0
      108	2023-08-11 20:26:17	28	1	1	0
      781	2023-08-14 07:03:53	28	0	1	0
      228	2023-08-14 07:24:26	28	0	1	0
      636	2023-08-14 07:36:08	28	0	1	0
     1872	2023-08-14 07:37:28	28	0	1	0
     1799	2023-08-14 07:38:08	28	0	1	0
     1799	2023-08-14 07:38:10	28	0	1	0
      361	2023-08-14 07:43:58	28	0	1	0
      361	2023-08-14 07:44:04	28	0	1	0
     2054	2023-08-14 07:46:33	28	0	1	0
     2880	2023-08-14 07:48:49	28	0	1	0
      905	2023-08-14 07:49:45	28	0	1	0
     2194	2023-08-14 07:50:24	28	0	1	0
      496	2023-08-14 07:51:01	28	0	1	0
     2888	2023-08-14 07:51:51	28	0	1	0
      547	2023-08-14 07:52:52	28	0	1	0
      547	2023-08-14 07:52:53	28	0	1	0
      960	2023-08-14 07:52:59	28	0	1	0
       87	2023-08-14 07:53:04	28	0	1	0
       87	2023-08-14 07:53:09	28	0	1	0
     2364	2023-08-14 07:53:13	28	0	1	0
      495	2023-08-14 07:55:20	28	0	1	0
      495	2023-08-14 07:55:22	28	0	1	0
     1104	2023-08-14 07:55:29	28	0	1	0
     2275	2023-08-14 07:55:35	28	0	1	0
      466	2023-08-14 07:56:04	28	0	1	0
     1174	2023-08-14 07:57:03	28	0	1	0
     2912	2023-08-14 08:04:59	28	0	1	0
     1657	2023-08-14 08:05:14	28	0	1	0
     1416	2023-08-14 08:05:58	28	0	1	0
     2426	2023-08-14 08:06:02	28	0	1	0
     2426	2023-08-14 08:06:05	28	0	1	0
      962	2023-08-14 08:13:47	28	0	1	0
      107	2023-08-14 08:15:24	28	0	1	0
      108	2023-08-14 08:23:00	28	0	1	0
      414	2023-08-14 08:40:28	28	0	1	0
     1657	2023-08-14 12:01:18	28	1	1	0
      466	2023-08-14 12:01:24	28	1	1	0
     1174	2023-08-14 12:01:39	28	1	1	0
      960	2023-08-14 12:02:07	28	1	1	0
       87	2023-08-14 12:02:21	28	1	1	0
     2364	2023-08-14 12:03:46	28	1	1	0
       87	2023-08-14 12:05:07	28	0	1	0
     1174	2023-08-14 12:06:17	28	0	1	0
      960	2023-08-14 12:07:30	28	0	1	0
      466	2023-08-14 12:07:36	28	0	1	0
     2364	2023-08-14 12:07:59	28	0	1	0
     2364	2023-08-14 12:08:00	28	0	1	0
      495	2023-08-14 12:12:44	28	1	1	0
     2880	2023-08-14 12:13:22	28	1	1	0
     2912	2023-08-14 12:13:32	28	1	1	0
     1657	2023-08-14 12:15:36	28	0	1	0
     1416	2023-08-14 12:27:29	28	1	1	0
     2880	2023-08-14 12:35:19	28	0	1	0
     1416	2023-08-14 12:35:54	28	0	1	0
      414	2023-08-14 12:36:19	28	1	1	0
      414	2023-08-14 12:37:03	28	0	1	0
      414	2023-08-14 12:39:10	28	0	1	0
     2912	2023-08-14 12:47:27	28	0	1	0
     2194	2023-08-14 17:01:01	28	1	1	0
      960	2023-08-14 17:01:05	28	1	1	0
      466	2023-08-14 17:01:09	28	1	1	0
      361	2023-08-14 17:01:13	28	1	1	0
      905	2023-08-14 17:01:16	28	1	1	0
       87	2023-08-14 17:01:19	28	1	1	0
     2275	2023-08-14 17:01:22	28	1	1	0
      108	2023-08-14 17:01:26	28	1	1	0
     2426	2023-08-14 17:01:31	28	1	1	0
     2426	2023-08-14 17:01:34	28	1	1	0
     1416	2023-08-14 17:01:42	28	1	1	0
     1799	2023-08-14 17:01:51	28	1	1	0
     1799	2023-08-14 17:01:53	28	1	1	0
     1174	2023-08-14 17:01:55	28	1	1	0
     1657	2023-08-14 17:01:57	28	1	1	0
     2364	2023-08-14 17:02:02	28	1	1	0
     2364	2023-08-14 17:02:03	28	1	1	0
     2880	2023-08-14 17:02:27	28	1	1	0
      496	2023-08-14 17:02:30	28	1	1	0
      636	2023-08-14 17:02:42	28	1	1	0
     2888	2023-08-14 17:03:45	28	1	1	0
      495	2023-08-14 17:04:01	28	1	1	0
     1872	2023-08-14 17:04:48	28	1	1	0
      962	2023-08-14 17:05:11	28	1	1	0
      962	2023-08-14 17:05:13	28	1	1	0
      547	2023-08-14 17:05:21	28	1	1	0
      547	2023-08-14 17:05:22	28	1	1	0
     1104	2023-08-14 17:05:29	28	1	1	0
      781	2023-08-14 17:06:07	28	1	1	0
     2912	2023-08-14 17:06:12	28	1	1	0
     1799	2023-08-14 17:07:03	28	1	1	0
     1799	2023-08-14 17:07:04	28	1	1	0
      228	2023-08-14 17:08:21	28	1	1	0
     2054	2023-08-14 17:08:33	28	1	1	0
      107	2023-08-14 17:28:08	28	1	1	0
      414	2023-08-14 18:41:04	28	1	1	0
      361	2023-08-15 06:31:41	28	0	1	0
      495	2023-08-15 06:40:19	28	0	1	0
     1104	2023-08-15 07:10:06	28	0	1	0
     2880	2023-08-15 07:19:44	28	0	1	0
      781	2023-08-15 07:24:48	28	0	1	0
      496	2023-08-15 07:29:12	28	0	1	0
     2054	2023-08-15 07:36:06	28	0	1	0
     1872	2023-08-15 07:38:54	28	0	1	0
     1799	2023-08-15 07:39:47	28	0	1	0
     1799	2023-08-15 07:39:49	28	0	1	0
     1174	2023-08-15 07:41:17	28	0	1	0
     2275	2023-08-15 07:47:41	28	0	1	0
     2275	2023-08-15 07:47:43	28	0	1	0
     2888	2023-08-15 07:50:17	28	0	1	0
      905	2023-08-15 07:50:22	28	0	1	0
     1041	2023-08-15 07:52:39	28	0	1	0
     2194	2023-08-15 07:52:43	28	0	1	0
      228	2023-08-15 07:55:49	28	0	1	0
      547	2023-08-15 07:56:03	28	0	1	0
     2912	2023-08-15 07:57:28	28	0	1	0
     2364	2023-08-15 07:58:51	28	0	1	0
     2364	2023-08-15 07:58:52	28	0	1	0
     1657	2023-08-15 07:59:45	28	0	1	0
      107	2023-08-15 08:00:26	28	0	1	0
       87	2023-08-15 08:00:28	28	0	1	0
     1416	2023-08-15 08:00:47	28	0	1	0
     2426	2023-08-15 08:01:01	28	0	1	0
     2426	2023-08-15 08:01:04	28	0	1	0
      466	2023-08-15 08:01:40	28	0	1	0
      962	2023-08-15 08:05:10	28	0	1	0
      288	2023-08-15 08:13:06	28	0	1	0
      636	2023-08-15 08:13:22	28	0	1	0
      960	2023-08-15 08:14:03	28	0	1	0
     2772	2023-08-15 08:16:29	28	0	1	0
     2275	2023-08-15 12:01:09	28	1	1	0
      905	2023-08-15 12:01:12	28	1	1	0
      466	2023-08-15 12:01:47	28	1	1	0
     1657	2023-08-15 12:01:57	28	1	1	0
     2364	2023-08-15 12:02:33	28	1	1	0
     2364	2023-08-15 12:02:36	28	1	1	0
     1872	2023-08-15 12:02:55	28	1	1	0
     2275	2023-08-15 12:03:08	28	0	1	0
     2275	2023-08-15 12:03:10	28	0	1	0
      960	2023-08-15 12:04:40	28	1	1	0
       87	2023-08-15 12:05:05	28	1	1	0
       87	2023-08-15 12:07:33	28	0	1	0
     2364	2023-08-15 12:08:49	28	0	1	0
     2364	2023-08-15 12:08:51	28	0	1	0
      781	2023-08-15 12:09:03	28	1	1	0
     2054	2023-08-15 12:10:12	28	1	1	0
      496	2023-08-15 12:10:23	28	1	1	0
     2912	2023-08-15 12:10:32	28	1	1	0
      960	2023-08-15 12:10:59	28	0	1	0
      466	2023-08-15 12:11:05	28	0	1	0
     1657	2023-08-15 12:12:04	28	0	1	0
      361	2023-08-15 12:12:11	28	1	1	0
      496	2023-08-15 12:13:54	28	0	1	0
      361	2023-08-15 12:14:03	28	0	1	0
      228	2023-08-15 12:15:17	28	1	1	0
      228	2023-08-15 12:16:06	28	0	1	0
     1872	2023-08-15 12:18:57	28	0	1	0
      905	2023-08-15 12:20:48	28	0	1	0
      781	2023-08-15 12:26:18	28	0	1	0
     2888	2023-08-15 12:27:59	28	1	1	0
      962	2023-08-15 12:29:43	28	1	1	0
      962	2023-08-15 12:29:45	28	1	1	0
     1174	2023-08-15 12:31:27	28	1	1	0
     2054	2023-08-15 12:31:36	28	0	1	0
     1174	2023-08-15 12:32:09	28	0	1	0
      962	2023-08-15 12:38:29	28	0	1	0
      962	2023-08-15 12:38:30	28	0	1	0
     2888	2023-08-15 12:44:19	28	0	1	0
      962	2023-08-15 12:45:45	28	0	1	0
     2912	2023-08-15 12:45:52	28	0	1	0
     1041	2023-08-15 17:00:27	28	1	1	0
      466	2023-08-15 17:00:34	28	1	1	0
     1657	2023-08-15 17:00:39	28	1	1	0
     1174	2023-08-15 17:00:44	28	1	1	0
     2364	2023-08-15 17:00:46	28	1	1	0
     2364	2023-08-15 17:00:47	28	1	1	0
      960	2023-08-15 17:00:50	28	1	1	0
      361	2023-08-15 17:01:03	28	1	1	0
     2194	2023-08-15 17:01:06	28	1	1	0
      905	2023-08-15 17:01:11	28	1	1	0
       87	2023-08-15 17:01:15	28	1	1	0
     2880	2023-08-15 17:01:18	28	1	1	0
      228	2023-08-15 17:01:22	28	1	1	0
      962	2023-08-15 17:01:27	28	1	1	0
      962	2023-08-15 17:01:28	28	1	1	0
     1104	2023-08-15 17:01:34	28	1	1	0
     1799	2023-08-15 17:01:40	28	0	1	0
     1799	2023-08-15 17:01:45	28	1	1	0
     1799	2023-08-15 17:01:46	28	1	1	0
     1872	2023-08-15 17:01:49	28	1	1	0
      636	2023-08-15 17:02:02	28	1	1	0
      781	2023-08-15 17:02:08	28	1	1	0
     2426	2023-08-15 17:02:17	28	1	1	0
     2426	2023-08-15 17:02:20	28	1	1	0
      547	2023-08-15 17:03:05	28	1	1	0
      547	2023-08-15 17:03:06	28	1	1	0
     2054	2023-08-15 17:05:07	28	1	1	0
     2912	2023-08-15 17:05:22	28	1	1	0
      414	2023-08-15 17:06:22	28	1	1	0
      496	2023-08-15 17:08:14	28	1	1	0
     2275	2023-08-15 17:11:45	28	1	1	0
      288	2023-08-15 17:29:43	28	1	1	0
     1416	2023-08-15 17:30:18	28	1	1	0
     2888	2023-08-15 17:34:03	28	1	1	0
      107	2023-08-15 18:02:11	28	1	1	0
      495	2023-08-15 18:53:06	28	1	1	0
      781	2023-08-16 04:29:13	28	0	1	0
      361	2023-08-16 05:30:04	28	0	1	0
      361	2023-08-16 05:30:08	28	0	1	0
     2194	2023-08-16 06:31:33	28	0	1	0
     2364	2023-08-16 06:31:37	28	0	1	0
     2364	2023-08-16 06:31:38	28	0	1	0
      288	2023-08-16 07:35:16	28	0	1	0
      496	2023-08-16 07:42:44	28	0	1	0
     2054	2023-08-16 07:49:20	28	0	1	0
     2880	2023-08-16 07:50:25	28	0	1	0
      905	2023-08-16 07:51:07	28	0	1	0
     2888	2023-08-16 07:51:43	28	0	1	0
     2772	2023-08-16 07:52:15	28	0	1	0
      466	2023-08-16 07:53:31	28	0	1	0
      960	2023-08-16 07:54:27	28	0	1	0
      107	2023-08-16 07:55:05	28	0	1	0
      469	2023-08-16 07:56:12	28	0	1	0
      469	2023-08-16 07:56:13	28	0	1	0
     1799	2023-08-16 07:56:18	28	0	1	0
     1799	2023-08-16 07:56:20	28	0	1	0
     1041	2023-08-16 07:56:39	28	0	1	0
     1657	2023-08-16 07:57:14	28	0	1	0
      414	2023-08-16 07:58:55	28	0	1	0
      636	2023-08-16 07:59:23	28	0	1	0
      495	2023-08-16 07:59:27	28	0	1	0
      547	2023-08-16 07:59:31	28	0	1	0
      547	2023-08-16 07:59:33	28	0	1	0
      962	2023-08-16 08:01:41	28	0	1	0
      228	2023-08-16 08:01:47	28	0	1	0
     2426	2023-08-16 08:03:39	28	0	1	0
     2426	2023-08-16 08:03:45	28	0	1	0
     1416	2023-08-16 08:04:13	28	0	1	0
     2912	2023-08-16 08:06:21	28	0	1	0
      636	2023-08-16 12:00:07	28	1	1	0
     1416	2023-08-16 12:00:12	28	1	1	0
      466	2023-08-16 12:01:06	28	1	1	0
     1657	2023-08-16 12:01:13	28	1	1	0
      636	2023-08-16 12:02:16	28	0	1	0
      496	2023-08-16 12:04:59	28	1	1	0
     2912	2023-08-16 12:07:35	28	1	1	0
     1416	2023-08-16 12:07:48	28	0	1	0
     1799	2023-08-16 12:08:48	28	1	1	0
     1799	2023-08-16 12:08:50	28	1	1	0
     1799	2023-08-16 12:10:30	28	0	1	0
     1799	2023-08-16 12:10:32	28	0	1	0
      960	2023-08-16 12:12:17	28	1	1	0
      496	2023-08-16 12:13:39	28	0	1	0
      960	2023-08-16 12:15:03	28	1	1	0
     2880	2023-08-16 12:16:28	28	1	1	0
      960	2023-08-16 12:17:02	28	0	1	0
      414	2023-08-16 12:17:15	28	1	1	0
      107	2023-08-16 12:22:03	28	1	1	0
      466	2023-08-16 12:22:55	28	0	1	0
     1657	2023-08-16 12:26:13	28	0	1	0
     2880	2023-08-16 12:34:38	28	0	1	0
      781	2023-08-16 12:38:10	28	1	1	0
     2912	2023-08-16 12:45:07	28	0	1	0
     1872	2023-08-16 12:45:44	28	0	1	0
      414	2023-08-16 12:50:36	28	0	1	0
      781	2023-08-16 12:50:59	28	0	1	0
       87	2023-08-16 12:55:49	28	0	1	0
      107	2023-08-16 12:57:15	28	0	1	0
     2772	2023-08-16 16:59:49	28	1	1	0
     2772	2023-08-16 17:00:02	28	1	1	0
      469	2023-08-16 17:00:09	28	1	1	0
      469	2023-08-16 17:00:12	28	1	1	0
      495	2023-08-16 17:00:47	28	1	1	0
     1041	2023-08-16 17:00:50	28	1	1	0
     2888	2023-08-16 17:01:48	28	1	1	0
      905	2023-08-16 17:01:53	28	1	1	0
     2880	2023-08-16 17:02:06	28	1	1	0
      960	2023-08-16 17:02:20	28	1	1	0
      962	2023-08-16 17:02:23	28	1	1	0
      962	2023-08-16 17:02:25	28	1	1	0
      466	2023-08-16 17:02:30	28	1	1	0
     1657	2023-08-16 17:02:36	28	0	1	0
      466	2023-08-16 17:02:51	28	1	1	0
       87	2023-08-16 17:03:06	28	1	1	0
     2912	2023-08-16 17:03:25	28	1	1	0
      547	2023-08-16 17:07:25	28	1	1	0
      547	2023-08-16 17:07:28	28	1	1	0
     1872	2023-08-16 17:08:42	28	1	1	0
      496	2023-08-16 17:17:53	28	1	1	0
      636	2023-08-16 17:18:31	28	1	1	0
      781	2023-08-16 17:19:00	28	1	1	0
      414	2023-08-16 17:20:27	28	1	1	0
     1416	2023-08-16 17:23:16	28	1	1	0
      228	2023-08-16 17:38:16	28	1	1	0
     2426	2023-08-16 17:41:17	28	1	1	0
     2426	2023-08-16 17:41:20	28	1	1	0
     2054	2023-08-16 17:41:24	28	1	1	0
      361	2023-08-16 18:41:15	28	1	1	0
      288	2023-08-16 19:09:05	28	1	1	0
     2194	2023-08-16 19:26:57	28	1	1	0
     2364	2023-08-16 19:27:22	28	1	1	0
     2364	2023-08-16 19:27:24	28	1	1	0
      781	2023-08-17 04:41:58	28	0	1	0
     2772	2023-08-17 07:41:37	28	0	1	0
      469	2023-08-17 07:42:35	28	0	1	0
      469	2023-08-17 07:42:37	28	0	1	0
      496	2023-08-17 07:44:26	28	0	1	0
      496	2023-08-17 07:44:28	28	0	1	0
     2275	2023-08-17 07:46:57	28	0	1	0
     1872	2023-08-17 07:47:05	28	0	1	0
     1799	2023-08-17 07:48:09	28	0	1	0
     1799	2023-08-17 07:48:10	28	0	1	0
     2880	2023-08-17 07:51:14	28	0	1	0
     2888	2023-08-17 07:52:30	28	0	1	0
      905	2023-08-17 07:52:32	28	0	1	0
      361	2023-08-17 07:53:40	28	0	1	0
      361	2023-08-17 07:53:43	28	0	1	0
     1104	2023-08-17 07:54:03	28	0	1	0
       87	2023-08-17 07:54:17	28	0	1	0
      466	2023-08-17 07:54:59	28	0	1	0
      288	2023-08-17 07:55:45	28	0	1	0
     2912	2023-08-17 07:57:30	28	0	1	0
     1041	2023-08-17 07:57:54	28	0	1	0
     2194	2023-08-17 07:57:58	28	0	1	0
      495	2023-08-17 07:59:55	28	0	1	0
     2426	2023-08-17 08:00:55	28	0	1	0
     2426	2023-08-17 08:00:58	28	0	1	0
     1657	2023-08-17 08:02:04	28	0	1	0
      636	2023-08-17 08:03:12	28	0	1	0
      960	2023-08-17 08:03:55	28	0	1	0
     2364	2023-08-17 08:04:44	28	0	1	0
     2364	2023-08-17 08:04:46	28	0	1	0
      547	2023-08-17 08:05:39	28	0	1	0
     1416	2023-08-17 08:06:24	28	0	1	0
      962	2023-08-17 08:07:09	28	0	1	0
     2054	2023-08-17 08:14:31	28	0	1	0
      228	2023-08-17 08:18:23	28	0	1	0
      414	2023-08-17 08:25:19	28	0	1	0
     1174	2023-08-17 08:32:08	28	0	1	0
      107	2023-08-17 08:53:54	28	0	1	0
     1657	2023-08-17 11:48:31	28	1	1	0
       87	2023-08-17 12:02:52	28	1	1	0
      496	2023-08-17 12:04:41	28	1	1	0
     2912	2023-08-17 12:05:20	28	0	1	0
     2912	2023-08-17 12:06:09	28	1	1	0
     2880	2023-08-17 12:06:15	28	1	1	0
     2275	2023-08-17 12:07:09	28	1	1	0
      960	2023-08-17 12:08:37	28	1	1	0
     2364	2023-08-17 12:09:32	28	1	1	0
     2364	2023-08-17 12:09:33	28	1	1	0
     2275	2023-08-17 12:11:32	28	0	1	0
     1657	2023-08-17 12:12:50	28	1	1	0
       87	2023-08-17 12:13:40	28	0	1	0
     2054	2023-08-17 12:14:01	28	1	1	0
     2364	2023-08-17 12:14:29	28	0	1	0
     2364	2023-08-17 12:14:30	28	0	1	0
     2880	2023-08-17 12:14:57	28	0	1	0
      496	2023-08-17 12:15:16	28	0	1	0
      960	2023-08-17 12:20:09	28	0	1	0
     1416	2023-08-17 12:23:29	28	1	1	0
      228	2023-08-17 12:23:55	28	1	1	0
      228	2023-08-17 12:24:09	28	0	1	0
     1657	2023-08-17 12:25:21	28	0	1	0
     2054	2023-08-17 12:26:29	28	0	1	0
     1416	2023-08-17 12:27:46	28	0	1	0
      414	2023-08-17 12:29:27	28	1	1	0
      414	2023-08-17 12:39:45	28	1	1	0
      414	2023-08-17 12:39:50	28	0	1	0
     2912	2023-08-17 12:52:03	28	0	1	0
     2275	2023-08-17 17:00:18	28	1	1	0
      469	2023-08-17 17:00:27	28	1	1	0
      469	2023-08-17 17:00:29	28	1	1	0
      960	2023-08-17 17:01:02	28	1	1	0
     2364	2023-08-17 17:01:07	28	1	1	0
     2364	2023-08-17 17:01:08	28	1	1	0
     2880	2023-08-17 17:01:22	28	1	1	0
     2880	2023-08-17 17:01:24	28	1	1	0
       87	2023-08-17 17:01:34	28	1	1	0
      962	2023-08-17 17:01:40	28	1	1	0
      962	2023-08-17 17:01:41	28	1	1	0
     2426	2023-08-17 17:02:06	28	1	1	0
     2426	2023-08-17 17:02:09	28	1	1	0
     2912	2023-08-17 17:02:16	28	1	1	0
      905	2023-08-17 17:02:20	28	1	1	0
     2888	2023-08-17 17:02:28	28	1	1	0
     1416	2023-08-17 17:02:37	28	1	1	0
     1799	2023-08-17 17:02:40	28	1	1	0
     1799	2023-08-17 17:02:42	28	1	1	0
      547	2023-08-17 17:04:28	28	1	1	0
      495	2023-08-17 17:04:35	28	1	1	0
      636	2023-08-17 17:05:10	28	1	1	0
      496	2023-08-17 17:05:39	28	1	1	0
      228	2023-08-17 17:05:59	28	1	1	0
     1041	2023-08-17 17:09:40	28	1	1	0
     2194	2023-08-17 17:09:42	28	1	1	0
     2772	2023-08-17 17:10:13	28	0	1	0
     2772	2023-08-17 17:10:22	28	1	1	0
     2054	2023-08-17 17:15:26	28	1	1	0
      414	2023-08-17 17:17:35	28	1	1	0
      288	2023-08-17 17:34:42	28	1	1	0
     1872	2023-08-17 18:58:53	28	1	1	0
      466	2023-08-17 18:58:57	28	1	1	0
     1174	2023-08-17 18:59:00	28	1	1	0
     1104	2023-08-17 18:59:02	28	1	1	0
      107	2023-08-17 18:59:07	28	1	1	0
      361	2023-08-17 18:59:33	28	1	1	0
      361	2023-08-17 18:59:41	28	1	1	0
      781	2023-08-17 19:00:11	28	1	1	0
      547	2023-08-18 06:15:24	28	0	1	0
      547	2023-08-18 06:15:25	28	0	1	0
     1104	2023-08-18 06:54:45	28	0	1	0
      469	2023-08-18 07:12:12	28	0	1	0
      469	2023-08-18 07:12:13	28	0	1	0
     2054	2023-08-18 07:12:43	28	0	1	0
      781	2023-08-18 07:26:00	28	0	1	0
      905	2023-08-18 07:28:50	28	0	1	0
     2888	2023-08-18 07:28:53	28	0	1	0
     2772	2023-08-18 07:29:24	28	0	1	0
     2194	2023-08-18 07:37:24	28	0	1	0
     1872	2023-08-18 07:40:14	28	0	1	0
     1799	2023-08-18 07:41:19	28	0	1	0
     1799	2023-08-18 07:41:21	28	0	1	0
      228	2023-08-18 07:49:49	28	0	1	0
      960	2023-08-18 07:51:58	28	0	1	0
     2880	2023-08-18 07:52:23	28	0	1	0
     1416	2023-08-18 07:55:30	28	0	1	0
     2275	2023-08-18 07:55:38	28	0	1	0
     1041	2023-08-18 07:56:49	28	0	1	0
      636	2023-08-18 07:58:08	28	0	1	0
     2426	2023-08-18 07:58:15	28	0	1	0
     2426	2023-08-18 07:58:18	28	0	1	0
      361	2023-08-18 07:58:44	28	0	1	0
      414	2023-08-18 07:58:46	28	0	1	0
      361	2023-08-18 07:58:50	28	0	1	0
     2364	2023-08-18 07:59:00	28	0	1	0
     2364	2023-08-18 07:59:02	28	0	1	0
     2912	2023-08-18 07:59:27	28	0	1	0
      496	2023-08-18 08:00:18	28	0	1	0
      496	2023-08-18 08:00:22	28	0	1	0
     1174	2023-08-18 08:02:22	28	0	1	0
       87	2023-08-18 08:03:08	28	0	1	0
      466	2023-08-18 08:04:14	28	0	1	0
      962	2023-08-18 08:09:23	28	0	1	0
      108	2023-08-18 08:15:29	28	0	1	0
      495	2023-08-18 08:18:33	28	0	1	0
      107	2023-08-18 08:18:38	28	0	1	0
      361	2023-08-18 12:01:03	28	1	1	0
     2364	2023-08-18 12:01:06	28	1	1	0
     2364	2023-08-18 12:01:07	28	1	1	0
      636	2023-08-18 12:01:14	28	1	1	0
      466	2023-08-18 12:01:57	28	1	1	0
      361	2023-08-18 12:02:21	28	0	1	0
      636	2023-08-18 12:02:25	28	0	1	0
     1104	2023-08-18 12:02:33	28	1	1	0
      495	2023-08-18 12:02:46	28	1	1	0
       87	2023-08-18 12:04:22	28	1	1	0
     2912	2023-08-18 12:04:37	28	1	1	0
      495	2023-08-18 12:04:57	28	0	1	0
      107	2023-08-18 12:05:31	28	1	1	0
      107	2023-08-18 12:06:03	28	0	1	0
     2880	2023-08-18 12:06:15	28	1	1	0
      781	2023-08-18 12:07:02	28	1	1	0
     2054	2023-08-18 12:07:26	28	1	1	0
       87	2023-08-18 12:07:47	28	0	1	0
      466	2023-08-18 12:07:54	28	0	1	0
     2054	2023-08-18 12:08:50	28	0	1	0
      496	2023-08-18 12:09:21	28	1	1	0
      960	2023-08-18 12:09:26	28	1	1	0
      781	2023-08-18 12:09:36	28	0	1	0
     2364	2023-08-18 12:09:37	28	0	1	0
     2364	2023-08-18 12:09:39	28	0	1	0
     1104	2023-08-18 12:09:41	28	0	1	0
     2275	2023-08-18 12:17:53	28	1	1	0
      962	2023-08-18 12:18:38	28	1	1	0
      962	2023-08-18 12:18:40	28	1	1	0
      960	2023-08-18 12:18:54	28	0	1	0
     2275	2023-08-18 12:20:45	28	0	1	0
     2275	2023-08-18 12:20:47	28	0	1	0
     1657	2023-08-18 12:24:27	28	0	1	0
      496	2023-08-18 12:26:05	28	0	1	0
      962	2023-08-18 12:28:14	28	0	1	0
      962	2023-08-18 12:28:16	28	0	1	0
     2880	2023-08-18 12:28:51	28	0	1	0
     1872	2023-08-18 12:47:39	28	1	1	0
     2912	2023-08-18 12:53:30	28	0	1	0
     1872	2023-08-18 13:00:24	28	0	1	0
     1174	2023-08-18 17:00:03	28	1	1	0
      960	2023-08-18 17:00:05	28	1	1	0
     1041	2023-08-18 17:00:08	28	1	1	0
     2194	2023-08-18 17:00:12	28	1	1	0
      469	2023-08-18 17:00:16	28	1	1	0
      469	2023-08-18 17:00:17	28	1	1	0
      361	2023-08-18 17:00:23	28	1	1	0
     2364	2023-08-18 17:00:27	28	1	1	0
     2364	2023-08-18 17:00:31	28	1	1	0
     2880	2023-08-18 17:00:37	28	1	1	0
     2880	2023-08-18 17:00:39	28	1	1	0
     1104	2023-08-18 17:00:45	28	1	1	0
     1799	2023-08-18 17:00:49	28	1	1	0
     1799	2023-08-18 17:00:51	28	1	1	0
      962	2023-08-18 17:01:07	28	1	1	0
      962	2023-08-18 17:01:09	28	1	1	0
      466	2023-08-18 17:01:14	28	1	1	0
     2426	2023-08-18 17:01:19	28	1	1	0
     2426	2023-08-18 17:01:22	28	1	1	0
      547	2023-08-18 17:01:26	28	1	1	0
      495	2023-08-18 17:01:48	28	1	1	0
      108	2023-08-18 17:01:57	28	1	1	0
     1416	2023-08-18 17:02:15	28	1	1	0
     2912	2023-08-18 17:02:40	28	1	1	0
       87	2023-08-18 17:03:14	28	1	1	0
     1872	2023-08-18 17:03:25	28	1	1	0
     2275	2023-08-18 17:04:02	28	1	1	0
      636	2023-08-18 17:04:20	28	1	1	0
     2054	2023-08-18 17:04:41	28	1	1	0
      107	2023-08-18 17:05:53	28	1	1	0
      228	2023-08-18 17:05:56	28	1	1	0
      496	2023-08-18 17:06:07	28	1	1	0
      414	2023-08-18 17:06:27	28	1	1	0
      781	2023-08-18 17:06:33	28	0	1	0
      414	2023-08-18 17:10:38	28	1	1	0
     1657	2023-08-18 18:00:02	28	1	1	0
     1657	2023-08-18 18:00:04	28	1	1	0
     2888	2023-08-18 18:03:02	28	1	1	0
      905	2023-08-18 18:03:04	28	1	1	0
     2772	2023-08-18 18:16:49	28	1	1	0
     1104	2023-08-22 06:41:20	28	0	1	0
      781	2023-08-22 06:42:37	28	0	1	0
      361	2023-08-22 06:58:28	28	0	1	0
      361	2023-08-22 06:58:32	28	0	1	0
     2772	2023-08-22 07:19:45	28	0	1	0
      547	2023-08-22 07:20:16	28	0	1	0
      547	2023-08-22 07:20:18	28	0	1	0
     2054	2023-08-22 07:28:26	28	0	1	0
      495	2023-08-22 07:37:03	28	0	1	0
      469	2023-08-22 07:39:42	28	0	1	0
      469	2023-08-22 07:39:44	28	0	1	0
      107	2023-08-22 07:39:47	28	0	1	0
     1872	2023-08-22 07:42:04	28	0	1	0
     1799	2023-08-22 07:42:40	28	0	1	0
     1799	2023-08-22 07:42:42	28	0	1	0
      108	2023-08-22 07:44:40	28	0	1	0
      496	2023-08-22 07:46:25	28	0	1	0
      228	2023-08-22 07:52:26	28	0	1	0
     2880	2023-08-22 07:52:35	28	0	1	0
      905	2023-08-22 07:53:49	28	0	1	0
     2888	2023-08-22 07:53:56	28	0	1	0
     2364	2023-08-22 07:54:26	28	0	1	0
     2364	2023-08-22 07:54:29	28	0	1	0
     1041	2023-08-22 07:56:08	28	0	1	0
     2194	2023-08-22 07:56:13	28	0	1	0
     1657	2023-08-22 07:56:59	28	0	1	0
     1657	2023-08-22 07:57:02	28	0	1	0
     2912	2023-08-22 07:58:14	28	0	1	0
      636	2023-08-22 07:59:35	28	0	1	0
      636	2023-08-22 07:59:37	28	0	1	0
      288	2023-08-22 07:59:54	28	0	1	0
       87	2023-08-22 08:01:07	28	0	1	0
     1416	2023-08-22 08:01:27	28	0	1	0
      414	2023-08-22 08:02:11	28	0	1	0
      960	2023-08-22 08:03:13	28	0	1	0
      466	2023-08-22 08:03:52	28	0	1	0
      962	2023-08-22 08:26:50	28	0	1	0
      962	2023-08-22 08:26:52	28	0	1	0
      361	2023-08-22 12:02:34	28	1	1	0
      361	2023-08-22 12:05:14	28	0	1	0
      496	2023-08-22 12:06:54	28	1	1	0
     1872	2023-08-22 12:08:51	28	1	1	0
     2194	2023-08-22 12:08:58	28	1	1	0
      466	2023-08-22 12:09:05	28	1	1	0
      960	2023-08-22 12:09:25	28	1	1	0
     1657	2023-08-22 12:09:27	28	1	1	0
      636	2023-08-22 12:10:11	28	1	1	0
      496	2023-08-22 12:10:22	28	0	1	0
     2194	2023-08-22 12:11:03	28	0	1	0
      466	2023-08-22 12:12:07	28	0	1	0
      636	2023-08-22 12:13:44	28	0	1	0
      960	2023-08-22 12:13:48	28	0	1	0
     1872	2023-08-22 12:15:16	28	0	1	0
     2880	2023-08-22 12:16:27	28	1	1	0
     2912	2023-08-22 12:17:36	28	1	1	0
     1657	2023-08-22 12:28:31	28	0	1	0
      962	2023-08-22 12:29:53	28	1	1	0
      962	2023-08-22 12:29:55	28	1	1	0
      781	2023-08-22 12:30:18	28	1	1	0
     1416	2023-08-22 12:32:44	28	1	1	0
     1416	2023-08-22 12:35:20	28	0	1	0
      781	2023-08-22 12:36:39	28	0	1	0
      962	2023-08-22 12:38:52	28	0	1	0
      962	2023-08-22 12:38:53	28	0	1	0
      414	2023-08-22 12:40:16	28	1	1	0
      414	2023-08-22 12:42:59	28	0	1	0
      414	2023-08-22 12:43:05	28	1	1	0
     2880	2023-08-22 12:43:10	28	1	1	0
     2880	2023-08-22 12:43:37	28	0	1	0
     2364	2023-08-22 12:45:47	28	1	1	0
     2364	2023-08-22 12:45:52	28	1	1	0
     2912	2023-08-22 12:49:05	28	0	1	0
     2364	2023-08-22 12:49:23	28	0	1	0
     2364	2023-08-22 12:49:24	28	0	1	0
      466	2023-08-22 12:56:51	28	0	1	0
     2194	2023-08-22 17:00:56	28	1	1	0
     1041	2023-08-22 17:00:57	28	1	1	0
      466	2023-08-22 17:01:04	28	1	1	0
     1657	2023-08-22 17:01:09	28	1	1	0
      960	2023-08-22 17:01:13	28	1	1	0
     2364	2023-08-22 17:01:16	28	1	1	0
     2364	2023-08-22 17:01:17	28	1	1	0
      905	2023-08-22 17:01:20	28	1	1	0
      361	2023-08-22 17:01:23	28	1	1	0
      962	2023-08-22 17:01:26	28	1	1	0
      962	2023-08-22 17:01:28	28	1	1	0
     2880	2023-08-22 17:01:32	28	1	1	0
     2880	2023-08-22 17:01:33	28	1	1	0
     1799	2023-08-22 17:01:51	28	1	1	0
     1799	2023-08-22 17:01:53	28	1	1	0
      636	2023-08-22 17:02:07	28	1	1	0
     2912	2023-08-22 17:02:55	28	1	1	0
      547	2023-08-22 17:03:33	28	1	1	0
      547	2023-08-22 17:03:36	28	1	1	0
     1416	2023-08-22 17:03:41	28	1	1	0
     1104	2023-08-22 17:06:57	28	1	1	0
      496	2023-08-22 17:07:18	28	1	1	0
     1872	2023-08-22 17:07:38	28	1	1	0
      414	2023-08-22 17:08:23	28	1	1	0
      781	2023-08-22 17:09:27	28	1	1	0
     2054	2023-08-22 17:10:01	28	1	1	0
      288	2023-08-22 17:16:25	28	1	1	0
     2772	2023-08-22 17:22:29	28	1	1	0
     2888	2023-08-22 17:40:48	28	0	1	0
     2888	2023-08-22 17:40:54	28	1	1	0
      107	2023-08-22 17:48:32	28	1	1	0
       87	2023-08-22 17:55:03	28	1	1	0
       87	2023-08-22 17:55:07	28	1	1	0
      108	2023-08-22 18:22:00	28	1	1	0
      469	2023-08-22 18:23:36	28	1	1	0
      469	2023-08-22 18:23:38	28	1	1	0
      228	2023-08-22 18:23:41	28	1	1	0
      495	2023-08-22 20:10:07	28	1	1	0
     2772	2023-08-23 06:57:18	28	0	1	0
      469	2023-08-23 06:58:18	28	0	1	0
      469	2023-08-23 06:58:20	28	0	1	0
      228	2023-08-23 07:20:32	28	0	1	0
      228	2023-08-23 07:20:48	28	0	1	0
     2054	2023-08-23 07:35:16	28	0	1	0
      781	2023-08-23 07:36:11	28	0	1	0
     1872	2023-08-23 07:41:29	28	0	1	0
      361	2023-08-23 07:43:30	28	0	1	0
      361	2023-08-23 07:43:33	28	0	1	0
     1799	2023-08-23 07:44:26	28	0	1	0
     1799	2023-08-23 07:44:28	28	0	1	0
      361	2023-08-23 07:45:06	28	0	1	0
     2275	2023-08-23 07:51:07	28	0	1	0
      288	2023-08-23 07:52:09	28	0	1	0
      905	2023-08-23 07:53:03	28	0	1	0
     2888	2023-08-23 07:53:11	28	0	1	0
       87	2023-08-23 07:53:33	28	0	1	0
       87	2023-08-23 07:53:39	28	0	1	0
     1041	2023-08-23 07:54:27	28	0	1	0
     2194	2023-08-23 07:54:32	28	0	1	0
     2880	2023-08-23 07:55:30	28	0	1	0
      466	2023-08-23 07:57:16	28	0	1	0
     1104	2023-08-23 07:58:43	28	0	1	0
      495	2023-08-23 07:59:00	28	0	1	0
      414	2023-08-23 07:59:16	28	0	1	0
     2426	2023-08-23 07:59:38	28	0	1	0
     2426	2023-08-23 07:59:41	28	0	1	0
     1657	2023-08-23 08:01:01	28	0	1	0
      496	2023-08-23 08:01:05	28	0	1	0
      636	2023-08-23 08:01:20	28	0	1	0
     2912	2023-08-23 08:01:55	28	0	1	0
      107	2023-08-23 08:02:25	28	0	1	0
     1416	2023-08-23 08:03:39	28	0	1	0
      547	2023-08-23 08:11:55	28	0	1	0
      962	2023-08-23 08:11:59	28	0	1	0
     2364	2023-08-23 08:20:29	28	0	1	0
     2364	2023-08-23 08:20:32	28	0	1	0
      108	2023-08-23 08:33:41	28	0	1	0
     2364	2023-08-23 12:00:17	28	1	1	0
     2364	2023-08-23 12:00:18	28	1	1	0
      466	2023-08-23 12:01:03	28	1	1	0
      781	2023-08-23 12:01:09	28	1	1	0
     1657	2023-08-23 12:01:17	28	1	1	0
       87	2023-08-23 12:02:01	28	1	1	0
      636	2023-08-23 12:02:47	28	1	1	0
      466	2023-08-23 12:04:04	28	0	1	0
     2364	2023-08-23 12:04:55	28	0	1	0
      636	2023-08-23 12:05:02	28	0	1	0
     2880	2023-08-23 12:05:22	28	1	1	0
     2054	2023-08-23 12:06:22	28	1	1	0
      108	2023-08-23 12:06:29	28	1	1	0
      496	2023-08-23 12:07:35	28	1	1	0
     2054	2023-08-23 12:08:01	28	0	1	0
       87	2023-08-23 12:08:05	28	0	1	0
       87	2023-08-23 12:08:07	28	0	1	0
     1416	2023-08-23 12:08:19	28	1	1	0
     1657	2023-08-23 12:09:10	28	0	1	0
      496	2023-08-23 12:09:51	28	0	1	0
      496	2023-08-23 12:12:36	28	0	1	0
      905	2023-08-23 12:13:09	28	1	1	0
     1416	2023-08-23 12:15:57	28	0	1	0
     2888	2023-08-23 12:22:50	28	1	1	0
     1872	2023-08-23 12:25:00	28	1	1	0
     2912	2023-08-23 12:25:17	28	1	1	0
      781	2023-08-23 12:26:07	28	1	1	0
      781	2023-08-23 12:26:20	28	0	1	0
     2880	2023-08-23 12:28:54	28	0	1	0
     2888	2023-08-23 12:31:04	28	0	1	0
      414	2023-08-23 12:31:37	28	1	1	0
      905	2023-08-23 12:32:42	28	0	1	0
      414	2023-08-23 12:33:03	28	0	1	0
     1799	2023-08-23 12:45:02	28	1	1	0
     1799	2023-08-23 12:47:20	28	0	1	0
     1799	2023-08-23 12:47:21	28	0	1	0
     1872	2023-08-23 12:54:58	28	0	1	0
     1799	2023-08-23 12:57:19	28	0	1	0
     1799	2023-08-23 12:57:20	28	0	1	0
     2912	2023-08-23 12:59:42	28	0	1	0
      905	2023-08-23 12:59:57	28	0	1	0
     1041	2023-08-23 17:00:48	28	1	1	0
      361	2023-08-23 17:01:03	28	1	1	0
     2194	2023-08-23 17:01:05	28	1	1	0
      466	2023-08-23 17:01:12	28	1	1	0
     1657	2023-08-23 17:01:16	28	1	1	0
      905	2023-08-23 17:01:19	28	1	1	0
     2888	2023-08-23 17:01:26	28	1	1	0
     2364	2023-08-23 17:01:28	28	1	1	0
     2364	2023-08-23 17:01:30	28	1	1	0
     2880	2023-08-23 17:01:34	28	1	1	0
     2880	2023-08-23 17:01:35	28	1	1	0
     1104	2023-08-23 17:01:59	28	1	1	0
      547	2023-08-23 17:02:08	28	1	1	0
     1104	2023-08-23 17:02:10	28	1	1	0
      496	2023-08-23 17:02:15	28	1	1	0
      636	2023-08-23 17:02:22	28	1	1	0
      547	2023-08-23 17:02:26	28	1	1	0
     1799	2023-08-23 17:02:28	28	1	1	0
     1799	2023-08-23 17:02:30	28	1	1	0
     1416	2023-08-23 17:02:38	28	1	1	0
     1872	2023-08-23 17:02:49	28	1	1	0
     2275	2023-08-23 17:03:46	28	1	1	0
     2912	2023-08-23 17:04:06	28	1	1	0
       87	2023-08-23 17:04:26	28	1	1	0
     2054	2023-08-23 17:04:33	28	1	1	0
      288	2023-08-23 17:07:06	28	1	1	0
      107	2023-08-23 17:07:11	28	1	1	0
      781	2023-08-23 17:09:16	28	1	1	0
      108	2023-08-23 17:09:33	28	1	1	0
      469	2023-08-23 17:17:38	28	1	1	0
      469	2023-08-23 17:17:40	28	1	1	0
      962	2023-08-23 17:39:47	28	1	1	0
      962	2023-08-23 17:39:49	28	1	1	0
     2426	2023-08-23 17:43:30	28	1	1	0
     2426	2023-08-23 17:43:34	28	1	1	0
      228	2023-08-23 18:07:41	28	1	1	0
      414	2023-08-23 18:42:31	28	1	1	0
      228	2023-08-24 06:10:41	28	0	1	0
      547	2023-08-24 06:54:53	28	0	1	0
      547	2023-08-24 06:54:55	28	0	1	0
     2426	2023-08-24 07:04:27	28	0	1	0
     2426	2023-08-24 07:04:30	28	0	1	0
     2772	2023-08-24 07:04:35	28	0	1	0
     1872	2023-08-24 07:14:46	28	0	1	0
     1799	2023-08-24 07:15:58	28	0	1	0
     1799	2023-08-24 07:16:00	28	0	1	0
     1104	2023-08-24 07:18:22	28	0	1	0
     2054	2023-08-24 07:23:24	28	0	1	0
     2912	2023-08-24 07:24:22	28	0	1	0
      781	2023-08-24 07:31:49	28	0	1	0
      469	2023-08-24 07:31:57	28	0	1	0
      469	2023-08-24 07:32:00	28	0	1	0
     1657	2023-08-24 07:32:57	28	0	1	0
      496	2023-08-24 07:36:32	28	0	1	0
      288	2023-08-24 07:36:42	28	0	1	0
      960	2023-08-24 07:38:40	28	0	1	0
      107	2023-08-24 07:48:01	28	0	1	0
      361	2023-08-24 07:50:32	28	0	1	0
      361	2023-08-24 07:50:35	28	0	1	0
       87	2023-08-24 07:54:01	28	0	1	0
     2888	2023-08-24 07:54:57	28	0	1	0
      466	2023-08-24 07:55:24	28	0	1	0
     1174	2023-08-24 07:55:27	28	0	1	0
      108	2023-08-24 07:55:30	28	0	1	0
      108	2023-08-24 07:56:12	28	0	1	0
      905	2023-08-24 07:56:45	28	0	1	0
      962	2023-08-24 07:57:36	28	0	1	0
     2275	2023-08-24 07:58:20	28	0	1	0
     1416	2023-08-24 07:58:36	28	0	1	0
     1041	2023-08-24 07:58:54	28	0	1	0
     2194	2023-08-24 07:59:00	28	0	1	0
     2364	2023-08-24 08:00:24	28	0	1	0
     2364	2023-08-24 08:00:26	28	0	1	0
     2880	2023-08-24 08:01:13	28	0	1	0
      495	2023-08-24 08:01:56	28	0	1	0
      361	2023-08-24 12:01:04	28	1	1	0
      781	2023-08-24 12:02:31	28	1	1	0
      361	2023-08-24 12:03:05	28	0	1	0
      496	2023-08-24 12:03:18	28	1	1	0
     2912	2023-08-24 12:03:25	28	1	1	0
      960	2023-08-24 12:04:51	28	1	1	0
       87	2023-08-24 12:07:04	28	1	1	0
      108	2023-08-24 12:08:03	28	1	1	0
      108	2023-08-24 12:11:32	28	0	1	0
     2364	2023-08-24 12:11:40	28	1	1	0
     2364	2023-08-24 12:11:42	28	1	1	0
     2364	2023-08-24 12:16:12	28	0	1	0
      496	2023-08-24 12:16:36	28	0	1	0
     2888	2023-08-24 12:16:43	28	1	1	0
     2888	2023-08-24 12:19:07	28	0	1	0
     2275	2023-08-24 12:20:58	28	1	1	0
      960	2023-08-24 12:23:26	28	0	1	0
     2275	2023-08-24 12:23:54	28	0	1	0
     2880	2023-08-24 12:25:51	28	1	1	0
      905	2023-08-24 12:25:55	28	1	1	0
      905	2023-08-24 12:27:09	28	0	1	0
     2880	2023-08-24 12:27:16	28	0	1	0
     1416	2023-08-24 12:31:51	28	1	1	0
     2912	2023-08-24 12:32:26	28	0	1	0
       87	2023-08-24 12:33:36	28	0	1	0
      781	2023-08-24 12:35:05	28	0	1	0
     1416	2023-08-24 12:36:14	28	0	1	0
     2772	2023-08-24 12:37:06	28	1	1	0
     2772	2023-08-24 12:41:11	28	0	1	0
     2194	2023-08-24 17:00:25	28	1	1	0
      361	2023-08-24 17:01:05	28	1	1	0
      361	2023-08-24 17:01:16	28	1	1	0
     1104	2023-08-24 17:01:25	28	1	1	0
       87	2023-08-24 17:01:28	28	1	1	0
     2364	2023-08-24 17:01:36	28	1	1	0
     2364	2023-08-24 17:01:39	28	1	1	0
     1174	2023-08-24 17:01:41	28	1	1	0
      905	2023-08-24 17:01:46	28	1	1	0
     2880	2023-08-24 17:01:49	28	1	1	0
     1657	2023-08-24 17:02:31	28	1	1	0
     2912	2023-08-24 17:02:41	28	1	1	0
      960	2023-08-24 17:02:50	28	1	1	0
      466	2023-08-24 17:02:57	28	1	1	0
     1416	2023-08-24 17:03:05	28	1	1	0
     2426	2023-08-24 17:03:11	28	1	1	0
     2426	2023-08-24 17:03:14	28	1	1	0
      495	2023-08-24 17:03:28	28	1	1	0
      547	2023-08-24 17:03:32	28	1	1	0
      496	2023-08-24 17:03:35	28	1	1	0
      962	2023-08-24 17:03:38	28	1	1	0
      962	2023-08-24 17:03:40	28	1	1	0
      228	2023-08-24 17:04:33	28	1	1	0
      228	2023-08-24 17:04:39	28	1	1	0
      107	2023-08-24 17:04:49	28	1	1	0
     2054	2023-08-24 17:09:18	28	1	1	0
     1799	2023-08-24 17:09:42	28	1	1	0
     1799	2023-08-24 17:09:44	28	1	1	0
     1872	2023-08-24 17:11:32	28	1	1	0
      781	2023-08-24 17:12:48	28	1	1	0
     2888	2023-08-24 17:20:27	28	1	1	0
      962	2023-08-24 17:21:31	28	1	1	0
      469	2023-08-24 17:33:33	28	1	1	0
      469	2023-08-24 17:33:35	28	1	1	0
      108	2023-08-24 19:35:53	28	1	1	0
     2275	2023-08-24 19:35:57	28	1	1	0
      288	2023-08-24 20:01:28	28	1	1	0
      361	2023-08-25 06:58:13	28	0	1	0
      361	2023-08-25 06:58:16	28	0	1	0
      228	2023-08-25 07:16:29	28	0	1	0
      781	2023-08-25 07:17:47	28	0	1	0
      547	2023-08-25 07:35:05	28	0	1	0
      547	2023-08-25 07:35:08	28	0	1	0
     2054	2023-08-25 07:37:11	28	0	1	0
     2194	2023-08-25 07:39:39	28	0	1	0
     1174	2023-08-25 07:42:21	28	0	1	0
      905	2023-08-25 07:50:01	28	0	1	0
     2888	2023-08-25 07:50:15	28	0	1	0
     2275	2023-08-25 07:50:50	28	0	1	0
      496	2023-08-25 07:51:59	28	0	1	0
      107	2023-08-25 07:52:33	28	0	1	0
      960	2023-08-25 07:54:58	28	0	1	0
     2880	2023-08-25 07:55:02	28	0	1	0
      636	2023-08-25 07:55:22	28	0	1	0
     1872	2023-08-25 07:55:29	28	0	1	0
     1799	2023-08-25 07:56:13	28	0	1	0
     1799	2023-08-25 07:56:17	28	0	1	0
     1104	2023-08-25 07:58:04	28	0	1	0
      108	2023-08-25 07:58:14	28	0	1	0
     2912	2023-08-25 08:00:52	28	0	1	0
     2364	2023-08-25 08:02:00	28	0	1	0
     2364	2023-08-25 08:02:01	28	0	1	0
     1416	2023-08-25 08:02:29	28	0	1	0
     2426	2023-08-25 08:03:14	28	0	1	0
     2426	2023-08-25 08:03:17	28	0	1	0
     1041	2023-08-25 08:03:41	28	0	1	0
     1657	2023-08-25 08:03:50	28	0	1	0
      288	2023-08-25 08:06:17	28	0	1	0
      962	2023-08-25 08:09:19	28	0	1	0
      962	2023-08-25 08:09:20	28	0	1	0
      495	2023-08-25 08:09:22	28	0	1	0
       87	2023-08-25 08:17:42	28	0	1	0
      361	2023-08-25 12:00:09	28	1	1	0
      496	2023-08-25 12:00:50	28	1	1	0
      361	2023-08-25 12:01:21	28	0	1	0
     1872	2023-08-25 12:02:44	28	1	1	0
     2054	2023-08-25 12:03:30	28	1	1	0
     2364	2023-08-25 12:03:33	28	1	1	0
     2364	2023-08-25 12:03:34	28	1	1	0
     2054	2023-08-25 12:05:11	28	0	1	0
     2364	2023-08-25 12:05:14	28	0	1	0
     2364	2023-08-25 12:05:15	28	0	1	0
      781	2023-08-25 12:05:55	28	1	1	0
     1657	2023-08-25 12:05:58	28	1	1	0
       87	2023-08-25 12:09:50	28	1	1	0
     1872	2023-08-25 12:10:14	28	0	1	0
     2912	2023-08-25 12:10:46	28	1	1	0
      781	2023-08-25 12:12:05	28	0	1	0
      960	2023-08-25 12:12:29	28	1	1	0
       87	2023-08-25 12:12:56	28	0	1	0
     1416	2023-08-25 12:13:37	28	1	1	0
      496	2023-08-25 12:16:17	28	0	1	0
     1416	2023-08-25 12:17:04	28	0	1	0
     2880	2023-08-25 12:17:17	28	1	1	0
      107	2023-08-25 12:18:18	28	1	1	0
      108	2023-08-25 12:18:44	28	1	1	0
      108	2023-08-25 12:19:50	28	0	1	0
      962	2023-08-25 12:27:17	28	1	1	0
      962	2023-08-25 12:27:18	28	1	1	0
     1657	2023-08-25 12:27:28	28	0	1	0
      905	2023-08-25 12:29:18	28	1	1	0
     2912	2023-08-25 12:30:40	28	0	1	0
      107	2023-08-25 12:30:47	28	0	1	0
      960	2023-08-25 12:31:38	28	0	1	0
      905	2023-08-25 12:32:49	28	0	1	0
     2880	2023-08-25 12:36:36	28	0	1	0
      962	2023-08-25 12:44:59	28	0	1	0
      962	2023-08-25 12:45:01	28	0	1	0
     2054	2023-08-25 15:19:19	28	1	1	0
     2194	2023-08-25 17:02:15	28	1	1	0
     2912	2023-08-25 17:02:47	28	1	1	0
     2888	2023-08-25 17:02:54	28	1	1	0
      361	2023-08-25 17:02:59	28	1	1	0
      960	2023-08-25 17:03:04	28	1	1	0
     1657	2023-08-25 17:03:10	28	1	1	0
      905	2023-08-25 17:03:13	28	1	1	0
      905	2023-08-25 17:03:15	28	1	1	0
     2364	2023-08-25 17:03:16	28	1	1	0
     2364	2023-08-25 17:03:17	28	1	1	0
     1041	2023-08-25 17:03:20	28	1	1	0
     2880	2023-08-25 17:03:24	28	1	1	0
      547	2023-08-25 17:03:30	28	1	1	0
      547	2023-08-25 17:03:31	28	1	1	0
      495	2023-08-25 17:03:34	28	1	1	0
      962	2023-08-25 17:03:38	28	1	1	0
      962	2023-08-25 17:03:39	28	1	1	0
      496	2023-08-25 17:04:18	28	1	1	0
      547	2023-08-25 17:04:24	28	1	1	0
     1174	2023-08-25 17:04:52	28	1	1	0
      636	2023-08-25 17:05:39	28	1	1	0
     1104	2023-08-25 17:06:08	28	1	1	0
       87	2023-08-25 17:07:56	28	1	1	0
      288	2023-08-25 17:08:05	28	1	1	0
     1799	2023-08-25 17:12:04	28	1	1	0
     1872	2023-08-25 17:12:11	28	1	1	0
     1799	2023-08-25 17:12:16	28	1	1	0
     1799	2023-08-25 17:12:17	28	1	1	0
      228	2023-08-25 17:15:48	28	1	1	0
      228	2023-08-25 17:15:52	28	1	1	0
      781	2023-08-25 17:18:42	28	1	1	0
     1416	2023-08-25 17:20:50	28	1	1	0
      108	2023-08-25 17:29:32	28	1	1	0
     2426	2023-08-25 17:38:28	28	1	1	0
     2426	2023-08-25 17:38:31	28	1	1	0
      107	2023-08-25 18:45:06	28	1	1	0
     2275	2023-08-25 18:47:00	28	1	1	0
      228	2023-08-29 06:07:17	28	0	1	0
      960	2023-08-29 07:01:29	28	0	1	0
      905	2023-08-29 07:15:34	28	0	1	0
      547	2023-08-29 07:24:52	28	0	1	0
      547	2023-08-29 07:24:54	28	0	1	0
      496	2023-08-29 07:25:31	28	0	1	0
     1174	2023-08-29 07:30:00	28	0	1	0
     1416	2023-08-29 07:33:18	28	0	1	0
     2275	2023-08-29 07:35:08	28	0	1	0
      781	2023-08-29 07:36:32	28	0	1	0
     2054	2023-08-29 07:46:26	28	0	1	0
     1041	2023-08-29 07:46:49	28	0	1	0
     2194	2023-08-29 07:46:55	28	0	1	0
      361	2023-08-29 07:49:07	28	0	1	0
      361	2023-08-29 07:49:10	28	0	1	0
     1872	2023-08-29 07:51:05	28	0	1	0
     2888	2023-08-29 07:51:16	28	0	1	0
     1799	2023-08-29 07:51:47	28	0	1	0
     1799	2023-08-29 07:51:48	28	0	1	0
     2880	2023-08-29 07:52:31	28	0	1	0
      469	2023-08-29 07:52:40	28	0	1	0
      469	2023-08-29 07:52:42	28	0	1	0
     2912	2023-08-29 07:52:55	28	0	1	0
     1657	2023-08-29 07:53:59	28	0	1	0
      107	2023-08-29 07:54:02	28	0	1	0
      288	2023-08-29 07:54:46	28	0	1	0
     2426	2023-08-29 07:55:04	28	0	1	0
     2426	2023-08-29 07:55:07	28	0	1	0
     2364	2023-08-29 07:55:15	28	0	1	0
     2364	2023-08-29 07:55:17	28	0	1	0
      495	2023-08-29 07:55:19	28	0	1	0
     1104	2023-08-29 07:55:51	28	0	1	0
      636	2023-08-29 07:56:40	28	0	1	0
      108	2023-08-29 07:56:52	28	0	1	0
       87	2023-08-29 08:10:13	28	0	1	0
      962	2023-08-29 08:13:03	28	0	1	0
      905	2023-08-29 12:00:14	28	1	1	0
      108	2023-08-29 12:00:25	28	1	1	0
     1872	2023-08-29 12:01:03	28	1	1	0
      361	2023-08-29 12:01:07	28	1	1	0
     1657	2023-08-29 12:01:39	28	1	1	0
      108	2023-08-29 12:02:43	28	0	1	0
       87	2023-08-29 12:03:15	28	1	1	0
     1799	2023-08-29 12:04:06	28	1	1	0
      361	2023-08-29 12:05:12	28	0	1	0
     1416	2023-08-29 12:07:38	28	1	1	0
       87	2023-08-29 12:10:33	28	0	1	0
     2912	2023-08-29 12:11:29	28	1	1	0
     1799	2023-08-29 12:15:33	28	0	1	0
     1799	2023-08-29 12:15:36	28	0	1	0
     2364	2023-08-29 12:17:40	28	1	1	0
     2364	2023-08-29 12:17:41	28	1	1	0
     1657	2023-08-29 12:17:47	28	0	1	0
     1416	2023-08-29 12:18:36	28	0	1	0
     2880	2023-08-29 12:20:41	28	1	1	0
     1872	2023-08-29 12:22:00	28	0	1	0
      414	2023-08-29 12:25:42	28	0	1	0
     2364	2023-08-29 12:32:12	28	0	1	0
     2364	2023-08-29 12:32:13	28	0	1	0
      905	2023-08-29 12:33:56	28	0	1	0
     2912	2023-08-29 12:35:03	28	0	1	0
     2880	2023-08-29 12:37:13	28	0	1	0
      960	2023-08-29 12:53:06	28	1	1	0
      960	2023-08-29 12:57:28	28	0	1	0
       87	2023-08-29 17:00:32	28	1	1	0
      960	2023-08-29 17:01:18	28	1	1	0
      905	2023-08-29 17:01:24	28	1	1	0
     2194	2023-08-29 17:01:30	28	1	1	0
     2364	2023-08-29 17:01:31	28	1	1	0
     2364	2023-08-29 17:01:33	28	1	1	0
     2888	2023-08-29 17:01:38	28	1	1	0
     2880	2023-08-29 17:01:42	28	1	1	0
      361	2023-08-29 17:01:46	28	1	1	0
     2275	2023-08-29 17:02:22	28	1	1	0
      108	2023-08-29 17:02:29	28	1	1	0
     2912	2023-08-29 17:02:35	28	1	1	0
     1041	2023-08-29 17:02:40	28	1	1	0
     2426	2023-08-29 17:03:37	28	1	1	0
     2426	2023-08-29 17:03:40	28	1	1	0
      496	2023-08-29 17:03:44	28	1	1	0
      636	2023-08-29 17:03:56	28	1	1	0
     1799	2023-08-29 17:04:48	28	1	1	0
     1799	2023-08-29 17:04:49	28	1	1	0
     2054	2023-08-29 17:06:50	28	1	1	0
      547	2023-08-29 17:08:16	28	1	1	0
      547	2023-08-29 17:08:17	28	1	1	0
      495	2023-08-29 17:08:19	28	1	1	0
      495	2023-08-29 17:08:21	28	1	1	0
     1799	2023-08-29 17:15:11	28	1	1	0
     1416	2023-08-29 17:27:27	28	1	1	0
      962	2023-08-29 17:44:06	28	1	1	0
      962	2023-08-29 17:44:07	28	1	1	0
      414	2023-08-29 17:45:22	28	1	1	0
      228	2023-08-29 17:48:01	28	1	1	0
      107	2023-08-29 18:08:37	28	1	1	0
      288	2023-08-29 18:24:10	28	1	1	0
      469	2023-08-29 18:50:56	28	1	1	0
      469	2023-08-29 18:50:57	28	1	1	0
     1657	2023-08-29 19:16:12	28	1	1	0
     1872	2023-08-29 19:16:14	28	1	1	0
      781	2023-08-29 19:16:20	28	1	1	0
     1174	2023-08-29 19:26:14	28	1	1	0
     1104	2023-08-29 19:26:17	28	1	1	0
      228	2023-08-30 05:43:14	28	0	1	0
     1104	2023-08-30 06:51:53	28	0	1	0
     1416	2023-08-30 07:16:36	28	0	1	0
      469	2023-08-30 07:19:13	28	0	1	0
      469	2023-08-30 07:19:16	28	0	1	0
      547	2023-08-30 07:23:40	28	0	1	0
      547	2023-08-30 07:23:41	28	0	1	0
      781	2023-08-30 07:29:43	28	0	1	0
      288	2023-08-30 07:38:26	28	0	1	0
     1174	2023-08-30 07:39:26	28	0	1	0
      962	2023-08-30 07:44:29	28	0	1	0
      962	2023-08-30 07:44:30	28	0	1	0
      466	2023-08-30 07:45:23	28	0	1	0
     1041	2023-08-30 07:48:14	28	0	1	0
     2194	2023-08-30 07:48:33	28	0	1	0
     2426	2023-08-30 07:48:38	28	0	1	0
     2426	2023-08-30 07:48:41	28	0	1	0
     2054	2023-08-30 07:49:19	28	0	1	0
      108	2023-08-30 07:51:05	28	0	1	0
      107	2023-08-30 07:51:55	28	0	1	0
      496	2023-08-30 07:53:31	28	0	1	0
     2912	2023-08-30 07:53:59	28	0	1	0
     2275	2023-08-30 07:54:08	28	0	1	0
     2888	2023-08-30 07:54:42	28	0	1	0
      495	2023-08-30 07:54:59	28	0	1	0
     1799	2023-08-30 07:57:31	28	0	1	0
     1799	2023-08-30 07:57:33	28	0	1	0
     1799	2023-08-30 07:57:34	28	0	1	0
     2880	2023-08-30 07:58:13	28	0	1	0
       87	2023-08-30 07:58:22	28	0	1	0
     2364	2023-08-30 07:58:53	28	0	1	0
     2364	2023-08-30 07:58:54	28	0	1	0
     1657	2023-08-30 07:59:40	28	0	1	0
      414	2023-08-30 07:59:41	28	0	1	0
      414	2023-08-30 07:59:43	28	0	1	0
      905	2023-08-30 07:59:45	28	0	1	0
      905	2023-08-30 07:59:46	28	0	1	0
      636	2023-08-30 08:01:38	28	0	1	0
      361	2023-08-30 08:02:08	28	0	1	0
      108	2023-08-30 12:01:20	28	1	1	0
      108	2023-08-30 12:02:31	28	0	1	0
     2912	2023-08-30 12:05:10	28	1	1	0
     2364	2023-08-30 12:18:12	28	1	1	0
     2364	2023-08-30 12:18:13	28	1	1	0
       87	2023-08-30 12:18:17	28	1	1	0
     2364	2023-08-30 12:21:45	28	0	1	0
     2364	2023-08-30 12:21:46	28	0	1	0
       87	2023-08-30 12:22:04	28	0	1	0
     2880	2023-08-30 12:23:24	28	1	1	0
      905	2023-08-30 12:23:27	28	1	1	0
       87	2023-08-30 12:24:33	28	0	1	0
     2364	2023-08-30 12:25:30	28	0	1	0
     2275	2023-08-30 12:28:15	28	1	1	0
      361	2023-08-30 12:31:22	28	1	1	0
     2912	2023-08-30 12:33:40	28	0	1	0
      361	2023-08-30 12:34:04	28	0	1	0
     2275	2023-08-30 12:34:16	28	0	1	0
     2275	2023-08-30 12:34:18	28	0	1	0
     1416	2023-08-30 12:38:49	28	1	1	0
      905	2023-08-30 12:40:16	28	1	1	0
     2054	2023-08-30 12:40:18	28	1	1	0
     2880	2023-08-30 12:40:24	28	0	1	0
      905	2023-08-30 12:43:19	28	0	1	0
     1416	2023-08-30 12:47:05	28	0	1	0
      414	2023-08-30 12:50:12	28	1	1	0
     2888	2023-08-30 12:50:32	28	1	1	0
      414	2023-08-30 12:51:00	28	1	1	0
     2054	2023-08-30 12:51:31	28	0	1	0
      414	2023-08-30 12:52:43	28	0	1	0
      414	2023-08-30 12:52:46	28	0	1	0
     2888	2023-08-30 12:54:20	28	0	1	0
       87	2023-08-30 17:00:51	28	1	1	0
     1041	2023-08-30 17:01:01	28	1	1	0
     2364	2023-08-30 17:02:06	28	1	1	0
     2364	2023-08-30 17:02:08	28	1	1	0
      905	2023-08-30 17:02:12	28	1	1	0
      466	2023-08-30 17:02:20	28	1	1	0
     2912	2023-08-30 17:02:36	28	1	1	0
      496	2023-08-30 17:03:51	28	1	1	0
      636	2023-08-30 17:04:05	28	1	1	0
     2426	2023-08-30 17:04:37	28	1	1	0
     2426	2023-08-30 17:04:40	28	1	1	0
     1799	2023-08-30 17:05:01	28	1	1	0
     1799	2023-08-30 17:05:03	28	1	1	0
     2054	2023-08-30 17:05:07	28	1	1	0
      414	2023-08-30 17:11:18	28	1	1	0
      414	2023-08-30 17:11:21	28	1	1	0
      469	2023-08-30 17:16:01	28	1	1	0
      469	2023-08-30 17:16:03	28	1	1	0
     2880	2023-08-30 17:21:13	28	1	1	0
      108	2023-08-30 17:21:16	28	1	1	0
     2275	2023-08-30 17:21:19	28	1	1	0
     1416	2023-08-30 17:31:28	28	1	1	0
     1657	2023-08-30 17:39:26	28	1	1	0
      361	2023-08-30 17:39:30	28	1	1	0
     2194	2023-08-30 17:39:35	28	1	1	0
     1104	2023-08-30 17:39:38	28	1	1	0
     1174	2023-08-30 17:39:41	28	1	1	0
      962	2023-08-30 17:49:30	28	1	1	0
      962	2023-08-30 17:49:32	28	1	1	0
     2888	2023-08-30 17:53:00	28	1	1	0
      228	2023-08-30 17:53:03	28	1	1	0
      288	2023-08-30 18:00:27	28	1	1	0
      781	2023-08-30 18:18:33	28	0	1	0
      781	2023-08-30 18:18:38	28	1	1	0
      107	2023-08-30 19:32:25	28	1	1	0
      495	2023-08-30 19:58:10	28	1	1	0
      547	2023-08-30 19:58:13	28	1	1	0
      547	2023-08-30 19:58:16	28	1	1	0
      108	2023-08-31 06:02:46	28	0	1	0
      547	2023-08-31 06:23:57	28	0	1	0
      547	2023-08-31 06:23:59	28	0	1	0
      469	2023-08-31 06:39:05	28	0	1	0
      469	2023-08-31 06:39:24	28	0	1	0
     1104	2023-08-31 07:05:07	28	0	1	0
      107	2023-08-31 07:07:27	28	0	1	0
      960	2023-08-31 07:14:03	28	0	1	0
     1416	2023-08-31 07:15:05	28	0	1	0
     1872	2023-08-31 07:37:33	28	0	1	0
     2054	2023-08-31 07:37:36	28	0	1	0
     1799	2023-08-31 07:38:23	28	0	1	0
     1799	2023-08-31 07:38:24	28	0	1	0
     2275	2023-08-31 07:40:49	28	0	1	0
     2426	2023-08-31 07:40:53	28	0	1	0
     2426	2023-08-31 07:40:56	28	0	1	0
      781	2023-08-31 07:42:01	28	0	1	0
      361	2023-08-31 07:48:19	28	0	1	0
      361	2023-08-31 07:48:22	28	0	1	0
     2194	2023-08-31 07:50:44	28	0	1	0
     1041	2023-08-31 07:50:48	28	0	1	0
      228	2023-08-31 07:51:26	28	0	1	0
      496	2023-08-31 07:52:07	28	0	1	0
      288	2023-08-31 07:53:56	28	0	1	0
     1657	2023-08-31 07:54:27	28	0	1	0
      466	2023-08-31 07:55:15	28	0	1	0
     1174	2023-08-31 07:55:17	28	0	1	0
     2912	2023-08-31 07:55:42	28	0	1	0
      905	2023-08-31 07:56:52	28	0	1	0
      636	2023-08-31 07:56:56	28	0	1	0
     2888	2023-08-31 07:57:00	28	0	1	0
      495	2023-08-31 07:57:20	28	0	1	0
     2880	2023-08-31 07:58:38	28	0	1	0
      962	2023-08-31 08:01:41	28	0	1	0
      962	2023-08-31 08:01:42	28	0	1	0
     2364	2023-08-31 08:02:08	28	0	1	0
     2364	2023-08-31 08:02:10	28	0	1	0
       87	2023-08-31 08:06:53	28	0	1	0
      414	2023-08-31 08:09:02	28	0	1	0
      496	2023-08-31 12:02:42	28	1	1	0
     2275	2023-08-31 12:02:58	28	1	1	0
       87	2023-08-31 12:03:26	28	1	1	0
      107	2023-08-31 12:03:33	28	1	1	0
      107	2023-08-31 12:04:03	28	0	1	0
     2275	2023-08-31 12:04:27	28	0	1	0
     2275	2023-08-31 12:04:28	28	0	1	0
     2912	2023-08-31 12:04:55	28	1	1	0
      636	2023-08-31 12:05:33	28	1	1	0
      636	2023-08-31 12:08:07	28	0	1	0
       87	2023-08-31 12:09:08	28	0	1	0
      496	2023-08-31 12:12:13	28	0	1	0
     1416	2023-08-31 12:18:20	28	1	1	0
     2912	2023-08-31 12:23:25	28	0	1	0
     1416	2023-08-31 12:26:05	28	0	1	0
      496	2023-08-31 12:29:05	28	0	1	0
     2364	2023-08-31 12:29:48	28	1	1	0
     2364	2023-08-31 12:29:49	28	1	1	0
     2880	2023-08-31 12:29:55	28	1	1	0
      905	2023-08-31 12:33:56	28	1	1	0
      960	2023-08-31 12:34:01	28	1	1	0
     2364	2023-08-31 12:34:22	28	0	1	0
     2364	2023-08-31 12:34:24	28	0	1	0
      361	2023-08-31 12:34:48	28	1	1	0
      960	2023-08-31 12:36:25	28	0	1	0
      361	2023-08-31 12:37:03	28	0	1	0
     2880	2023-08-31 12:43:11	28	0	1	0
      905	2023-08-31 12:48:18	28	0	1	0
      107	2023-08-31 12:48:46	28	0	1	0
       87	2023-08-31 17:00:20	28	1	1	0
     1416	2023-08-31 17:00:33	28	1	1	0
       87	2023-08-31 17:01:09	28	1	1	0
      466	2023-08-31 17:01:17	28	1	1	0
      107	2023-08-31 17:01:27	28	1	1	0
      960	2023-08-31 17:01:38	28	1	1	0
     1041	2023-08-31 17:01:43	28	1	1	0
     2888	2023-08-31 17:02:07	28	1	1	0
     2194	2023-08-31 17:02:12	28	1	1	0
      108	2023-08-31 17:02:29	28	1	1	0
     2880	2023-08-31 17:02:43	28	1	1	0
     2364	2023-08-31 17:02:51	28	1	1	0
     2364	2023-08-31 17:02:52	28	1	1	0
      905	2023-08-31 17:03:12	28	1	1	0
      496	2023-08-31 17:03:20	28	1	1	0
      636	2023-08-31 17:03:37	28	1	1	0
      962	2023-08-31 17:03:42	28	1	1	0
      962	2023-08-31 17:03:43	28	1	1	0
     1041	2023-08-31 17:04:28	28	1	1	0
     2912	2023-08-31 17:08:14	28	1	1	0
     2275	2023-08-31 17:09:06	28	1	1	0
     2275	2023-08-31 17:09:08	28	1	1	0
     2426	2023-08-31 17:11:20	28	1	1	0
     2426	2023-08-31 17:11:23	28	1	1	0
      495	2023-08-31 17:11:33	28	1	1	0
     1799	2023-08-31 17:12:56	28	1	1	0
     1799	2023-08-31 17:12:58	28	1	1	0
     1657	2023-08-31 17:20:24	28	1	1	0
     1657	2023-08-31 17:20:27	28	1	1	0
      361	2023-08-31 17:20:55	28	1	1	0
      361	2023-08-31 17:21:01	28	1	1	0
     2054	2023-08-31 17:21:07	28	1	1	0
      228	2023-08-31 17:22:38	28	1	1	0
      107	2023-08-31 17:23:07	28	1	1	0
      547	2023-08-31 17:33:01	28	1	1	0
      547	2023-08-31 17:33:04	28	1	1	0
     1872	2023-08-31 17:49:39	28	1	1	0
      469	2023-08-31 17:49:42	28	1	1	0
      469	2023-08-31 17:49:43	28	1	1	0
      288	2023-08-31 17:58:03	28	1	1	0
      414	2023-08-31 19:45:07	28	1	1	0
      414	2023-08-31 19:46:45	28	1	1	0
     1104	2023-08-31 19:47:00	28	1	1	0
      108	2023-09-01 05:58:05	28	0	1	0
      547	2023-09-01 05:58:10	28	0	1	0
      781	2023-09-01 05:59:00	28	0	1	0
     1104	2023-09-01 06:02:02	28	0	1	0
     2426	2023-09-01 06:02:30	28	0	1	0
     2426	2023-09-01 06:02:33	28	0	1	0
     1416	2023-09-01 06:09:15	28	0	1	0
      228	2023-09-01 06:13:26	28	0	1	0
      414	2023-09-01 06:30:53	28	0	1	0
      414	2023-09-01 06:33:00	28	0	1	0
     1872	2023-09-01 06:37:48	28	0	1	0
     1799	2023-09-01 06:37:50	28	0	1	0
     1799	2023-09-01 06:37:52	28	0	1	0
     2054	2023-09-01 06:39:52	28	0	1	0
      495	2023-09-01 06:48:28	28	0	1	0
     2880	2023-09-01 06:51:05	28	0	1	0
     2364	2023-09-01 06:57:34	28	0	1	0
     2364	2023-09-01 06:57:35	28	0	1	0
     1657	2023-09-01 06:57:38	28	0	1	0
     1657	2023-09-01 06:57:39	28	0	1	0
      469	2023-09-01 06:58:46	28	0	1	0
      469	2023-09-01 06:58:49	28	0	1	0
     2194	2023-09-01 07:00:37	28	0	1	0
     1041	2023-09-01 07:00:41	28	0	1	0
     2888	2023-09-01 07:06:30	28	0	1	0
     1174	2023-09-01 07:06:55	28	0	1	0
      960	2023-09-01 07:23:08	28	0	1	0
      905	2023-09-01 07:23:47	28	0	1	0
      361	2023-09-01 07:37:37	28	0	1	0
      361	2023-09-01 07:37:39	28	0	1	0
      107	2023-09-01 07:41:36	28	0	1	0
      466	2023-09-01 07:45:09	28	0	1	0
      962	2023-09-01 07:49:11	28	0	1	0
      962	2023-09-01 07:49:12	28	0	1	0
      288	2023-09-01 07:50:03	28	0	1	0
     2275	2023-09-01 07:54:23	28	0	1	0
      636	2023-09-01 07:56:55	28	0	1	0
       87	2023-09-01 08:06:18	28	0	1	0
     2912	2023-09-01 08:12:45	28	0	1	0
