      396	2023-07-31 06:22:57	30	0	0	0
      396	2023-07-31 06:22:59	30	0	0	0
     2099	2023-07-31 06:41:08	30	0	0	0
      178	2023-07-31 06:41:31	30	0	0	0
      645	2023-07-31 07:05:09	30	0	0	0
     1874	2023-07-31 07:31:22	30	0	0	0
      258	2023-07-31 07:32:56	30	0	0	0
     2320	2023-07-31 07:33:59	30	0	0	0
     2320	2023-07-31 07:34:00	30	0	0	0
       84	2023-07-31 07:36:52	30	0	0	0
     2026	2023-07-31 07:40:27	30	0	0	0
     2026	2023-07-31 07:40:31	30	0	0	0
      468	2023-07-31 07:42:58	30	0	0	0
      586	2023-07-31 07:46:14	30	0	0	0
      586	2023-07-31 07:46:17	30	0	0	0
     1197	2023-07-31 07:49:00	30	0	0	0
       41	2023-07-31 07:53:06	30	0	0	0
     2179	2023-07-31 07:53:57	30	0	0	0
      334	2023-07-31 07:57:41	30	0	0	0
     1509	2023-07-31 07:57:44	30	0	0	0
      726	2023-07-31 07:58:09	30	0	0	0
      906	2023-07-31 07:58:38	30	0	0	0
      906	2023-07-31 07:58:40	30	0	0	0
     1179	2023-07-31 07:59:08	30	0	0	0
       92	2023-07-31 08:03:22	30	0	0	0
      217	2023-07-31 08:05:15	30	0	0	0
     2586	2023-07-31 08:05:23	30	0	0	0
     2586	2023-07-31 08:05:24	30	0	0	0
     2386	2023-07-31 08:14:05	30	0	0	0
      258	2023-07-31 12:01:03	30	1	0	0
     2386	2023-07-31 12:01:26	30	1	0	0
     2386	2023-07-31 12:01:30	30	1	0	0
      586	2023-07-31 12:03:44	30	1	0	0
      217	2023-07-31 12:04:15	30	0	0	0
     2586	2023-07-31 12:04:42	30	1	0	0
     2179	2023-07-31 12:05:36	30	1	0	0
     1197	2023-07-31 12:06:14	30	1	0	0
     1509	2023-07-31 12:07:00	30	1	0	0
     2026	2023-07-31 12:07:12	30	1	0	0
       84	2023-07-31 12:07:44	30	1	0	0
     1874	2023-07-31 12:08:16	30	1	0	0
     2320	2023-07-31 12:11:01	30	1	0	0
     1179	2023-07-31 12:20:01	30	1	0	0
      726	2023-07-31 12:20:06	30	1	0	0
      726	2023-07-31 12:20:07	30	1	0	0
     1197	2023-07-31 12:23:26	30	0	0	0
     2320	2023-07-31 12:24:11	30	0	0	0
      396	2023-07-31 12:25:56	30	1	0	0
      396	2023-07-31 12:25:57	30	1	0	0
     1874	2023-07-31 12:26:28	30	0	0	0
      468	2023-07-31 12:28:20	30	1	0	0
     2563	2023-07-31 12:29:16	30	0	0	0
      178	2023-07-31 12:30:25	30	1	0	0
      178	2023-07-31 12:33:17	30	0	0	0
     2026	2023-07-31 12:33:49	30	0	0	0
     2386	2023-07-31 12:33:58	30	0	0	0
     2586	2023-07-31 12:34:03	30	0	0	0
       41	2023-07-31 12:34:13	30	1	0	0
     1179	2023-07-31 12:36:15	30	0	0	0
       72	2023-07-31 12:36:20	30	0	0	0
      396	2023-07-31 12:36:25	30	0	0	0
      396	2023-07-31 12:36:27	30	0	0	0
      726	2023-07-31 12:38:45	30	0	0	0
      258	2023-07-31 12:39:21	30	0	0	0
      645	2023-07-31 12:39:37	30	1	0	0
      586	2023-07-31 12:43:40	30	0	0	0
     2179	2023-07-31 12:44:14	30	0	0	0
      468	2023-07-31 12:46:20	30	0	0	0
       84	2023-07-31 12:46:32	30	0	0	0
       41	2023-07-31 12:47:08	30	0	0	0
      217	2023-07-31 12:48:06	30	0	0	0
      217	2023-07-31 12:48:07	30	0	0	0
      645	2023-07-31 12:51:00	30	0	0	0
      258	2023-07-31 17:00:15	30	1	0	0
      586	2023-07-31 17:00:48	30	1	0	0
      586	2023-07-31 17:00:51	30	1	0	0
      178	2023-07-31 17:01:05	30	1	0	0
      396	2023-07-31 17:01:09	30	1	0	0
      396	2023-07-31 17:01:10	30	1	0	0
      334	2023-07-31 17:02:50	30	1	0	0
     1509	2023-07-31 17:02:55	30	1	0	0
     1197	2023-07-31 17:03:05	30	1	0	0
     2026	2023-07-31 17:03:09	30	1	0	0
     2179	2023-07-31 17:03:15	30	1	0	0
       84	2023-07-31 17:03:29	30	1	0	0
     2586	2023-07-31 17:04:28	30	1	0	0
     2586	2023-07-31 17:04:29	30	1	0	0
       72	2023-07-31 17:04:57	30	1	0	0
      726	2023-07-31 17:05:02	30	1	0	0
     2320	2023-07-31 17:05:08	30	1	0	0
     1179	2023-07-31 17:06:21	30	1	0	0
     2563	2023-07-31 17:06:29	30	1	0	0
     1874	2023-07-31 17:07:30	30	1	0	0
     2386	2023-07-31 17:07:58	30	1	0	0
       92	2023-07-31 17:09:00	30	1	0	0
      906	2023-07-31 17:09:47	30	1	0	0
     2099	2023-07-31 17:13:50	30	1	0	0
      217	2023-07-31 17:22:10	30	0	0	0
      217	2023-07-31 17:22:20	30	0	0	0
      468	2023-07-31 17:22:41	30	1	0	0
      645	2023-07-31 17:39:33	30	1	0	0
       41	2023-07-31 19:32:59	30	1	0	0
     2099	2023-08-01 06:41:11	30	0	0	0
      178	2023-08-01 06:41:40	30	0	0	0
      645	2023-08-01 07:19:15	30	0	0	0
     1874	2023-08-01 07:31:34	30	0	0	0
     1874	2023-08-01 07:32:15	30	0	0	0
     1197	2023-08-01 07:39:55	30	0	0	0
     2586	2023-08-01 07:41:42	30	0	0	0
     2586	2023-08-01 07:41:43	30	0	0	0
      258	2023-08-01 07:42:46	30	0	0	0
      258	2023-08-01 07:43:20	30	0	0	0
      586	2023-08-01 07:49:20	30	0	0	0
      586	2023-08-01 07:49:23	30	0	0	0
       84	2023-08-01 07:50:26	30	0	0	0
       72	2023-08-01 07:51:12	30	0	0	0
     2320	2023-08-01 07:51:21	30	0	0	0
       41	2023-08-01 07:52:48	30	0	0	0
      916	2023-08-01 07:54:24	30	0	0	0
      726	2023-08-01 07:55:31	30	0	0	0
      334	2023-08-01 07:56:26	30	0	0	0
     2768	2023-08-01 07:56:39	30	0	0	0
     1509	2023-08-01 07:56:59	30	0	0	0
      906	2023-08-01 07:58:12	30	0	0	0
      906	2023-08-01 07:58:14	30	0	0	0
      468	2023-08-01 07:59:23	30	0	0	0
     1179	2023-08-01 07:59:26	30	0	0	0
       92	2023-08-01 08:00:34	30	0	0	0
     2179	2023-08-01 08:00:56	30	0	0	0
      217	2023-08-01 08:01:20	30	0	0	0
     2563	2023-08-01 08:05:12	30	0	0	0
      393	2023-08-01 08:05:40	30	0	0	0
      393	2023-08-01 08:05:42	30	0	0	0
     2026	2023-08-01 08:09:57	30	0	0	0
     2026	2023-08-01 08:10:01	30	0	0	0
    10004	2023-08-01 08:24:29	30	0	0	0
     2386	2023-08-01 08:28:12	30	0	0	0
     2386	2023-08-01 12:05:48	30	1	0	0
     2099	2023-08-01 12:06:36	30	1	0	0
     2563	2023-08-01 12:06:42	30	1	0	0
     2586	2023-08-01 12:07:09	30	1	0	0
     2026	2023-08-01 12:07:13	30	1	0	0
      645	2023-08-01 12:07:28	30	1	0	0
     1509	2023-08-01 12:08:04	30	1	0	0
     2179	2023-08-01 12:08:12	30	1	0	0
      334	2023-08-01 12:12:31	30	1	0	0
      393	2023-08-01 12:12:37	30	1	0	0
       92	2023-08-01 12:12:44	30	1	0	0
      258	2023-08-01 12:13:02	30	1	0	0
      645	2023-08-01 12:14:14	30	0	0	0
      586	2023-08-01 12:16:08	30	1	0	0
       84	2023-08-01 12:16:53	30	1	0	0
      258	2023-08-01 12:19:12	30	1	0	0
     1179	2023-08-01 12:19:26	30	1	0	0
     1197	2023-08-01 12:19:35	30	1	0	0
      726	2023-08-01 12:24:17	30	1	0	0
      726	2023-08-01 12:24:30	30	1	0	0
      217	2023-08-01 12:26:06	30	1	0	0
     2563	2023-08-01 12:27:45	30	0	0	0
     2768	2023-08-01 12:29:01	30	1	0	0
      906	2023-08-01 12:29:07	30	1	0	0
      906	2023-08-01 12:29:12	30	1	0	0
     1197	2023-08-01 12:32:27	30	0	0	0
      586	2023-08-01 12:32:39	30	0	0	0
     1179	2023-08-01 12:32:47	30	0	0	0
     2386	2023-08-01 12:32:53	30	0	0	0
     2586	2023-08-01 12:32:58	30	0	0	0
      726	2023-08-01 12:33:35	30	0	0	0
      726	2023-08-01 12:33:36	30	0	0	0
     1509	2023-08-01 12:33:54	30	0	0	0
     2179	2023-08-01 12:36:37	30	0	0	0
      217	2023-08-01 12:37:43	30	0	0	0
      334	2023-08-01 12:39:06	30	0	0	0
       92	2023-08-01 12:39:15	30	0	0	0
     2099	2023-08-01 12:39:31	30	0	0	0
      393	2023-08-01 12:40:05	30	0	0	0
      393	2023-08-01 12:40:08	30	0	0	0
       84	2023-08-01 12:41:21	30	0	0	0
      906	2023-08-01 12:41:27	30	0	0	0
      258	2023-08-01 12:43:01	30	0	0	0
      258	2023-08-01 12:43:40	30	0	0	0
     1197	2023-08-01 17:01:38	30	1	0	0
      334	2023-08-01 17:01:53	30	1	0	0
      586	2023-08-01 17:01:58	30	1	0	0
      586	2023-08-01 17:02:01	30	1	0	0
     2026	2023-08-01 17:02:06	30	1	0	0
      916	2023-08-01 17:02:10	30	1	0	0
     2179	2023-08-01 17:02:36	30	1	0	0
     2586	2023-08-01 17:02:45	30	1	0	0
     2586	2023-08-01 17:02:46	30	1	0	0
     1509	2023-08-01 17:02:54	30	1	0	0
      258	2023-08-01 17:03:10	30	1	0	0
     1874	2023-08-01 17:03:17	30	1	0	0
       72	2023-08-01 17:03:25	30	1	0	0
       84	2023-08-01 17:03:29	30	1	0	0
     2901	2023-08-01 17:03:33	30	1	0	0
      178	2023-08-01 17:03:41	30	1	0	0
      726	2023-08-01 17:04:09	30	1	0	0
       41	2023-08-01 17:04:19	30	1	0	0
     1179	2023-08-01 17:06:13	30	1	0	0
     2386	2023-08-01 17:06:18	30	1	0	0
     2320	2023-08-01 17:06:23	30	1	0	0
      393	2023-08-01 17:06:54	30	1	0	0
      393	2023-08-01 17:07:00	30	1	0	0
     2099	2023-08-01 17:07:30	30	1	0	0
      217	2023-08-01 17:09:44	30	1	0	0
     2563	2023-08-01 17:10:17	30	1	0	0
      906	2023-08-01 17:10:33	30	1	0	0
      906	2023-08-01 17:10:36	30	1	0	0
       92	2023-08-01 17:11:17	30	1	0	0
      468	2023-08-01 17:12:52	30	1	0	0
      645	2023-08-01 17:28:12	30	1	0	0
      396	2023-08-02 06:38:25	30	0	0	0
      396	2023-08-02 06:38:26	30	0	0	0
     2099	2023-08-02 06:43:42	30	0	0	0
      178	2023-08-02 06:44:24	30	0	0	0
      645	2023-08-02 07:14:55	30	0	0	0
     1874	2023-08-02 07:36:49	30	0	0	0
     1874	2023-08-02 07:37:20	30	0	0	0
       84	2023-08-02 07:37:28	30	0	0	0
      586	2023-08-02 07:42:16	30	0	0	0
      586	2023-08-02 07:42:19	30	0	0	0
     2320	2023-08-02 07:42:34	30	0	0	0
     2320	2023-08-02 07:42:37	30	0	0	0
     1509	2023-08-02 07:44:46	30	0	0	0
      217	2023-08-02 07:50:29	30	0	0	0
      468	2023-08-02 07:51:22	30	0	0	0
      334	2023-08-02 07:51:27	30	0	0	0
      258	2023-08-02 07:51:54	30	0	0	0
      916	2023-08-02 07:53:27	30	0	0	0
     2901	2023-08-02 07:55:21	30	0	0	0
       41	2023-08-02 07:56:22	30	0	0	0
       72	2023-08-02 07:56:54	30	0	0	0
      393	2023-08-02 07:57:53	30	0	0	0
     2768	2023-08-02 07:57:58	30	0	0	0
     1197	2023-08-02 07:58:02	30	0	0	0
     1179	2023-08-02 07:58:17	30	0	0	0
      906	2023-08-02 07:58:26	30	0	0	0
      906	2023-08-02 07:58:28	30	0	0	0
     2179	2023-08-02 07:58:44	30	0	0	0
     2586	2023-08-02 08:02:54	30	0	0	0
     2586	2023-08-02 08:02:56	30	0	0	0
       92	2023-08-02 08:07:08	30	0	0	0
      726	2023-08-02 08:08:10	30	0	0	0
     2026	2023-08-02 08:08:16	30	0	0	0
     2386	2023-08-02 08:12:18	30	0	0	0
     2563	2023-08-02 08:13:39	30	0	0	0
     2901	2023-08-02 12:03:12	30	0	0	0
      396	2023-08-02 12:13:56	30	1	0	0
      396	2023-08-02 12:13:58	30	1	0	0
      586	2023-08-02 12:14:20	30	1	0	0
      906	2023-08-02 12:15:19	30	1	0	0
      906	2023-08-02 12:15:21	30	1	0	0
     2386	2023-08-02 12:15:35	30	1	0	0
     2179	2023-08-02 12:17:02	30	1	0	0
      217	2023-08-02 12:17:39	30	1	0	0
     2026	2023-08-02 12:17:47	30	1	0	0
     1509	2023-08-02 12:18:07	30	1	0	0
       84	2023-08-02 12:19:40	30	1	0	0
      645	2023-08-02 12:19:46	30	1	0	0
      334	2023-08-02 12:20:23	30	1	0	0
      726	2023-08-02 12:20:30	30	1	0	0
      258	2023-08-02 12:20:35	30	1	0	0
      393	2023-08-02 12:20:53	30	1	0	0
       92	2023-08-02 12:21:35	30	1	0	0
     1874	2023-08-02 12:21:55	30	1	0	0
     2320	2023-08-02 12:22:51	30	1	0	0
     1179	2023-08-02 12:24:57	30	1	0	0
     2099	2023-08-02 12:25:01	30	1	0	0
     2586	2023-08-02 12:25:05	30	1	0	0
     2563	2023-08-02 12:25:11	30	1	0	0
      916	2023-08-02 12:28:29	30	1	0	0
     2563	2023-08-02 12:31:16	30	0	0	0
      396	2023-08-02 12:31:21	30	0	0	0
      396	2023-08-02 12:31:27	30	0	0	0
      396	2023-08-02 12:31:35	30	0	0	0
      645	2023-08-02 12:31:38	30	0	0	0
     2586	2023-08-02 12:31:43	30	0	0	0
     2026	2023-08-02 12:32:10	30	0	0	0
      393	2023-08-02 12:32:44	30	0	0	0
      334	2023-08-02 12:32:52	30	0	0	0
       92	2023-08-02 12:32:58	30	0	0	0
      586	2023-08-02 12:33:51	30	0	0	0
     2386	2023-08-02 12:35:34	30	0	0	0
     2099	2023-08-02 12:37:35	30	0	0	0
     1179	2023-08-02 12:37:59	30	0	0	0
     2768	2023-08-02 12:38:42	30	1	0	0
       84	2023-08-02 12:38:51	30	0	0	0
      726	2023-08-02 12:39:23	30	0	0	0
      258	2023-08-02 12:39:36	30	0	0	0
     2320	2023-08-02 12:39:56	30	0	0	0
     2768	2023-08-02 12:41:09	30	0	0	0
     1509	2023-08-02 12:42:31	30	0	0	0
      217	2023-08-02 12:43:07	30	0	0	0
      217	2023-08-02 12:43:12	30	0	0	0
      916	2023-08-02 12:43:18	30	0	0	0
      906	2023-08-02 12:43:25	30	0	0	0
      906	2023-08-02 12:43:26	30	0	0	0
     1179	2023-08-02 12:43:32	30	0	0	0
     2179	2023-08-02 12:43:46	30	0	0	0
     1197	2023-08-02 12:46:52	30	0	0	0
       41	2023-08-02 12:50:07	30	1	0	0
      468	2023-08-02 12:50:14	30	1	0	0
     1874	2023-08-02 12:52:36	30	0	0	0
      468	2023-08-02 12:54:36	30	0	0	0
      178	2023-08-02 12:56:11	30	1	0	0
     2901	2023-08-02 12:58:12	30	0	0	0
      178	2023-08-02 13:10:53	30	0	0	0
      396	2023-08-02 17:01:07	30	1	0	0
      396	2023-08-02 17:01:09	30	1	0	0
      178	2023-08-02 17:01:14	30	1	0	0
       72	2023-08-02 17:01:20	30	1	0	0
     2768	2023-08-02 17:01:24	30	1	0	0
     2026	2023-08-02 17:01:28	30	1	0	0
      334	2023-08-02 17:01:32	30	1	0	0
      258	2023-08-02 17:01:52	30	1	0	0
     1197	2023-08-02 17:01:58	30	1	0	0
     2586	2023-08-02 17:02:02	30	1	0	0
     2586	2023-08-02 17:02:06	30	1	0	0
      916	2023-08-02 17:02:14	30	1	0	0
       84	2023-08-02 17:02:23	30	1	0	0
     2179	2023-08-02 17:02:27	30	1	0	0
      726	2023-08-02 17:02:36	30	1	0	0
     2320	2023-08-02 17:02:43	30	1	0	0
     2320	2023-08-02 17:02:45	30	1	0	0
     1509	2023-08-02 17:02:49	30	1	0	0
      586	2023-08-02 17:02:56	30	1	0	0
      586	2023-08-02 17:02:59	30	1	0	0
     2386	2023-08-02 17:03:06	30	1	0	0
     2901	2023-08-02 17:03:16	30	1	0	0
       92	2023-08-02 17:03:49	30	1	0	0
      393	2023-08-02 17:04:08	30	1	0	0
      393	2023-08-02 17:04:22	30	1	0	0
     2386	2023-08-02 17:05:16	30	1	0	0
     1874	2023-08-02 17:06:00	30	1	0	0
     1874	2023-08-02 17:06:11	30	1	0	0
      906	2023-08-02 17:06:43	30	1	0	0
      906	2023-08-02 17:06:53	30	1	0	0
     2563	2023-08-02 17:08:03	30	1	0	0
       41	2023-08-02 17:08:19	30	1	0	0
     2099	2023-08-02 17:08:45	30	1	0	0
     1179	2023-08-02 17:14:12	30	1	0	0
      217	2023-08-02 17:21:12	30	1	0	0
      217	2023-08-02 17:21:17	30	1	0	0
      217	2023-08-02 17:21:19	30	1	0	0
      468	2023-08-02 17:23:25	30	1	0	0
      645	2023-08-02 17:31:01	30	1	0	0
      396	2023-08-03 06:31:23	30	0	0	0
      396	2023-08-03 06:31:25	30	0	0	0
     2586	2023-08-03 06:56:35	30	0	0	0
     2586	2023-08-03 06:56:36	30	0	0	0
      178	2023-08-03 07:13:21	30	0	0	0
     2099	2023-08-03 07:15:31	30	0	0	0
      645	2023-08-03 07:25:10	30	0	0	0
     1874	2023-08-03 07:40:39	30	0	0	0
     2320	2023-08-03 07:44:37	30	0	0	0
     2320	2023-08-03 07:44:40	30	0	0	0
       84	2023-08-03 07:45:57	30	0	0	0
      258	2023-08-03 07:49:53	30	0	0	0
     1509	2023-08-03 07:50:51	30	0	0	0
      916	2023-08-03 07:51:19	30	0	0	0
      916	2023-08-03 07:51:38	30	0	0	0
      726	2023-08-03 07:51:55	30	0	0	0
       72	2023-08-03 07:52:17	30	0	0	0
     2026	2023-08-03 07:53:32	30	0	0	0
     2026	2023-08-03 07:53:36	30	0	0	0
      217	2023-08-03 07:55:23	30	0	0	0
      468	2023-08-03 07:56:40	30	0	0	0
     2901	2023-08-03 07:57:35	30	0	0	0
       41	2023-08-03 07:58:04	30	0	0	0
     1179	2023-08-03 07:59:00	30	0	0	0
     2563	2023-08-03 07:59:13	30	0	0	0
      334	2023-08-03 07:59:19	30	0	0	0
       92	2023-08-03 08:00:35	30	0	0	0
     2386	2023-08-03 08:00:42	30	0	0	0
     2179	2023-08-03 08:00:45	30	0	0	0
      393	2023-08-03 08:07:10	30	0	0	0
      393	2023-08-03 08:07:12	30	0	0	0
     2099	2023-08-03 12:02:16	30	1	0	0
     2026	2023-08-03 12:02:20	30	1	0	0
     2179	2023-08-03 12:04:16	30	1	0	0
     1509	2023-08-03 12:04:53	30	1	0	0
      726	2023-08-03 12:05:04	30	1	0	0
      726	2023-08-03 12:05:06	30	1	0	0
     2386	2023-08-03 12:07:42	30	1	0	0
     1197	2023-08-03 12:10:41	30	1	0	0
      645	2023-08-03 12:11:11	30	1	0	0
      586	2023-08-03 12:11:21	30	0	0	0
      586	2023-08-03 12:11:23	30	0	0	0
     1179	2023-08-03 12:11:39	30	1	0	0
       41	2023-08-03 12:13:07	30	1	0	0
       84	2023-08-03 12:16:01	30	1	0	0
      396	2023-08-03 12:16:06	30	1	0	0
      396	2023-08-03 12:16:09	30	1	0	0
      217	2023-08-03 12:20:20	30	1	0	0
      906	2023-08-03 12:29:16	30	1	0	0
      906	2023-08-03 12:29:19	30	1	0	0
      258	2023-08-03 12:30:40	30	1	0	0
      396	2023-08-03 12:32:31	30	0	0	0
      396	2023-08-03 12:32:35	30	0	0	0
      334	2023-08-03 12:34:35	30	1	0	0
       92	2023-08-03 12:34:42	30	1	0	0
      393	2023-08-03 12:34:54	30	1	0	0
     2026	2023-08-03 12:35:01	30	0	0	0
       84	2023-08-03 12:35:17	30	0	0	0
     2386	2023-08-03 12:35:24	30	0	0	0
     2099	2023-08-03 12:35:33	30	0	0	0
      726	2023-08-03 12:35:39	30	0	0	0
      645	2023-08-03 12:35:45	30	0	0	0
      217	2023-08-03 12:35:49	30	0	0	0
     2179	2023-08-03 12:35:55	30	0	0	0
     2563	2023-08-03 12:36:01	30	1	0	0
       92	2023-08-03 12:36:14	30	0	0	0
     1509	2023-08-03 12:38:04	30	0	0	0
       41	2023-08-03 12:39:00	30	0	0	0
      396	2023-08-03 12:42:14	30	0	0	0
      396	2023-08-03 12:42:17	30	0	0	0
      334	2023-08-03 12:43:16	30	0	0	0
      258	2023-08-03 12:43:46	30	0	0	0
      393	2023-08-03 12:44:09	30	0	0	0
     2563	2023-08-03 12:44:23	30	0	0	0
     2901	2023-08-03 12:47:35	30	0	0	0
      258	2023-08-03 12:49:28	30	0	0	0
      906	2023-08-03 12:50:39	30	0	0	0
     2768	2023-08-03 12:57:30	30	0	0	0
     2901	2023-08-03 12:58:04	30	0	0	0
     1197	2023-08-03 12:59:14	30	0	0	0
     1197	2023-08-03 12:59:29	30	1	0	0
      916	2023-08-03 17:00:08	30	1	0	0
      178	2023-08-03 17:01:03	30	1	0	0
      396	2023-08-03 17:01:09	30	1	0	0
     2026	2023-08-03 17:01:13	30	1	0	0
      334	2023-08-03 17:01:17	30	1	0	0
      258	2023-08-03 17:01:22	30	1	0	0
     2386	2023-08-03 17:01:29	30	1	0	0
     2901	2023-08-03 17:01:36	30	1	0	0
       84	2023-08-03 17:01:40	30	1	0	0
     1509	2023-08-03 17:01:45	30	1	0	0
     2768	2023-08-03 17:01:49	30	1	0	0
     1197	2023-08-03 17:01:53	30	1	0	0
      586	2023-08-03 17:01:58	30	1	0	0
      586	2023-08-03 17:02:01	30	1	0	0
     2179	2023-08-03 17:02:06	30	1	0	0
     1874	2023-08-03 17:03:14	30	1	0	0
     2320	2023-08-03 17:03:27	30	1	0	0
     2320	2023-08-03 17:03:29	30	1	0	0
      393	2023-08-03 17:03:52	30	1	0	0
      393	2023-08-03 17:03:53	30	1	0	0
     1179	2023-08-03 17:05:24	30	1	0	0
     2563	2023-08-03 17:07:45	30	1	0	0
      217	2023-08-03 17:09:13	30	1	0	0
      726	2023-08-03 17:09:42	30	1	0	0
      906	2023-08-03 17:10:54	30	1	0	0
      906	2023-08-03 17:10:55	30	1	0	0
       72	2023-08-03 17:11:35	30	1	0	0
     2099	2023-08-03 17:12:00	30	1	0	0
       92	2023-08-03 17:12:54	30	1	0	0
       41	2023-08-03 17:16:32	30	1	0	0
      645	2023-08-03 17:33:34	30	1	0	0
     2586	2023-08-03 17:57:50	30	1	0	0
     2586	2023-08-03 17:57:51	30	1	0	0
      396	2023-08-04 06:22:09	30	0	0	0
      396	2023-08-04 06:22:11	30	0	0	0
     2099	2023-08-04 06:51:01	30	0	0	0
      178	2023-08-04 06:54:06	30	0	0	0
      645	2023-08-04 07:19:19	30	0	0	0
     1874	2023-08-04 07:30:25	30	0	0	0
      258	2023-08-04 07:40:04	30	0	0	0
      586	2023-08-04 07:41:52	30	0	0	0
      586	2023-08-04 07:41:55	30	0	0	0
      217	2023-08-04 07:43:59	30	0	0	0
     2586	2023-08-04 07:48:09	30	0	0	0
     2586	2023-08-04 07:48:10	30	0	0	0
       84	2023-08-04 07:49:20	30	0	0	0
      916	2023-08-04 07:51:02	30	0	0	0
       72	2023-08-04 07:52:28	30	0	0	0
       92	2023-08-04 07:53:27	30	0	0	0
       41	2023-08-04 07:54:49	30	0	0	0
      334	2023-08-04 07:55:27	30	0	0	0
      393	2023-08-04 07:56:00	30	0	0	0
      393	2023-08-04 07:56:06	30	0	0	0
      393	2023-08-04 07:56:08	30	0	0	0
     2901	2023-08-04 07:56:32	30	0	0	0
     2026	2023-08-04 07:58:03	30	0	0	0
     2026	2023-08-04 07:58:07	30	0	0	0
     1179	2023-08-04 08:03:32	30	0	0	0
     2179	2023-08-04 08:05:20	30	0	0	0
     1197	2023-08-04 08:06:02	30	0	0	0
     2386	2023-08-04 08:07:38	30	0	0	0
     2563	2023-08-04 08:18:31	30	0	0	0
      645	2023-08-04 12:01:27	30	1	0	0
     2179	2023-08-04 12:02:28	30	1	0	0
     2563	2023-08-04 12:02:53	30	1	0	0
      916	2023-08-04 12:04:59	30	1	0	0
     2026	2023-08-04 12:05:03	30	1	0	0
     2586	2023-08-04 12:05:09	30	1	0	0
       84	2023-08-04 12:06:54	30	1	0	0
     1179	2023-08-04 12:07:43	30	1	0	0
     1874	2023-08-04 12:07:50	30	1	0	0
     2386	2023-08-04 12:08:02	30	1	0	0
      258	2023-08-04 12:08:16	30	1	0	0
     1197	2023-08-04 12:08:58	30	1	0	0
     2901	2023-08-04 12:14:45	30	0	0	0
      645	2023-08-04 12:15:02	30	0	0	0
      586	2023-08-04 12:15:40	30	1	0	0
      396	2023-08-04 12:17:58	30	1	0	0
      396	2023-08-04 12:18:02	30	1	0	0
     1197	2023-08-04 12:24:38	30	0	0	0
      586	2023-08-04 12:24:44	30	0	0	0
      906	2023-08-04 12:33:17	30	1	0	0
      906	2023-08-04 12:33:19	30	1	0	0
      396	2023-08-04 12:34:24	30	0	0	0
      396	2023-08-04 12:34:27	30	0	0	0
     2179	2023-08-04 12:35:08	30	0	0	0
     2586	2023-08-04 12:35:54	30	0	0	0
     2026	2023-08-04 12:35:59	30	0	0	0
     2563	2023-08-04 12:36:02	30	0	0	0
      334	2023-08-04 12:36:08	30	1	0	0
       92	2023-08-04 12:36:15	30	1	0	0
      258	2023-08-04 12:36:28	30	0	0	0
      393	2023-08-04 12:36:38	30	1	0	0
     2099	2023-08-04 12:38:59	30	1	0	0
      178	2023-08-04 12:39:08	30	1	0	0
      217	2023-08-04 12:39:39	30	1	0	0
     2386	2023-08-04 12:39:47	30	0	0	0
      178	2023-08-04 12:41:23	30	0	0	0
       92	2023-08-04 12:46:32	30	0	0	0
      393	2023-08-04 12:46:42	30	0	0	0
      393	2023-08-04 12:46:44	30	0	0	0
     2099	2023-08-04 12:47:19	30	0	0	0
      217	2023-08-04 12:48:17	30	0	0	0
      217	2023-08-04 12:48:18	30	0	0	0
      906	2023-08-04 12:50:36	30	0	0	0
      906	2023-08-04 12:50:38	30	0	0	0
      334	2023-08-04 12:52:34	30	0	0	0
       84	2023-08-04 12:59:00	30	0	0	0
     2901	2023-08-04 13:00:37	30	0	0	0
      178	2023-08-04 17:01:03	30	1	0	0
      396	2023-08-04 17:01:07	30	1	0	0
       72	2023-08-04 17:01:11	30	1	0	0
     2386	2023-08-04 17:02:01	30	1	0	0
       84	2023-08-04 17:02:06	30	1	0	0
     2179	2023-08-04 17:02:10	30	1	0	0
     2586	2023-08-04 17:02:17	30	1	0	0
     2586	2023-08-04 17:02:19	30	1	0	0
      586	2023-08-04 17:02:27	30	1	0	0
      586	2023-08-04 17:02:30	30	1	0	0
      258	2023-08-04 17:02:42	30	1	0	0
     2026	2023-08-04 17:03:19	30	1	0	0
      334	2023-08-04 17:03:23	30	1	0	0
      393	2023-08-04 17:03:31	30	1	0	0
     1197	2023-08-04 17:03:35	30	1	0	0
      393	2023-08-04 17:04:36	30	1	0	0
     2901	2023-08-04 17:04:43	30	1	0	0
       92	2023-08-04 17:05:12	30	0	0	0
       92	2023-08-04 17:05:18	30	1	0	0
     2563	2023-08-04 17:07:30	30	1	0	0
     2386	2023-08-04 17:07:45	30	0	0	0
     2386	2023-08-04 17:07:56	30	0	0	0
      217	2023-08-04 17:09:41	30	1	0	0
      906	2023-08-04 17:10:31	30	1	0	0
      906	2023-08-04 17:10:32	30	1	0	0
     2099	2023-08-04 17:10:38	30	1	0	0
       41	2023-08-04 17:15:26	30	1	0	0
      645	2023-08-04 17:25:29	30	1	0	0
     2386	2023-08-04 22:10:51	30	1	0	0
     2386	2023-08-05 09:33:44	30	0	0	0
     2386	2023-08-05 09:33:58	30	0	0	0
     2386	2023-08-05 17:01:31	30	1	0	0
     2386	2023-08-05 17:03:21	30	1	0	0
      396	2023-08-07 06:32:27	30	0	0	0
      396	2023-08-07 06:32:29	30	0	0	0
     2099	2023-08-07 06:47:48	30	0	0	0
      178	2023-08-07 06:48:17	30	0	0	0
      393	2023-08-07 07:08:12	30	0	0	0
      393	2023-08-07 07:08:16	30	0	0	0
      645	2023-08-07 07:08:25	30	0	0	0
      258	2023-08-07 07:26:32	30	0	0	0
     2320	2023-08-07 07:33:57	30	0	0	0
     2320	2023-08-07 07:33:58	30	0	0	0
       84	2023-08-07 07:37:31	30	0	0	0
      916	2023-08-07 07:43:34	30	0	0	0
     2026	2023-08-07 07:44:13	30	0	0	0
     2026	2023-08-07 07:44:18	30	0	0	0
      334	2023-08-07 07:44:28	30	0	0	0
      586	2023-08-07 07:46:38	30	0	0	0
      586	2023-08-07 07:46:41	30	0	0	0
      217	2023-08-07 07:47:35	30	0	0	0
     2586	2023-08-07 07:48:20	30	0	0	0
     2586	2023-08-07 07:48:21	30	0	0	0
     1509	2023-08-07 07:48:55	30	0	0	0
       92	2023-08-07 07:49:23	30	0	0	0
      468	2023-08-07 07:53:44	30	0	0	0
       72	2023-08-07 07:54:18	30	0	0	0
     2901	2023-08-07 07:55:36	30	0	0	0
     1874	2023-08-07 07:56:00	30	0	0	0
     1197	2023-08-07 07:56:46	30	0	0	0
     2179	2023-08-07 08:00:16	30	0	0	0
     1179	2023-08-07 08:01:31	30	0	0	0
      726	2023-08-07 08:01:35	30	0	0	0
     2386	2023-08-07 08:04:54	30	0	0	0
     2386	2023-08-07 08:04:59	30	0	0	0
     2563	2023-08-07 08:09:34	30	0	0	0
      258	2023-08-07 12:05:21	30	1	0	0
       84	2023-08-07 12:06:16	30	1	0	0
      217	2023-08-07 12:09:05	30	1	0	0
     2099	2023-08-07 12:09:09	30	1	0	0
       84	2023-08-07 12:09:53	30	0	0	0
      178	2023-08-07 12:10:06	30	1	0	0
      645	2023-08-07 12:11:31	30	1	0	0
      586	2023-08-07 12:12:36	30	1	0	0
     2901	2023-08-07 12:12:59	30	1	0	0
      726	2023-08-07 12:13:15	30	1	0	0
     1179	2023-08-07 12:14:12	30	1	0	0
     1197	2023-08-07 12:17:49	30	1	0	0
      396	2023-08-07 12:18:01	30	1	0	0
      396	2023-08-07 12:18:04	30	1	0	0
     2179	2023-08-07 12:21:38	30	1	0	0
     1509	2023-08-07 12:21:52	30	1	0	0
      334	2023-08-07 12:25:01	30	1	0	0
       92	2023-08-07 12:25:11	30	1	0	0
      393	2023-08-07 12:25:19	30	1	0	0
      393	2023-08-07 12:25:20	30	1	0	0
     2563	2023-08-07 12:25:58	30	1	0	0
     2586	2023-08-07 12:26:04	30	1	0	0
     2026	2023-08-07 12:26:09	30	1	0	0
      906	2023-08-07 12:27:39	30	1	0	0
      906	2023-08-07 12:27:40	30	1	0	0
      586	2023-08-07 12:30:07	30	0	0	0
      586	2023-08-07 12:30:10	30	0	0	0
      396	2023-08-07 12:33:05	30	0	0	0
      396	2023-08-07 12:33:08	30	0	0	0
      258	2023-08-07 12:34:57	30	0	0	0
      178	2023-08-07 12:35:19	30	0	0	0
     2563	2023-08-07 12:35:33	30	0	0	0
     2586	2023-08-07 12:35:40	30	0	0	0
     2026	2023-08-07 12:35:46	30	0	0	0
     2179	2023-08-07 12:36:07	30	0	0	0
      726	2023-08-07 12:36:29	30	0	0	0
     1509	2023-08-07 12:36:51	30	0	0	0
     2099	2023-08-07 12:37:00	30	0	0	0
      645	2023-08-07 12:37:31	30	0	0	0
     1197	2023-08-07 12:38:23	30	0	0	0
      906	2023-08-07 12:39:20	30	0	0	0
      906	2023-08-07 12:39:24	30	0	0	0
      217	2023-08-07 12:39:28	30	0	0	0
     1179	2023-08-07 12:44:08	30	0	0	0
     2320	2023-08-07 12:46:06	30	1	0	0
      916	2023-08-07 12:46:11	30	1	0	0
     1874	2023-08-07 12:46:16	30	1	0	0
       92	2023-08-07 12:49:23	30	0	0	0
      393	2023-08-07 12:49:30	30	0	0	0
      334	2023-08-07 12:51:08	30	0	0	0
     1874	2023-08-07 12:52:17	30	0	0	0
     2320	2023-08-07 12:54:03	30	0	0	0
      916	2023-08-07 12:58:25	30	0	0	0
     2901	2023-08-07 12:59:31	30	0	0	0
      586	2023-08-07 17:00:50	30	1	0	0
      586	2023-08-07 17:00:53	30	1	0	0
      178	2023-08-07 17:01:05	30	1	0	0
      916	2023-08-07 17:01:25	30	1	0	0
     1509	2023-08-07 17:01:30	30	1	0	0
     1197	2023-08-07 17:01:37	30	1	0	0
      396	2023-08-07 17:01:42	30	1	0	0
      396	2023-08-07 17:01:44	30	1	0	0
     2026	2023-08-07 17:01:50	30	1	0	0
      334	2023-08-07 17:01:58	30	1	0	0
       72	2023-08-07 17:02:28	30	1	0	0
       84	2023-08-07 17:02:39	30	1	0	0
     2179	2023-08-07 17:02:45	30	1	0	0
       92	2023-08-07 17:02:52	30	1	0	0
     2563	2023-08-07 17:03:10	30	1	0	0
      258	2023-08-07 17:03:18	30	1	0	0
     2320	2023-08-07 17:03:23	30	1	0	0
     2320	2023-08-07 17:03:26	30	1	0	0
     2586	2023-08-07 17:04:14	30	1	0	0
     2586	2023-08-07 17:04:15	30	1	0	0
     2099	2023-08-07 17:04:47	30	1	0	0
      726	2023-08-07 17:05:04	30	1	0	0
      393	2023-08-07 17:05:13	30	1	0	0
      393	2023-08-07 17:05:15	30	1	0	0
     1874	2023-08-07 17:05:36	30	1	0	0
     2901	2023-08-07 17:05:55	30	1	0	0
     1179	2023-08-07 17:06:03	30	1	0	0
     2386	2023-08-07 17:06:43	30	1	0	0
      906	2023-08-07 17:09:51	30	1	0	0
      906	2023-08-07 17:09:53	30	1	0	0
      217	2023-08-07 17:10:47	30	1	0	0
      468	2023-08-07 17:26:06	30	1	0	0
      468	2023-08-07 17:26:11	30	1	0	0
      645	2023-08-07 17:28:55	30	1	0	0
      396	2023-08-08 06:30:31	30	0	0	0
      396	2023-08-08 06:30:33	30	0	0	0
     2099	2023-08-08 06:46:28	30	0	0	0
      178	2023-08-08 06:47:00	30	0	0	0
     2026	2023-08-08 07:12:44	30	0	0	0
     2026	2023-08-08 07:12:47	30	0	0	0
      645	2023-08-08 07:20:04	30	0	0	0
       72	2023-08-08 07:41:25	30	0	0	0
      258	2023-08-08 07:42:22	30	0	0	0
     2320	2023-08-08 07:49:53	30	0	0	0
     2320	2023-08-08 07:49:54	30	0	0	0
     1509	2023-08-08 07:51:27	30	0	0	0
     2901	2023-08-08 07:51:34	30	0	0	0
     2586	2023-08-08 07:52:33	30	0	0	0
     2586	2023-08-08 07:52:35	30	0	0	0
      586	2023-08-08 07:53:25	30	0	0	0
      586	2023-08-08 07:53:28	30	0	0	0
      217	2023-08-08 07:53:57	30	0	0	0
      916	2023-08-08 07:54:40	30	0	0	0
     2563	2023-08-08 07:54:44	30	0	0	0
     2179	2023-08-08 07:55:29	30	0	0	0
     1179	2023-08-08 07:56:00	30	0	0	0
      468	2023-08-08 07:56:39	30	0	0	0
     1874	2023-08-08 07:57:10	30	0	0	0
      334	2023-08-08 07:57:49	30	0	0	0
      726	2023-08-08 07:58:11	30	0	0	0
      726	2023-08-08 07:58:12	30	0	0	0
       92	2023-08-08 07:58:16	30	0	0	0
       84	2023-08-08 08:00:07	30	0	0	0
     1197	2023-08-08 08:02:09	30	0	0	0
     2386	2023-08-08 08:07:48	30	0	0	0
      393	2023-08-08 08:17:40	30	0	0	0
      393	2023-08-08 08:17:43	30	0	0	0
     2586	2023-08-08 12:02:42	30	1	0	0
     2026	2023-08-08 12:02:46	30	1	0	0
     2386	2023-08-08 12:02:56	30	1	0	0
     2563	2023-08-08 12:04:31	30	1	0	0
       92	2023-08-08 12:04:42	30	1	0	0
     2099	2023-08-08 12:05:11	30	1	0	0
      396	2023-08-08 12:07:33	30	1	0	0
      396	2023-08-08 12:07:34	30	1	0	0
     1197	2023-08-08 12:08:39	30	1	0	0
     1509	2023-08-08 12:08:47	30	1	0	0
      334	2023-08-08 12:08:51	30	1	0	0
     2179	2023-08-08 12:08:56	30	1	0	0
       92	2023-08-08 12:09:09	30	0	0	0
      258	2023-08-08 12:13:06	30	1	0	0
      726	2023-08-08 12:13:33	30	1	0	0
       84	2023-08-08 12:14:42	30	1	0	0
      586	2023-08-08 12:19:08	30	1	0	0
      393	2023-08-08 12:19:58	30	1	0	0
     1179	2023-08-08 12:22:23	30	1	0	0
      645	2023-08-08 12:22:49	30	1	0	0
      906	2023-08-08 12:27:13	30	1	0	0
      906	2023-08-08 12:27:15	30	1	0	0
      645	2023-08-08 12:30:04	30	0	0	0
      396	2023-08-08 12:30:28	30	0	0	0
      396	2023-08-08 12:30:30	30	0	0	0
      334	2023-08-08 12:32:36	30	0	0	0
      393	2023-08-08 12:32:45	30	0	0	0
      393	2023-08-08 12:32:51	30	0	0	0
     2026	2023-08-08 12:32:56	30	0	0	0
     1509	2023-08-08 12:34:57	30	0	0	0
     2179	2023-08-08 12:35:08	30	0	0	0
     2563	2023-08-08 12:35:31	30	0	0	0
     2386	2023-08-08 12:35:42	30	0	0	0
     2586	2023-08-08 12:35:54	30	0	0	0
     2099	2023-08-08 12:35:57	30	0	0	0
     1179	2023-08-08 12:36:24	30	0	0	0
       84	2023-08-08 12:38:39	30	0	0	0
      258	2023-08-08 12:39:25	30	0	0	0
      586	2023-08-08 12:46:03	30	0	0	0
     1197	2023-08-08 12:46:20	30	0	0	0
      726	2023-08-08 12:46:26	30	0	0	0
      906	2023-08-08 12:47:52	30	0	0	0
      906	2023-08-08 12:47:53	30	0	0	0
      217	2023-08-08 12:51:18	30	1	0	0
      217	2023-08-08 12:53:35	30	0	0	0
      726	2023-08-08 12:57:44	30	0	0	0
      178	2023-08-08 17:01:10	30	1	0	0
     1197	2023-08-08 17:01:15	30	1	0	0
      393	2023-08-08 17:01:23	30	1	0	0
      258	2023-08-08 17:01:36	30	1	0	0
      586	2023-08-08 17:01:47	30	1	0	0
      586	2023-08-08 17:01:50	30	1	0	0
      396	2023-08-08 17:02:09	30	1	0	0
      396	2023-08-08 17:02:11	30	1	0	0
     2026	2023-08-08 17:02:15	30	1	0	0
     2901	2023-08-08 17:02:33	30	0	0	0
      334	2023-08-08 17:02:40	30	1	0	0
     1509	2023-08-08 17:02:46	30	1	0	0
     2179	2023-08-08 17:02:51	30	1	0	0
      916	2023-08-08 17:03:00	30	1	0	0
     2586	2023-08-08 17:03:05	30	1	0	0
     2586	2023-08-08 17:03:06	30	1	0	0
     2386	2023-08-08 17:03:11	30	1	0	0
     2563	2023-08-08 17:03:32	30	1	0	0
       84	2023-08-08 17:03:47	30	1	0	0
      726	2023-08-08 17:04:19	30	1	0	0
      726	2023-08-08 17:04:20	30	1	0	0
     2320	2023-08-08 17:04:51	30	1	0	0
     2320	2023-08-08 17:04:53	30	1	0	0
       72	2023-08-08 17:05:03	30	1	0	0
     1874	2023-08-08 17:05:44	30	0	0	0
     1874	2023-08-08 17:05:50	30	1	0	0
      393	2023-08-08 17:07:55	30	1	0	0
     1179	2023-08-08 17:08:45	30	1	0	0
     2099	2023-08-08 17:10:00	30	1	0	0
      906	2023-08-08 17:11:45	30	1	0	0
      906	2023-08-08 17:11:47	30	1	0	0
      468	2023-08-08 17:12:50	30	1	0	0
      217	2023-08-08 17:12:56	30	1	0	0
       92	2023-08-08 17:15:45	30	1	0	0
      645	2023-08-08 17:28:00	30	1	0	0
      396	2023-08-09 06:20:11	30	0	0	0
      396	2023-08-09 06:20:13	30	0	0	0
     2099	2023-08-09 06:50:13	30	0	0	0
      178	2023-08-09 06:52:08	30	0	0	0
      645	2023-08-09 07:11:00	30	0	0	0
      586	2023-08-09 07:37:22	30	0	0	0
      586	2023-08-09 07:37:24	30	0	0	0
     2320	2023-08-09 07:44:48	30	0	0	0
     2320	2023-08-09 07:44:50	30	0	0	0
      916	2023-08-09 07:51:06	30	0	0	0
       72	2023-08-09 07:51:17	30	0	0	0
      217	2023-08-09 07:51:28	30	0	0	0
     2179	2023-08-09 07:52:37	30	0	0	0
      334	2023-08-09 07:53:43	30	0	0	0
     2386	2023-08-09 07:54:53	30	0	0	0
     2026	2023-08-09 07:56:22	30	0	0	0
     2026	2023-08-09 07:56:26	30	0	0	0
     2901	2023-08-09 07:56:38	30	0	0	0
      258	2023-08-09 07:57:15	30	0	0	0
      468	2023-08-09 07:58:48	30	0	0	0
      726	2023-08-09 07:59:51	30	0	0	0
      393	2023-08-09 08:00:10	30	0	0	0
      393	2023-08-09 08:00:13	30	0	0	0
       92	2023-08-09 08:00:43	30	0	0	0
     1179	2023-08-09 08:01:18	30	0	0	0
       84	2023-08-09 08:02:34	30	0	0	0
     1509	2023-08-09 08:04:19	30	0	0	0
     1197	2023-08-09 08:05:56	30	0	0	0
     2563	2023-08-09 08:10:05	30	0	0	0
     1874	2023-08-09 08:11:25	30	0	0	0
       72	2023-08-09 12:01:16	30	1	0	0
     2099	2023-08-09 12:01:22	30	1	0	0
     2026	2023-08-09 12:01:36	30	1	0	0
     2563	2023-08-09 12:01:39	30	1	0	0
     1509	2023-08-09 12:01:48	30	1	0	0
     2179	2023-08-09 12:01:52	30	1	0	0
     1197	2023-08-09 12:02:30	30	1	0	0
       72	2023-08-09 12:03:54	30	0	0	0
     2099	2023-08-09 12:06:28	30	0	0	0
     1179	2023-08-09 12:09:24	30	1	0	0
     1197	2023-08-09 12:10:49	30	0	0	0
     1874	2023-08-09 12:11:11	30	1	0	0
     2320	2023-08-09 12:12:16	30	1	0	0
      726	2023-08-09 12:12:42	30	1	0	0
      586	2023-08-09 12:12:49	30	1	0	0
      396	2023-08-09 12:14:57	30	1	0	0
      396	2023-08-09 12:14:59	30	1	0	0
     2901	2023-08-09 12:15:19	30	1	0	0
      645	2023-08-09 12:16:27	30	1	0	0
      258	2023-08-09 12:21:51	30	1	0	0
      217	2023-08-09 12:22:14	30	1	0	0
      217	2023-08-09 12:22:18	30	1	0	0
      217	2023-08-09 12:22:19	30	1	0	0
      396	2023-08-09 12:22:27	30	0	0	0
      396	2023-08-09 12:22:29	30	0	0	0
      393	2023-08-09 12:22:39	30	1	0	0
      334	2023-08-09 12:22:45	30	1	0	0
      586	2023-08-09 12:32:48	30	0	0	0
       92	2023-08-09 12:33:32	30	1	0	0
     2563	2023-08-09 12:33:47	30	0	0	0
      916	2023-08-09 12:34:34	30	1	0	0
      217	2023-08-09 12:37:00	30	0	0	0
       84	2023-08-09 12:37:09	30	1	0	0
     1509	2023-08-09 12:37:13	30	0	0	0
      726	2023-08-09 12:37:18	30	0	0	0
      726	2023-08-09 12:37:19	30	0	0	0
     2179	2023-08-09 12:37:21	30	0	0	0
      645	2023-08-09 12:37:25	30	0	0	0
     2026	2023-08-09 12:37:30	30	0	0	0
      393	2023-08-09 12:38:33	30	0	0	0
      393	2023-08-09 12:38:37	30	0	0	0
     2320	2023-08-09 12:38:55	30	0	0	0
     2320	2023-08-09 12:38:56	30	0	0	0
      258	2023-08-09 12:40:31	30	0	0	0
      334	2023-08-09 12:41:14	30	0	0	0
     1874	2023-08-09 12:41:19	30	0	0	0
     1874	2023-08-09 12:41:26	30	0	0	0
       92	2023-08-09 12:44:20	30	0	0	0
     1179	2023-08-09 12:47:35	30	0	0	0
     2901	2023-08-09 12:47:53	30	0	0	0
      916	2023-08-09 12:49:07	30	0	0	0
       84	2023-08-09 12:56:16	30	0	0	0
      258	2023-08-09 17:00:29	30	1	0	0
     1197	2023-08-09 17:00:34	30	1	0	0
     1197	2023-08-09 17:00:41	30	1	0	0
      586	2023-08-09 17:00:46	30	1	0	0
      586	2023-08-09 17:00:49	30	1	0	0
      726	2023-08-09 17:00:55	30	1	0	0
      916	2023-08-09 17:01:12	30	1	0	0
      334	2023-08-09 17:01:33	30	1	0	0
     2026	2023-08-09 17:01:37	30	1	0	0
     2386	2023-08-09 17:01:58	30	1	0	0
      178	2023-08-09 17:02:03	30	1	0	0
     1509	2023-08-09 17:02:11	30	1	0	0
     2179	2023-08-09 17:02:14	30	1	0	0
      726	2023-08-09 17:02:18	30	1	0	0
       72	2023-08-09 17:02:27	30	1	0	0
     2320	2023-08-09 17:02:31	30	1	0	0
     2320	2023-08-09 17:02:33	30	1	0	0
     1874	2023-08-09 17:02:36	30	1	0	0
     1874	2023-08-09 17:02:40	30	1	0	0
       84	2023-08-09 17:03:01	30	1	0	0
      396	2023-08-09 17:03:23	30	1	0	0
      396	2023-08-09 17:03:25	30	1	0	0
     2563	2023-08-09 17:03:32	30	1	0	0
      393	2023-08-09 17:03:46	30	1	0	0
      393	2023-08-09 17:03:51	30	1	0	0
       92	2023-08-09 17:04:30	30	1	0	0
     1179	2023-08-09 17:04:35	30	1	0	0
     2099	2023-08-09 17:04:45	30	1	0	0
     2386	2023-08-09 17:06:38	30	0	0	0
      217	2023-08-09 17:07:40	30	1	0	0
      217	2023-08-09 17:07:41	30	1	0	0
      906	2023-08-09 17:10:58	30	1	0	0
      906	2023-08-09 17:11:00	30	1	0	0
      468	2023-08-09 17:56:21	30	1	0	0
      645	2023-08-09 17:56:57	30	1	0	0
     2386	2023-08-09 22:52:36	30	1	0	0
      396	2023-08-10 06:35:53	30	0	0	0
      396	2023-08-10 06:35:55	30	0	0	0
     2099	2023-08-10 06:44:25	30	0	0	0
      178	2023-08-10 06:46:03	30	0	0	0
      645	2023-08-10 07:23:52	30	0	0	0
     2026	2023-08-10 07:24:33	30	0	0	0
     2026	2023-08-10 07:24:37	30	0	0	0
       84	2023-08-10 07:39:42	30	0	0	0
       72	2023-08-10 07:44:23	30	0	0	0
     1179	2023-08-10 07:47:00	30	0	0	0
     2179	2023-08-10 07:47:14	30	0	0	0
     1197	2023-08-10 07:48:27	30	0	0	0
      586	2023-08-10 07:48:32	30	0	0	0
      586	2023-08-10 07:48:35	30	0	0	0
     2320	2023-08-10 07:51:38	30	0	0	0
     2320	2023-08-10 07:51:40	30	0	0	0
     2586	2023-08-10 07:52:38	30	0	0	0
     2586	2023-08-10 07:52:39	30	0	0	0
     1509	2023-08-10 07:54:33	30	0	0	0
      258	2023-08-10 07:54:53	30	0	0	0
     2901	2023-08-10 07:55:00	30	0	0	0
      217	2023-08-10 07:57:27	30	0	0	0
      726	2023-08-10 08:00:20	30	0	0	0
     1874	2023-08-10 08:01:39	30	0	0	0
      334	2023-08-10 08:01:49	30	0	0	0
      916	2023-08-10 08:08:26	30	0	0	0
      468	2023-08-10 08:12:04	30	0	0	0
     2386	2023-08-10 08:12:50	30	0	0	0
     2563	2023-08-10 08:28:45	30	0	0	0
     2099	2023-08-10 12:00:06	30	1	0	0
     2179	2023-08-10 12:02:17	30	1	0	0
     1197	2023-08-10 12:03:41	30	1	0	0
     1509	2023-08-10 12:05:18	30	1	0	0
      217	2023-08-10 12:05:45	30	1	0	0
      217	2023-08-10 12:05:46	30	1	0	0
      396	2023-08-10 12:06:07	30	1	0	0
      396	2023-08-10 12:06:08	30	1	0	0
     2563	2023-08-10 12:07:06	30	1	0	0
      645	2023-08-10 12:07:23	30	1	0	0
      334	2023-08-10 12:08:10	30	1	0	0
     2586	2023-08-10 12:08:19	30	1	0	0
     2026	2023-08-10 12:08:23	30	1	0	0
     2320	2023-08-10 12:11:47	30	1	0	0
      258	2023-08-10 12:13:56	30	1	0	0
      645	2023-08-10 12:14:06	30	0	0	0
     1874	2023-08-10 12:18:50	30	1	0	0
     2386	2023-08-10 12:20:03	30	1	0	0
     2563	2023-08-10 12:24:22	30	0	0	0
      586	2023-08-10 12:24:53	30	1	0	0
      726	2023-08-10 12:24:58	30	1	0	0
     1179	2023-08-10 12:30:41	30	1	0	0
     2386	2023-08-10 12:31:04	30	0	0	0
     2386	2023-08-10 12:31:05	30	0	0	0
      396	2023-08-10 12:31:35	30	0	0	0
      396	2023-08-10 12:31:36	30	0	0	0
     2099	2023-08-10 12:31:43	30	0	0	0
     2586	2023-08-10 12:32:28	30	0	0	0
      906	2023-08-10 12:32:39	30	1	0	0
      906	2023-08-10 12:32:42	30	1	0	0
      258	2023-08-10 12:32:50	30	0	0	0
     2320	2023-08-10 12:34:18	30	0	0	0
     2320	2023-08-10 12:34:20	30	0	0	0
      217	2023-08-10 12:35:56	30	0	0	0
      217	2023-08-10 12:36:00	30	0	0	0
       84	2023-08-10 12:36:32	30	1	0	0
      334	2023-08-10 12:38:08	30	0	0	0
      726	2023-08-10 12:38:20	30	0	0	0
     2179	2023-08-10 12:38:30	30	0	0	0
     1874	2023-08-10 12:39:33	30	0	0	0
      916	2023-08-10 12:39:42	30	1	0	0
     1179	2023-08-10 12:44:56	30	0	0	0
       84	2023-08-10 12:45:02	30	0	0	0
      726	2023-08-10 12:45:38	30	0	0	0
     1509	2023-08-10 12:46:09	30	0	0	0
      586	2023-08-10 12:46:18	30	0	0	0
      393	2023-08-10 12:46:32	30	0	0	0
      393	2023-08-10 12:46:35	30	0	0	0
      916	2023-08-10 12:51:11	30	0	0	0
     2901	2023-08-10 12:51:19	30	0	0	0
      906	2023-08-10 12:51:29	30	0	0	0
      906	2023-08-10 12:51:31	30	0	0	0
      178	2023-08-10 17:01:04	30	1	0	0
      396	2023-08-10 17:01:09	30	1	0	0
      334	2023-08-10 17:01:15	30	1	0	0
     2026	2023-08-10 17:01:19	30	1	0	0
      258	2023-08-10 17:01:24	30	1	0	0
     1197	2023-08-10 17:01:29	30	1	0	0
     2586	2023-08-10 17:01:33	30	1	0	0
     2586	2023-08-10 17:01:35	30	1	0	0
      726	2023-08-10 17:01:39	30	1	0	0
      586	2023-08-10 17:01:46	30	1	0	0
      586	2023-08-10 17:01:48	30	1	0	0
      916	2023-08-10 17:02:06	30	1	0	0
     2386	2023-08-10 17:02:14	30	1	0	0
     1509	2023-08-10 17:02:23	30	1	0	0
     2901	2023-08-10 17:02:30	30	1	0	0
     2179	2023-08-10 17:02:36	30	1	0	0
      393	2023-08-10 17:03:09	30	1	0	0
      393	2023-08-10 17:03:16	30	1	0	0
     2563	2023-08-10 17:03:21	30	1	0	0
       84	2023-08-10 17:03:25	30	1	0	0
     2320	2023-08-10 17:04:01	30	1	0	0
     2320	2023-08-10 17:04:02	30	1	0	0
     2386	2023-08-10 17:04:18	30	1	0	0
     1874	2023-08-10 17:04:48	30	1	0	0
      217	2023-08-10 17:06:05	30	1	0	0
     2099	2023-08-10 17:07:35	30	1	0	0
     1179	2023-08-10 17:07:41	30	1	0	0
       72	2023-08-10 17:12:14	30	1	0	0
      468	2023-08-10 17:12:21	30	1	0	0
      645	2023-08-10 17:25:22	30	1	0	0
      396	2023-08-11 06:26:40	30	0	0	0
      396	2023-08-11 06:26:44	30	0	0	0
     2099	2023-08-11 06:44:28	30	0	0	0
      178	2023-08-11 06:44:47	30	0	0	0
      645	2023-08-11 07:18:38	30	0	0	0
     2320	2023-08-11 07:39:58	30	0	0	0
     2320	2023-08-11 07:40:00	30	0	0	0
      586	2023-08-11 07:41:49	30	0	0	0
      586	2023-08-11 07:41:51	30	0	0	0
     2026	2023-08-11 07:43:39	30	0	0	0
     2026	2023-08-11 07:43:43	30	0	0	0
      258	2023-08-11 07:45:43	30	0	0	0
       72	2023-08-11 07:47:25	30	0	0	0
      916	2023-08-11 07:54:57	30	0	0	0
     2901	2023-08-11 07:55:02	30	0	0	0
     1179	2023-08-11 07:56:30	30	0	0	0
     2179	2023-08-11 07:58:13	30	0	0	0
      468	2023-08-11 07:58:39	30	0	0	0
      217	2023-08-11 08:01:07	30	0	0	0
       92	2023-08-11 08:02:09	30	0	0	0
     1509	2023-08-11 08:02:52	30	0	0	0
     2386	2023-08-11 08:04:11	30	0	0	0
     2386	2023-08-11 08:04:12	30	0	0	0
     1197	2023-08-11 08:05:13	30	0	0	0
      393	2023-08-11 08:07:41	30	0	0	0
      393	2023-08-11 08:07:47	30	0	0	0
     2586	2023-08-11 08:09:16	30	0	0	0
     2586	2023-08-11 08:09:17	30	0	0	0
     1874	2023-08-11 08:12:59	30	0	0	0
      726	2023-08-11 08:14:21	30	0	0	0
     2563	2023-08-11 08:41:47	30	0	0	0
     2386	2023-08-11 12:01:13	30	1	0	0
     2563	2023-08-11 12:01:34	30	1	0	0
      645	2023-08-11 12:01:44	30	1	0	0
      726	2023-08-11 12:04:23	30	1	0	0
      258	2023-08-11 12:04:27	30	1	0	0
     2586	2023-08-11 12:04:45	30	1	0	0
      586	2023-08-11 12:05:03	30	1	0	0
       92	2023-08-11 12:09:15	30	1	0	0
      393	2023-08-11 12:09:29	30	1	0	0
     1179	2023-08-11 12:10:02	30	1	0	0
     2563	2023-08-11 12:10:28	30	0	0	0
     2179	2023-08-11 12:10:57	30	1	0	0
     2026	2023-08-11 12:11:04	30	1	0	0
     2099	2023-08-11 12:11:33	30	1	0	0
     1509	2023-08-11 12:11:52	30	1	0	0
      217	2023-08-11 12:16:20	30	1	0	0
     1197	2023-08-11 12:18:29	30	1	0	0
      645	2023-08-11 12:19:49	30	0	0	0
     1197	2023-08-11 12:20:23	30	0	0	0
      396	2023-08-11 12:21:59	30	1	0	0
      396	2023-08-11 12:22:01	30	1	0	0
     2099	2023-08-11 12:28:29	30	0	0	0
     2586	2023-08-11 12:28:39	30	0	0	0
     2026	2023-08-11 12:28:51	30	0	0	0
      396	2023-08-11 12:31:02	30	0	0	0
      396	2023-08-11 12:31:05	30	0	0	0
      258	2023-08-11 12:31:18	30	0	0	0
      726	2023-08-11 12:31:26	30	0	0	0
      726	2023-08-11 12:31:27	30	0	0	0
       92	2023-08-11 12:32:04	30	0	0	0
      393	2023-08-11 12:32:10	30	0	0	0
     1509	2023-08-11 12:32:39	30	0	0	0
     2386	2023-08-11 12:34:34	30	0	0	0
     2179	2023-08-11 12:34:39	30	0	0	0
     1179	2023-08-11 12:36:47	30	0	0	0
      906	2023-08-11 12:39:16	30	1	0	0
      906	2023-08-11 12:39:18	30	1	0	0
      217	2023-08-11 12:49:14	30	0	0	0
      217	2023-08-11 12:49:16	30	0	0	0
      906	2023-08-11 12:49:42	30	0	0	0
      906	2023-08-11 12:49:44	30	0	0	0
      586	2023-08-11 13:04:25	30	0	0	0
     1509	2023-08-11 15:13:34	30	1	0	0
       72	2023-08-11 17:01:14	30	1	0	0
      258	2023-08-11 17:01:21	30	1	0	0
     2099	2023-08-11 17:01:27	30	1	0	0
     2179	2023-08-11 17:01:31	30	1	0	0
     2586	2023-08-11 17:01:37	30	1	0	0
     2586	2023-08-11 17:01:38	30	1	0	0
     2320	2023-08-11 17:01:48	30	1	0	0
     2320	2023-08-11 17:01:54	30	1	0	0
     1874	2023-08-11 17:02:02	30	1	0	0
     2901	2023-08-11 17:02:50	30	0	0	0
      393	2023-08-11 17:03:24	30	1	0	0
     2026	2023-08-11 17:03:50	30	1	0	0
      586	2023-08-11 17:04:04	30	1	0	0
      586	2023-08-11 17:04:07	30	1	0	0
     2563	2023-08-11 17:04:10	30	1	0	0
     1197	2023-08-11 17:04:17	30	1	0	0
      396	2023-08-11 17:04:30	30	1	0	0
      396	2023-08-11 17:04:32	30	1	0	0
      916	2023-08-11 17:05:12	30	1	0	0
     1874	2023-08-11 17:05:17	30	1	0	0
     1179	2023-08-11 17:07:03	30	1	0	0
      906	2023-08-11 17:07:28	30	1	0	0
      906	2023-08-11 17:07:29	30	1	0	0
      217	2023-08-11 17:08:48	30	1	0	0
       92	2023-08-11 17:09:16	30	1	0	0
     2386	2023-08-11 17:12:45	30	1	0	0
     2386	2023-08-11 17:16:34	30	0	0	0
     2386	2023-08-11 17:16:35	30	0	0	0
      178	2023-08-11 17:19:18	30	1	0	0
      645	2023-08-11 17:26:56	30	1	0	0
     2386	2023-08-11 22:26:56	30	1	0	0
      396	2023-08-14 06:39:13	30	0	0	0
      396	2023-08-14 06:39:15	30	0	0	0
     2099	2023-08-14 06:55:51	30	0	0	0
      178	2023-08-14 06:56:32	30	0	0	0
      645	2023-08-14 07:19:58	30	0	0	0
     2026	2023-08-14 07:27:32	30	0	0	0
     2026	2023-08-14 07:27:36	30	0	0	0
     2586	2023-08-14 07:27:51	30	0	0	0
     2586	2023-08-14 07:27:52	30	0	0	0
      586	2023-08-14 07:40:54	30	0	0	0
      586	2023-08-14 07:40:56	30	0	0	0
      258	2023-08-14 07:45:33	30	0	0	0
       92	2023-08-14 07:45:42	30	0	0	0
      334	2023-08-14 07:48:31	30	0	0	0
     1197	2023-08-14 07:50:03	30	0	0	0
      916	2023-08-14 07:50:18	30	0	0	0
       72	2023-08-14 07:54:11	30	0	0	0
     2901	2023-08-14 07:55:08	30	0	0	0
       84	2023-08-14 07:55:30	30	0	0	0
      217	2023-08-14 07:58:42	30	0	0	0
      393	2023-08-14 07:59:22	30	0	0	0
      393	2023-08-14 07:59:24	30	0	0	0
     1179	2023-08-14 08:00:09	30	0	0	0
     2179	2023-08-14 08:01:09	30	0	0	0
     2386	2023-08-14 08:02:57	30	0	0	0
     1509	2023-08-14 08:03:30	30	0	0	0
     2563	2023-08-14 08:05:56	30	0	0	0
      726	2023-08-14 08:08:49	30	0	0	0
      916	2023-08-14 12:02:13	30	1	0	0
     2901	2023-08-14 12:03:32	30	0	0	0
     1179	2023-08-14 12:03:39	30	1	0	0
      217	2023-08-14 12:03:47	30	1	0	0
       84	2023-08-14 12:03:54	30	1	0	0
     2386	2023-08-14 12:04:04	30	1	0	0
      916	2023-08-14 12:06:03	30	0	0	0
      726	2023-08-14 12:08:10	30	1	0	0
      334	2023-08-14 12:12:34	30	1	0	0
       92	2023-08-14 12:12:42	30	1	0	0
      393	2023-08-14 12:12:46	30	1	0	0
     2179	2023-08-14 12:12:51	30	1	0	0
     2099	2023-08-14 12:12:58	30	1	0	0
     1509	2023-08-14 12:13:02	30	1	0	0
     2586	2023-08-14 12:13:22	30	1	0	0
     2026	2023-08-14 12:13:28	30	1	0	0
     2563	2023-08-14 12:13:37	30	1	0	0
       84	2023-08-14 12:13:55	30	0	0	0
      586	2023-08-14 12:14:51	30	1	0	0
      645	2023-08-14 12:15:20	30	1	0	0
      258	2023-08-14 12:19:11	30	1	0	0
      645	2023-08-14 12:20:05	30	0	0	0
      396	2023-08-14 12:24:58	30	1	0	0
      396	2023-08-14 12:24:59	30	1	0	0
      906	2023-08-14 12:28:17	30	1	0	0
      906	2023-08-14 12:28:19	30	1	0	0
      396	2023-08-14 12:34:47	30	0	0	0
      396	2023-08-14 12:34:49	30	0	0	0
     2026	2023-08-14 12:36:22	30	0	0	0
     2386	2023-08-14 12:36:28	30	0	0	0
     2386	2023-08-14 12:36:29	30	0	0	0
      726	2023-08-14 12:36:34	30	0	0	0
      726	2023-08-14 12:36:36	30	0	0	0
      217	2023-08-14 12:36:58	30	0	0	0
     2563	2023-08-14 12:37:33	30	0	0	0
     2099	2023-08-14 12:39:16	30	0	0	0
     2586	2023-08-14 12:39:26	30	0	0	0
     1179	2023-08-14 12:40:14	30	0	0	0
       92	2023-08-14 12:41:09	30	0	0	0
      393	2023-08-14 12:41:12	30	0	0	0
      178	2023-08-14 12:41:20	30	1	0	0
      334	2023-08-14 12:41:30	30	0	0	0
     2179	2023-08-14 12:41:38	30	0	0	0
     1509	2023-08-14 12:42:06	30	0	0	0
      586	2023-08-14 12:42:40	30	0	0	0
      906	2023-08-14 12:42:44	30	0	0	0
      906	2023-08-14 12:42:46	30	0	0	0
      258	2023-08-14 12:44:13	30	0	0	0
      178	2023-08-14 12:45:54	30	0	0	0
     2901	2023-08-14 13:01:11	30	0	0	0
     2026	2023-08-14 17:01:08	30	1	0	0
     1197	2023-08-14 17:01:11	30	1	0	0
       84	2023-08-14 17:01:15	30	1	0	0
      334	2023-08-14 17:01:18	30	1	0	0
      586	2023-08-14 17:01:23	30	1	0	0
      586	2023-08-14 17:01:26	30	1	0	0
      586	2023-08-14 17:01:27	30	1	0	0
      916	2023-08-14 17:01:39	30	1	0	0
      258	2023-08-14 17:01:45	30	1	0	0
      396	2023-08-14 17:01:49	30	1	0	0
      178	2023-08-14 17:01:54	30	1	0	0
     2386	2023-08-14 17:01:59	30	1	0	0
     1509	2023-08-14 17:02:02	30	1	0	0
      393	2023-08-14 17:02:08	30	1	0	0
     2179	2023-08-14 17:02:13	30	1	0	0
       72	2023-08-14 17:02:18	30	1	0	0
     2586	2023-08-14 17:02:39	30	1	0	0
     2586	2023-08-14 17:02:44	30	1	0	0
     2563	2023-08-14 17:02:55	30	1	0	0
     2901	2023-08-14 17:06:33	30	0	0	0
     2099	2023-08-14 17:08:28	30	1	0	0
      726	2023-08-14 17:08:32	30	1	0	0
       92	2023-08-14 17:09:30	30	1	0	0
     1179	2023-08-14 17:09:38	30	1	0	0
      217	2023-08-14 17:29:24	30	1	0	0
      645	2023-08-14 17:30:47	30	1	0	0
      396	2023-08-15 06:25:50	30	0	0	0
      396	2023-08-15 06:25:52	30	0	0	0
     2099	2023-08-15 06:42:13	30	0	0	0
      178	2023-08-15 06:42:28	30	0	0	0
     1874	2023-08-15 07:26:09	30	0	0	0
     2026	2023-08-15 07:29:50	30	0	0	0
     2026	2023-08-15 07:29:53	30	0	0	0
      645	2023-08-15 07:32:32	30	0	0	0
      258	2023-08-15 07:40:24	30	0	0	0
      586	2023-08-15 07:44:31	30	0	0	0
      586	2023-08-15 07:44:33	30	0	0	0
     1179	2023-08-15 07:46:04	30	0	0	0
     2586	2023-08-15 07:48:00	30	0	0	0
     2586	2023-08-15 07:48:01	30	0	0	0
       72	2023-08-15 07:50:18	30	0	0	0
      726	2023-08-15 07:50:29	30	0	0	0
      334	2023-08-15 07:53:19	30	0	0	0
     2901	2023-08-15 07:53:27	30	0	0	0
       84	2023-08-15 07:54:58	30	0	0	0
     1197	2023-08-15 07:57:56	30	0	0	0
     2179	2023-08-15 07:58:59	30	0	0	0
     2386	2023-08-15 07:59:06	30	0	0	0
     2386	2023-08-15 07:59:07	30	0	0	0
      393	2023-08-15 07:59:47	30	0	0	0
       92	2023-08-15 08:02:02	30	0	0	0
     1509	2023-08-15 08:05:49	30	0	0	0
     2563	2023-08-15 08:18:37	30	0	0	0
     2586	2023-08-15 12:05:24	30	1	0	0
     2026	2023-08-15 12:05:28	30	1	0	0
     1197	2023-08-15 12:05:58	30	1	0	0
       84	2023-08-15 12:06:20	30	1	0	0
     1179	2023-08-15 12:07:00	30	1	0	0
      586	2023-08-15 12:08:03	30	1	0	0
      726	2023-08-15 12:08:12	30	1	0	0
      258	2023-08-15 12:08:32	30	1	0	0
     2563	2023-08-15 12:09:09	30	1	0	0
     1509	2023-08-15 12:09:21	30	1	0	0
     2099	2023-08-15 12:09:27	30	1	0	0
     2179	2023-08-15 12:11:08	30	1	0	0
     1874	2023-08-15 12:11:26	30	1	0	0
       92	2023-08-15 12:13:53	30	1	0	0
      393	2023-08-15 12:13:57	30	1	0	0
      334	2023-08-15 12:15:12	30	1	0	0
      645	2023-08-15 12:16:38	30	1	0	0
      645	2023-08-15 12:22:06	30	0	0	0
      396	2023-08-15 12:23:12	30	1	0	0
      396	2023-08-15 12:23:13	30	1	0	0
     2386	2023-08-15 12:27:39	30	1	0	0
     2386	2023-08-15 12:27:41	30	1	0	0
     2563	2023-08-15 12:28:24	30	0	0	0
     2026	2023-08-15 12:31:58	30	0	0	0
     2586	2023-08-15 12:32:07	30	0	0	0
       84	2023-08-15 12:32:29	30	0	0	0
     2099	2023-08-15 12:34:37	30	0	0	0
      726	2023-08-15 12:35:16	30	0	0	0
       92	2023-08-15 12:36:09	30	0	0	0
      393	2023-08-15 12:36:13	30	0	0	0
      393	2023-08-15 12:36:22	30	0	0	0
      334	2023-08-15 12:36:28	30	0	0	0
     2179	2023-08-15 12:36:41	30	0	0	0
      258	2023-08-15 12:36:55	30	0	0	0
     1509	2023-08-15 12:37:23	30	0	0	0
      396	2023-08-15 12:37:33	30	0	0	0
      396	2023-08-15 12:37:35	30	0	0	0
      586	2023-08-15 12:38:18	30	0	0	0
     2386	2023-08-15 12:38:41	30	0	0	0
      906	2023-08-15 12:38:53	30	1	0	0
      906	2023-08-15 12:38:54	30	1	0	0
     1179	2023-08-15 12:46:47	30	0	0	0
     1874	2023-08-15 12:48:56	30	0	0	0
      906	2023-08-15 12:51:11	30	0	0	0
      906	2023-08-15 12:51:13	30	0	0	0
      906	2023-08-15 15:00:58	30	1	0	0
      906	2023-08-15 15:01:00	30	1	0	0
      258	2023-08-15 17:00:03	30	1	0	0
      334	2023-08-15 17:00:09	30	1	0	0
     2026	2023-08-15 17:00:14	30	1	0	0
     1197	2023-08-15 17:00:20	30	1	0	0
      586	2023-08-15 17:00:24	30	1	0	0
      586	2023-08-15 17:00:27	30	1	0	0
       84	2023-08-15 17:00:32	30	1	0	0
      178	2023-08-15 17:01:08	30	1	0	0
      396	2023-08-15 17:01:13	30	1	0	0
     2901	2023-08-15 17:01:20	30	1	0	0
     2586	2023-08-15 17:01:26	30	1	0	0
     2586	2023-08-15 17:01:27	30	1	0	0
     2179	2023-08-15 17:01:33	30	1	0	0
       72	2023-08-15 17:01:46	30	1	0	0
     2386	2023-08-15 17:02:25	30	1	0	0
     1509	2023-08-15 17:03:03	30	1	0	0
     2386	2023-08-15 17:03:14	30	1	0	0
      393	2023-08-15 17:03:50	30	1	0	0
      393	2023-08-15 17:03:51	30	1	0	0
     2563	2023-08-15 17:04:26	30	1	0	0
       92	2023-08-15 17:04:41	30	1	0	0
     1874	2023-08-15 17:05:21	30	1	0	0
     1179	2023-08-15 17:05:27	30	1	0	0
     2099	2023-08-15 17:06:34	30	1	0	0
      726	2023-08-15 17:13:03	30	1	0	0
      645	2023-08-15 17:22:07	30	1	0	0
      396	2023-08-16 06:15:21	30	0	0	0
      396	2023-08-16 06:15:25	30	0	0	0
     2099	2023-08-16 06:46:28	30	0	0	0
      178	2023-08-16 06:51:05	30	0	0	0
      645	2023-08-16 07:29:59	30	0	0	0
      726	2023-08-16 07:30:28	30	0	0	0
      586	2023-08-16 07:37:30	30	0	0	0
      586	2023-08-16 07:37:32	30	0	0	0
       72	2023-08-16 07:39:10	30	0	0	0
     1509	2023-08-16 07:44:18	30	0	0	0
       84	2023-08-16 07:46:13	30	0	0	0
     2386	2023-08-16 07:47:36	30	0	0	0
      334	2023-08-16 07:47:42	30	0	0	0
     2179	2023-08-16 07:50:55	30	0	0	0
     2768	2023-08-16 07:55:17	30	0	0	0
       92	2023-08-16 07:55:59	30	0	0	0
     2901	2023-08-16 07:56:35	30	0	0	0
     1179	2023-08-16 07:58:47	30	0	0	0
      258	2023-08-16 07:59:16	30	0	0	0
      393	2023-08-16 08:01:05	30	0	0	0
     2563	2023-08-16 08:08:39	30	0	0	0
      916	2023-08-16 08:18:18	30	0	0	0
     2586	2023-08-16 08:21:04	30	0	0	0
     2586	2023-08-16 08:21:06	30	0	0	0
     2563	2023-08-16 12:09:39	30	1	0	0
       72	2023-08-16 12:09:51	30	1	0	0
     2386	2023-08-16 12:09:58	30	1	0	0
     2768	2023-08-16 12:10:01	30	1	0	0
      726	2023-08-16 12:10:06	30	1	0	0
      726	2023-08-16 12:10:08	30	1	0	0
      586	2023-08-16 12:10:13	30	1	0	0
     2586	2023-08-16 12:10:18	30	1	0	0
       84	2023-08-16 12:10:38	30	1	0	0
      645	2023-08-16 12:10:43	30	1	0	0
     1509	2023-08-16 12:10:47	30	1	0	0
      258	2023-08-16 12:13:13	30	1	0	0
      916	2023-08-16 12:14:08	30	1	0	0
      645	2023-08-16 12:14:19	30	0	0	0
     2179	2023-08-16 12:14:49	30	1	0	0
      393	2023-08-16 12:17:56	30	1	0	0
      334	2023-08-16 12:18:04	30	1	0	0
     2901	2023-08-16 12:20:01	30	0	0	0
     2901	2023-08-16 12:20:09	30	0	0	0
     2901	2023-08-16 12:20:16	30	0	0	0
      916	2023-08-16 12:22:21	30	1	0	0
      396	2023-08-16 12:28:25	30	1	0	0
      396	2023-08-16 12:28:26	30	1	0	0
     1509	2023-08-16 12:29:57	30	0	0	0
     2768	2023-08-16 12:30:10	30	0	0	0
      396	2023-08-16 12:33:34	30	0	0	0
      396	2023-08-16 12:33:36	30	0	0	0
      586	2023-08-16 12:33:55	30	0	0	0
     2586	2023-08-16 12:34:04	30	0	0	0
       92	2023-08-16 12:34:11	30	1	0	0
     2386	2023-08-16 12:34:44	30	1	0	0
      726	2023-08-16 12:35:06	30	0	0	0
     2179	2023-08-16 12:38:14	30	0	0	0
     2563	2023-08-16 12:38:20	30	1	0	0
       84	2023-08-16 12:38:29	30	0	0	0
     1179	2023-08-16 12:39:21	30	1	0	0
      178	2023-08-16 12:39:31	30	1	0	0
      258	2023-08-16 12:40:09	30	0	0	0
       92	2023-08-16 12:40:57	30	0	0	0
     1179	2023-08-16 12:41:07	30	0	0	0
      178	2023-08-16 12:41:42	30	0	0	0
      916	2023-08-16 12:42:34	30	0	0	0
     2901	2023-08-16 12:59:33	30	0	0	0
      334	2023-08-16 12:59:45	30	0	0	0
      586	2023-08-16 13:00:01	30	0	0	0
      393	2023-08-16 13:00:05	30	0	0	0
      393	2023-08-16 13:00:06	30	0	0	0
      916	2023-08-16 17:00:15	30	1	0	0
      334	2023-08-16 17:00:43	30	1	0	0
     2386	2023-08-16 17:01:04	30	1	0	0
       84	2023-08-16 17:01:14	30	1	0	0
      258	2023-08-16 17:01:20	30	1	0	0
      178	2023-08-16 17:01:39	30	1	0	0
     2586	2023-08-16 17:01:52	30	1	0	0
     2586	2023-08-16 17:01:53	30	1	0	0
     1179	2023-08-16 17:02:01	30	1	0	0
      586	2023-08-16 17:02:09	30	1	0	0
      586	2023-08-16 17:02:12	30	1	0	0
     2179	2023-08-16 17:02:22	30	1	0	0
      396	2023-08-16 17:02:28	30	1	0	0
      396	2023-08-16 17:02:29	30	1	0	0
      393	2023-08-16 17:02:48	30	1	0	0
      393	2023-08-16 17:02:53	30	1	0	0
      726	2023-08-16 17:02:56	30	1	0	0
      726	2023-08-16 17:02:58	30	1	0	0
       92	2023-08-16 17:03:05	30	1	0	0
     1509	2023-08-16 17:03:10	30	1	0	0
     2768	2023-08-16 17:03:14	30	1	0	0
     2901	2023-08-16 17:06:35	30	1	0	0
     1509	2023-08-16 17:06:43	30	1	0	0
     2563	2023-08-16 17:08:08	30	1	0	0
      906	2023-08-16 17:12:58	30	1	0	0
      906	2023-08-16 17:13:00	30	1	0	0
     2099	2023-08-16 17:22:28	30	1	0	0
      645	2023-08-16 17:27:32	30	1	0	0
      396	2023-08-17 06:31:27	30	0	0	0
      396	2023-08-17 06:31:33	30	0	0	0
     2099	2023-08-17 06:47:26	30	0	0	0
     1920	2023-08-17 06:47:38	30	0	0	0
      645	2023-08-17 07:28:00	30	0	0	0
     2026	2023-08-17 07:35:38	30	0	0	0
     2026	2023-08-17 07:35:42	30	0	0	0
     2586	2023-08-17 07:37:02	30	0	0	0
     2586	2023-08-17 07:37:03	30	0	0	0
       72	2023-08-17 07:37:58	30	0	0	0
     1509	2023-08-17 07:39:02	30	0	0	0
     1179	2023-08-17 07:44:23	30	0	0	0
     2179	2023-08-17 07:50:19	30	0	0	0
     1197	2023-08-17 07:50:52	30	0	0	0
      334	2023-08-17 07:52:56	30	0	0	0
      726	2023-08-17 07:54:08	30	0	0	0
     2386	2023-08-17 07:54:55	30	0	0	0
      258	2023-08-17 07:55:56	30	0	0	0
     2901	2023-08-17 07:58:04	30	0	0	0
      916	2023-08-17 07:58:56	30	0	0	0
      393	2023-08-17 07:59:22	30	0	0	0
      393	2023-08-17 07:59:23	30	0	0	0
       84	2023-08-17 07:59:49	30	0	0	0
     2563	2023-08-17 08:08:03	30	0	0	0
       92	2023-08-17 08:35:10	30	0	0	0
     2026	2023-08-17 12:03:00	30	1	0	0
     2386	2023-08-17 12:03:09	30	1	0	0
       92	2023-08-17 12:03:17	30	1	0	0
     2179	2023-08-17 12:03:26	30	1	0	0
     2901	2023-08-17 12:03:36	30	1	0	0
       84	2023-08-17 12:04:25	30	1	0	0
      726	2023-08-17 12:18:20	30	1	0	0
      645	2023-08-17 12:19:52	30	1	0	0
     1179	2023-08-17 12:22:29	30	1	0	0
      334	2023-08-17 12:22:46	30	1	0	0
      393	2023-08-17 12:22:54	30	1	0	0
      396	2023-08-17 12:23:14	30	1	0	0
      396	2023-08-17 12:23:16	30	1	0	0
      258	2023-08-17 12:23:29	30	1	0	0
     1197	2023-08-17 12:24:18	30	1	0	0
      916	2023-08-17 12:25:56	30	1	0	0
     2563	2023-08-17 12:26:19	30	1	0	0
      645	2023-08-17 12:27:28	30	0	0	0
     2563	2023-08-17 12:28:14	30	0	0	0
      916	2023-08-17 12:28:57	30	0	0	0
      396	2023-08-17 12:31:05	30	0	0	0
      396	2023-08-17 12:31:06	30	0	0	0
       84	2023-08-17 12:31:21	30	0	0	0
     2586	2023-08-17 12:35:43	30	1	0	0
     2586	2023-08-17 12:39:33	30	0	0	0
      393	2023-08-17 12:40:00	30	0	0	0
      393	2023-08-17 12:40:04	30	0	0	0
       92	2023-08-17 12:40:53	30	0	0	0
      334	2023-08-17 12:41:27	30	0	0	0
      258	2023-08-17 12:43:15	30	0	0	0
     2026	2023-08-17 12:43:58	30	0	0	0
      726	2023-08-17 12:48:58	30	0	0	0
     1179	2023-08-17 12:49:04	30	0	0	0
     2179	2023-08-17 12:51:45	30	0	0	0
     2386	2023-08-17 12:58:44	30	0	0	0
     2901	2023-08-17 12:58:49	30	0	0	0
       72	2023-08-17 17:00:26	30	1	0	0
      258	2023-08-17 17:00:33	30	1	0	0
      258	2023-08-17 17:00:46	30	1	0	0
      178	2023-08-17 17:01:03	30	1	0	0
     1509	2023-08-17 17:01:06	30	1	0	0
     2179	2023-08-17 17:01:44	30	1	0	0
     2386	2023-08-17 17:02:08	30	1	0	0
      396	2023-08-17 17:02:18	30	1	0	0
      396	2023-08-17 17:02:19	30	1	0	0
      726	2023-08-17 17:02:48	30	1	0	0
     2586	2023-08-17 17:03:21	30	1	0	0
     2586	2023-08-17 17:03:23	30	1	0	0
     1197	2023-08-17 17:03:30	30	1	0	0
     2901	2023-08-17 17:03:43	30	1	0	0
     2586	2023-08-17 17:04:07	30	1	0	0
     2026	2023-08-17 17:04:27	30	1	0	0
      334	2023-08-17 17:04:33	30	1	0	0
      393	2023-08-17 17:05:09	30	1	0	0
     1179	2023-08-17 17:05:19	30	1	0	0
       92	2023-08-17 17:05:34	30	1	0	0
      916	2023-08-17 17:05:39	30	1	0	0
     2099	2023-08-17 17:07:55	30	1	0	0
     2563	2023-08-17 17:08:35	30	1	0	0
       84	2023-08-17 17:08:45	30	1	0	0
      645	2023-08-17 17:28:51	30	1	0	0
      396	2023-08-18 06:23:01	30	0	0	0
      396	2023-08-18 06:23:03	30	0	0	0
      396	2023-08-18 06:23:44	30	0	0	0
     2099	2023-08-18 06:56:26	30	0	0	0
      178	2023-08-18 06:57:45	30	0	0	0
      645	2023-08-18 07:22:34	30	0	0	0
     1874	2023-08-18 07:35:08	30	0	0	0
      258	2023-08-18 07:37:24	30	0	0	0
       72	2023-08-18 07:41:52	30	0	0	0
      586	2023-08-18 07:46:10	30	0	0	0
      586	2023-08-18 07:46:12	30	0	0	0
     2586	2023-08-18 07:51:32	30	0	0	0
     2586	2023-08-18 07:51:33	30	0	0	0
     2026	2023-08-18 07:53:26	30	0	0	0
     2026	2023-08-18 07:53:29	30	0	0	0
     2901	2023-08-18 07:53:45	30	0	0	0
       84	2023-08-18 07:54:51	30	0	0	0
      334	2023-08-18 07:55:56	30	0	0	0
     1179	2023-08-18 07:56:48	30	0	0	0
     1197	2023-08-18 07:57:08	30	0	0	0
     1197	2023-08-18 07:57:11	30	0	0	0
     2386	2023-08-18 07:57:20	30	0	0	0
      916	2023-08-18 07:59:20	30	0	0	0
      726	2023-08-18 08:02:32	30	0	0	0
     2179	2023-08-18 08:02:40	30	0	0	0
      393	2023-08-18 08:05:49	30	0	0	0
      393	2023-08-18 08:05:51	30	0	0	0
       92	2023-08-18 08:07:21	30	0	0	0
     2563	2023-08-18 08:16:20	30	0	0	0
      178	2023-08-18 12:01:05	30	1	0	0
     2179	2023-08-18 12:04:53	30	1	0	0
     2586	2023-08-18 12:05:20	30	1	0	0
     2386	2023-08-18 12:05:34	30	1	0	0
     2026	2023-08-18 12:05:40	30	1	0	0
     2901	2023-08-18 12:10:15	30	1	0	0
     2563	2023-08-18 12:10:19	30	1	0	0
      586	2023-08-18 12:11:08	30	1	0	0
      586	2023-08-18 12:11:11	30	1	0	0
      258	2023-08-18 12:11:19	30	1	0	0
       84	2023-08-18 12:11:27	30	1	0	0
      334	2023-08-18 12:12:13	30	1	0	0
      726	2023-08-18 12:12:21	30	1	0	0
      645	2023-08-18 12:13:54	30	1	0	0
     2099	2023-08-18 12:15:20	30	1	0	0
      393	2023-08-18 12:18:17	30	1	0	0
     1179	2023-08-18 12:18:51	30	1	0	0
     2563	2023-08-18 12:19:35	30	0	0	0
      645	2023-08-18 12:19:42	30	0	0	0
      396	2023-08-18 12:25:43	30	1	0	0
      396	2023-08-18 12:25:45	30	1	0	0
      396	2023-08-18 12:30:20	30	0	0	0
      396	2023-08-18 12:30:21	30	0	0	0
     2386	2023-08-18 12:31:30	30	0	0	0
     2586	2023-08-18 12:31:42	30	0	0	0
      393	2023-08-18 12:33:59	30	0	0	0
      393	2023-08-18 12:34:01	30	0	0	0
      334	2023-08-18 12:34:15	30	0	0	0
     2179	2023-08-18 12:34:28	30	0	0	0
     2026	2023-08-18 12:34:32	30	0	0	0
       92	2023-08-18 12:34:39	30	1	0	0
       84	2023-08-18 12:34:47	30	0	0	0
      258	2023-08-18 12:35:22	30	0	0	0
      178	2023-08-18 12:36:14	30	0	0	0
      586	2023-08-18 12:39:10	30	0	0	0
     1179	2023-08-18 12:40:13	30	0	0	0
       92	2023-08-18 12:43:33	30	0	0	0
     2901	2023-08-18 12:47:03	30	0	0	0
      726	2023-08-18 12:47:17	30	0	0	0
     2099	2023-08-18 12:58:20	30	0	0	0
      334	2023-08-18 17:00:44	30	1	0	0
      916	2023-08-18 17:00:49	30	1	0	0
     2026	2023-08-18 17:00:53	30	1	0	0
      258	2023-08-18 17:00:57	30	1	0	0
      178	2023-08-18 17:01:06	30	1	0	0
      396	2023-08-18 17:01:12	30	1	0	0
      396	2023-08-18 17:01:13	30	1	0	0
     2586	2023-08-18 17:01:16	30	1	0	0
     2586	2023-08-18 17:01:18	30	1	0	0
     1197	2023-08-18 17:01:21	30	1	0	0
     1197	2023-08-18 17:01:22	30	1	0	0
     2901	2023-08-18 17:01:28	30	1	0	0
      726	2023-08-18 17:01:42	30	1	0	0
      586	2023-08-18 17:01:47	30	1	0	0
      586	2023-08-18 17:01:49	30	1	0	0
     2179	2023-08-18 17:01:54	30	1	0	0
       72	2023-08-18 17:02:00	30	1	0	0
      393	2023-08-18 17:02:07	30	1	0	0
      393	2023-08-18 17:02:09	30	1	0	0
     2099	2023-08-18 17:02:16	30	1	0	0
       84	2023-08-18 17:02:22	30	1	0	0
       92	2023-08-18 17:02:51	30	1	0	0
     2563	2023-08-18 17:03:01	30	1	0	0
     1874	2023-08-18 17:03:32	30	1	0	0
     1179	2023-08-18 17:07:14	30	1	0	0
     2386	2023-08-18 17:15:31	30	1	0	0
     2386	2023-08-18 17:20:24	30	1	0	0
     2386	2023-08-18 17:21:07	30	0	0	0
      645	2023-08-18 17:23:52	30	1	0	0
     2099	2023-08-22 06:06:12	30	0	0	0
      178	2023-08-22 06:06:31	30	0	0	0
      396	2023-08-22 06:58:15	30	0	0	0
      396	2023-08-22 06:58:19	30	0	0	0
      396	2023-08-22 06:58:25	30	0	0	0
      645	2023-08-22 07:18:34	30	0	0	0
     1509	2023-08-22 07:42:32	30	0	0	0
     2386	2023-08-22 07:42:38	30	0	0	0
     2386	2023-08-22 07:42:40	30	0	0	0
       72	2023-08-22 07:42:44	30	0	0	0
      258	2023-08-22 07:44:39	30	0	0	0
     2179	2023-08-22 07:44:45	30	0	0	0
      586	2023-08-22 07:47:22	30	0	0	0
      586	2023-08-22 07:47:25	30	0	0	0
     2026	2023-08-22 07:47:57	30	0	0	0
     2026	2023-08-22 07:48:01	30	0	0	0
     2320	2023-08-22 07:48:22	30	0	0	0
     2320	2023-08-22 07:48:23	30	0	0	0
     1197	2023-08-22 07:50:16	30	0	0	0
     1197	2023-08-22 07:50:23	30	0	0	0
      916	2023-08-22 07:51:39	30	0	0	0
     2901	2023-08-22 07:54:01	30	0	0	0
     1874	2023-08-22 07:54:38	30	0	0	0
     2586	2023-08-22 07:56:21	30	0	0	0
     2586	2023-08-22 07:56:23	30	0	0	0
      468	2023-08-22 07:58:46	30	0	0	0
       84	2023-08-22 07:59:40	30	0	0	0
     1179	2023-08-22 08:02:36	30	0	0	0
      393	2023-08-22 08:02:58	30	0	0	0
      393	2023-08-22 08:03:00	30	0	0	0
      393	2023-08-22 08:03:01	30	0	0	0
      334	2023-08-22 08:03:35	30	0	0	0
      726	2023-08-22 08:05:48	30	0	0	0
       92	2023-08-22 08:06:52	30	0	0	0
       41	2023-08-22 08:07:49	30	0	0	0
     2586	2023-08-22 12:01:04	30	1	0	0
     2026	2023-08-22 12:01:08	30	1	0	0
      178	2023-08-22 12:01:13	30	1	0	0
     2179	2023-08-22 12:01:19	30	1	0	0
     1509	2023-08-22 12:01:23	30	1	0	0
      906	2023-08-22 12:01:39	30	1	0	0
      906	2023-08-22 12:01:41	30	1	0	0
      645	2023-08-22 12:03:44	30	1	0	0
      645	2023-08-22 12:08:04	30	0	0	0
      258	2023-08-22 12:13:28	30	1	0	0
     1197	2023-08-22 12:13:32	30	1	0	0
     1197	2023-08-22 12:16:36	30	0	0	0
      726	2023-08-22 12:18:32	30	1	0	0
      726	2023-08-22 12:18:48	30	0	0	0
      334	2023-08-22 12:19:35	30	1	0	0
       92	2023-08-22 12:19:44	30	1	0	0
      393	2023-08-22 12:19:48	30	1	0	0
      178	2023-08-22 12:25:13	30	0	0	0
      468	2023-08-22 12:25:30	30	1	0	0
      468	2023-08-22 12:26:02	30	0	0	0
      396	2023-08-22 12:26:11	30	1	0	0
      396	2023-08-22 12:26:13	30	1	0	0
       84	2023-08-22 12:28:32	30	1	0	0
      586	2023-08-22 12:29:00	30	1	0	0
      396	2023-08-22 12:33:13	30	0	0	0
      396	2023-08-22 12:33:15	30	0	0	0
      586	2023-08-22 12:38:49	30	0	0	0
      586	2023-08-22 12:38:52	30	0	0	0
      258	2023-08-22 12:41:02	30	0	0	0
      334	2023-08-22 12:41:07	30	0	0	0
       92	2023-08-22 12:41:45	30	0	0	0
      393	2023-08-22 12:41:54	30	0	0	0
      393	2023-08-22 12:41:56	30	0	0	0
     1179	2023-08-22 12:42:05	30	1	0	0
      906	2023-08-22 12:45:25	30	0	0	0
      906	2023-08-22 12:45:27	30	0	0	0
     2099	2023-08-22 12:50:03	30	1	0	0
       84	2023-08-22 12:50:09	30	0	0	0
     2586	2023-08-22 12:50:14	30	0	0	0
     2026	2023-08-22 12:50:19	30	0	0	0
     2179	2023-08-22 12:50:24	30	0	0	0
     1509	2023-08-22 12:50:53	30	0	0	0
      334	2023-08-22 17:01:02	30	1	0	0
     2026	2023-08-22 17:01:06	30	1	0	0
      258	2023-08-22 17:01:12	30	1	0	0
      178	2023-08-22 17:01:20	30	1	0	0
      258	2023-08-22 17:01:23	30	1	0	0
      916	2023-08-22 17:01:30	30	1	0	0
     1509	2023-08-22 17:01:46	30	1	0	0
      396	2023-08-22 17:01:55	30	1	0	0
      396	2023-08-22 17:01:57	30	1	0	0
     2179	2023-08-22 17:02:01	30	1	0	0
      586	2023-08-22 17:02:24	30	1	0	0
      586	2023-08-22 17:02:26	30	1	0	0
     1197	2023-08-22 17:02:32	30	1	0	0
     2386	2023-08-22 17:02:37	30	1	0	0
     1874	2023-08-22 17:02:44	30	1	0	0
       84	2023-08-22 17:02:55	30	1	0	0
     2586	2023-08-22 17:03:12	30	1	0	0
     2586	2023-08-22 17:03:15	30	1	0	0
      726	2023-08-22 17:03:20	30	1	0	0
       72	2023-08-22 17:03:24	30	1	0	0
       41	2023-08-22 17:03:30	30	1	0	0
      393	2023-08-22 17:04:39	30	1	0	0
      393	2023-08-22 17:04:40	30	1	0	0
     2320	2023-08-22 17:04:46	30	1	0	0
     2320	2023-08-22 17:04:47	30	1	0	0
       92	2023-08-22 17:05:07	30	1	0	0
     2386	2023-08-22 17:05:42	30	0	0	0
     2099	2023-08-22 17:06:18	30	1	0	0
     2901	2023-08-22 17:06:25	30	1	0	0
     1179	2023-08-22 17:11:32	30	1	0	0
      468	2023-08-22 17:35:34	30	1	0	0
      645	2023-08-22 17:40:37	30	1	0	0
      396	2023-08-23 06:42:54	30	0	0	0
      396	2023-08-23 06:42:57	30	0	0	0
     2099	2023-08-23 06:43:04	30	0	0	0
      178	2023-08-23 06:43:23	30	0	0	0
       72	2023-08-23 07:09:22	30	0	0	0
      645	2023-08-23 07:18:45	30	0	0	0
     2386	2023-08-23 07:32:24	30	0	0	0
      586	2023-08-23 07:40:41	30	0	0	0
      586	2023-08-23 07:40:43	30	0	0	0
      258	2023-08-23 07:41:27	30	0	0	0
       84	2023-08-23 07:44:20	30	0	0	0
     2901	2023-08-23 07:45:17	30	0	0	0
      916	2023-08-23 07:45:45	30	0	0	0
     2320	2023-08-23 07:46:27	30	0	0	0
     2320	2023-08-23 07:46:28	30	0	0	0
     1874	2023-08-23 07:49:30	30	0	0	0
      468	2023-08-23 07:53:39	30	0	0	0
     2768	2023-08-23 07:54:51	30	0	0	0
     1509	2023-08-23 07:55:33	30	0	0	0
     1179	2023-08-23 07:55:38	30	0	0	0
      217	2023-08-23 07:57:22	30	0	0	0
      334	2023-08-23 07:58:45	30	0	0	0
     2586	2023-08-23 07:59:19	30	0	0	0
     2586	2023-08-23 07:59:20	30	0	0	0
      726	2023-08-23 08:02:13	30	0	0	0
     2026	2023-08-23 08:04:07	30	0	0	0
     2026	2023-08-23 08:04:11	30	0	0	0
       92	2023-08-23 08:05:03	30	0	0	0
     1197	2023-08-23 08:06:52	30	0	0	0
     2563	2023-08-23 08:08:04	30	0	0	0
     2179	2023-08-23 08:12:30	30	0	0	0
      586	2023-08-23 12:02:27	30	1	0	0
     2026	2023-08-23 12:02:37	30	1	0	0
     1509	2023-08-23 12:02:46	30	1	0	0
     2586	2023-08-23 12:02:54	30	1	0	0
      334	2023-08-23 12:03:00	30	1	0	0
     2179	2023-08-23 12:04:09	30	1	0	0
       84	2023-08-23 12:04:18	30	1	0	0
      916	2023-08-23 12:04:34	30	1	0	0
     1179	2023-08-23 12:04:41	30	1	0	0
     2768	2023-08-23 12:07:42	30	1	0	0
     1874	2023-08-23 12:08:01	30	1	0	0
      217	2023-08-23 12:09:33	30	1	0	0
     2099	2023-08-23 12:09:38	30	1	0	0
       92	2023-08-23 12:09:43	30	1	0	0
      258	2023-08-23 12:09:59	30	1	0	0
      726	2023-08-23 12:10:07	30	1	0	0
      726	2023-08-23 12:10:09	30	1	0	0
      178	2023-08-23 12:11:05	30	1	0	0
     2320	2023-08-23 12:17:06	30	1	0	0
      645	2023-08-23 12:18:04	30	1	0	0
      396	2023-08-23 12:19:00	30	1	0	0
      396	2023-08-23 12:19:01	30	1	0	0
     1197	2023-08-23 12:20:58	30	1	0	0
      645	2023-08-23 12:23:18	30	0	0	0
      468	2023-08-23 12:24:24	30	1	0	0
     1874	2023-08-23 12:27:19	30	0	0	0
      178	2023-08-23 12:31:24	30	0	0	0
     2563	2023-08-23 12:32:30	30	1	0	0
     2586	2023-08-23 12:32:41	30	0	0	0
     2179	2023-08-23 12:33:18	30	0	0	0
      906	2023-08-23 12:33:26	30	0	0	0
      906	2023-08-23 12:33:28	30	0	0	0
     2026	2023-08-23 12:33:49	30	0	0	0
      396	2023-08-23 12:34:44	30	0	0	0
      396	2023-08-23 12:34:45	30	0	0	0
      916	2023-08-23 12:36:07	30	0	0	0
     2768	2023-08-23 12:37:39	30	0	0	0
     1509	2023-08-23 12:38:19	30	0	0	0
      258	2023-08-23 12:39:28	30	0	0	0
     1197	2023-08-23 12:40:25	30	0	0	0
     2320	2023-08-23 12:40:44	30	0	0	0
      726	2023-08-23 12:40:55	30	0	0	0
     2099	2023-08-23 12:41:09	30	0	0	0
     2563	2023-08-23 12:41:36	30	0	0	0
      393	2023-08-23 12:41:55	30	0	0	0
      393	2023-08-23 12:41:58	30	0	0	0
      334	2023-08-23 12:42:04	30	0	0	0
      217	2023-08-23 12:42:11	30	0	0	0
      586	2023-08-23 12:45:06	30	0	0	0
       84	2023-08-23 12:45:25	30	0	0	0
     1179	2023-08-23 12:46:18	30	0	0	0
       92	2023-08-23 12:55:30	30	0	0	0
     2768	2023-08-23 14:40:02	30	1	0	0
      396	2023-08-23 17:00:30	30	1	0	0
      396	2023-08-23 17:00:33	30	1	0	0
      916	2023-08-23 17:01:06	30	0	0	0
      916	2023-08-23 17:01:10	30	1	0	0
      334	2023-08-23 17:01:15	30	1	0	0
     2026	2023-08-23 17:01:19	30	1	0	0
     1509	2023-08-23 17:01:31	30	1	0	0
     1197	2023-08-23 17:01:51	30	1	0	0
     1197	2023-08-23 17:02:01	30	1	0	0
     2586	2023-08-23 17:02:05	30	1	0	0
     2586	2023-08-23 17:02:06	30	1	0	0
     2179	2023-08-23 17:02:10	30	1	0	0
      586	2023-08-23 17:02:21	30	0	0	0
      586	2023-08-23 17:02:29	30	1	0	0
      586	2023-08-23 17:02:32	30	1	0	0
       84	2023-08-23 17:02:36	30	1	0	0
      393	2023-08-23 17:02:44	30	1	0	0
       72	2023-08-23 17:02:50	30	1	0	0
     2320	2023-08-23 17:03:11	30	1	0	0
     2320	2023-08-23 17:03:13	30	1	0	0
      258	2023-08-23 17:03:17	30	1	0	0
      178	2023-08-23 17:03:27	30	1	0	0
     1874	2023-08-23 17:03:35	30	1	0	0
      726	2023-08-23 17:04:10	30	1	0	0
     2563	2023-08-23 17:04:17	30	1	0	0
     2386	2023-08-23 17:04:23	30	1	0	0
     2386	2023-08-23 17:07:48	30	0	0	0
      217	2023-08-23 17:08:04	30	1	0	0
      217	2023-08-23 17:08:13	30	1	0	0
       92	2023-08-23 17:08:28	30	1	0	0
      468	2023-08-23 17:09:28	30	1	0	0
     2099	2023-08-23 17:10:03	30	1	0	0
      468	2023-08-23 17:11:02	30	1	0	0
     1179	2023-08-23 17:12:58	30	1	0	0
      645	2023-08-23 17:26:52	30	1	0	0
     2386	2023-08-23 21:56:39	30	1	0	0
     2386	2023-08-23 21:56:40	30	1	0	0
      396	2023-08-24 06:19:41	30	0	0	0
      396	2023-08-24 06:19:42	30	0	0	0
     2099	2023-08-24 06:46:55	30	0	0	0
      178	2023-08-24 06:47:22	30	0	0	0
      645	2023-08-24 07:20:07	30	0	0	0
      916	2023-08-24 07:39:41	30	0	0	0
      393	2023-08-24 07:41:42	30	0	0	0
      393	2023-08-24 07:41:44	30	0	0	0
       84	2023-08-24 07:42:43	30	0	0	0
     2320	2023-08-24 07:43:14	30	0	0	0
     2320	2023-08-24 07:43:16	30	0	0	0
       72	2023-08-24 07:43:50	30	0	0	0
      726	2023-08-24 07:46:33	30	0	0	0
     2386	2023-08-24 07:46:50	30	0	0	0
      334	2023-08-24 07:46:56	30	0	0	0
     2026	2023-08-24 07:47:02	30	0	0	0
     2026	2023-08-24 07:47:05	30	0	0	0
     1874	2023-08-24 07:48:24	30	0	0	0
      468	2023-08-24 07:48:46	30	0	0	0
      258	2023-08-24 07:53:30	30	0	0	0
      217	2023-08-24 07:53:42	30	0	0	0
      586	2023-08-24 07:56:04	30	0	0	0
      586	2023-08-24 07:56:07	30	0	0	0
     2901	2023-08-24 07:56:20	30	0	0	0
     1197	2023-08-24 07:56:57	30	0	0	0
     1197	2023-08-24 07:56:59	30	0	0	0
     2179	2023-08-24 07:57:34	30	0	0	0
     1179	2023-08-24 07:58:52	30	0	0	0
       92	2023-08-24 08:03:38	30	0	0	0
     1509	2023-08-24 08:08:52	30	0	0	0
     2586	2023-08-24 08:09:23	30	0	0	0
     2586	2023-08-24 08:09:25	30	0	0	0
       41	2023-08-24 08:24:38	30	0	0	0
     2563	2023-08-24 08:31:49	30	0	0	0
      586	2023-08-24 12:01:05	30	1	0	0
      586	2023-08-24 12:01:07	30	1	0	0
      178	2023-08-24 12:01:35	30	1	0	0
     1509	2023-08-24 12:01:39	30	1	0	0
     2179	2023-08-24 12:01:44	30	1	0	0
     2386	2023-08-24 12:01:58	30	1	0	0
      906	2023-08-24 12:02:03	30	1	0	0
      906	2023-08-24 12:02:05	30	1	0	0
       84	2023-08-24 12:03:18	30	1	0	0
     2586	2023-08-24 12:04:22	30	1	0	0
      393	2023-08-24 12:04:50	30	1	0	0
      258	2023-08-24 12:12:38	30	1	0	0
     1874	2023-08-24 12:13:18	30	1	0	0
       92	2023-08-24 12:14:12	30	1	0	0
     2320	2023-08-24 12:14:31	30	1	0	0
     2320	2023-08-24 12:14:33	30	1	0	0
     2901	2023-08-24 12:15:13	30	1	0	0
      334	2023-08-24 12:15:23	30	1	0	0
     2026	2023-08-24 12:17:17	30	1	0	0
     2563	2023-08-24 12:17:58	30	1	0	0
      396	2023-08-24 12:19:58	30	1	0	0
      396	2023-08-24 12:20:00	30	1	0	0
     1179	2023-08-24 12:20:14	30	1	0	0
     2563	2023-08-24 12:22:06	30	0	0	0
     1874	2023-08-24 12:23:02	30	0	0	0
     1197	2023-08-24 12:23:16	30	1	0	0
      645	2023-08-24 12:23:47	30	1	0	0
      726	2023-08-24 12:26:19	30	1	0	0
      726	2023-08-24 12:26:20	30	1	0	0
     2026	2023-08-24 12:26:35	30	0	0	0
       84	2023-08-24 12:26:45	30	0	0	0
     1509	2023-08-24 12:26:54	30	0	0	0
     2179	2023-08-24 12:27:07	30	0	0	0
     2586	2023-08-24 12:27:12	30	0	0	0
     2386	2023-08-24 12:31:06	30	0	0	0
      393	2023-08-24 12:32:40	30	0	0	0
       92	2023-08-24 12:32:50	30	0	0	0
      645	2023-08-24 12:33:18	30	0	0	0
      334	2023-08-24 12:34:51	30	0	0	0
      396	2023-08-24 12:34:57	30	0	0	0
      396	2023-08-24 12:35:00	30	0	0	0
     2901	2023-08-24 12:41:39	30	0	0	0
      586	2023-08-24 12:41:44	30	0	0	0
      726	2023-08-24 12:41:49	30	0	0	0
      258	2023-08-24 12:42:00	30	0	0	0
      906	2023-08-24 12:42:59	30	0	0	0
      906	2023-08-24 12:43:01	30	0	0	0
     1179	2023-08-24 12:45:42	30	0	0	0
     2320	2023-08-24 12:49:47	30	0	0	0
      586	2023-08-24 13:02:41	30	0	0	0
      258	2023-08-24 17:00:43	30	1	0	0
      586	2023-08-24 17:00:50	30	1	0	0
      586	2023-08-24 17:00:52	30	1	0	0
      586	2023-08-24 17:00:54	30	1	0	0
       92	2023-08-24 17:01:01	30	1	0	0
      334	2023-08-24 17:01:08	30	1	0	0
     2026	2023-08-24 17:01:13	30	1	0	0
      916	2023-08-24 17:01:23	30	1	0	0
     1197	2023-08-24 17:01:50	30	1	0	0
       84	2023-08-24 17:01:54	30	1	0	0
      916	2023-08-24 17:02:00	30	1	0	0
     1509	2023-08-24 17:02:31	30	1	0	0
     2901	2023-08-24 17:02:37	30	1	0	0
     2586	2023-08-24 17:02:46	30	1	0	0
     2586	2023-08-24 17:02:48	30	1	0	0
      726	2023-08-24 17:03:06	30	1	0	0
      393	2023-08-24 17:03:11	30	1	0	0
      393	2023-08-24 17:03:14	30	1	0	0
     2320	2023-08-24 17:03:32	30	1	0	0
     2320	2023-08-24 17:03:34	30	1	0	0
     2179	2023-08-24 17:03:38	30	1	0	0
     1874	2023-08-24 17:03:47	30	1	0	0
     2563	2023-08-24 17:04:14	30	1	0	0
      178	2023-08-24 17:05:59	30	1	0	0
     1179	2023-08-24 17:06:04	30	1	0	0
      396	2023-08-24 17:06:08	30	1	0	0
      396	2023-08-24 17:06:09	30	1	0	0
       72	2023-08-24 17:07:46	30	1	0	0
      217	2023-08-24 17:08:24	30	1	0	0
     2099	2023-08-24 17:08:55	30	1	0	0
     2386	2023-08-24 17:10:29	30	1	0	0
     2386	2023-08-24 17:14:33	30	4	0	0
     2386	2023-08-24 17:14:34	30	4	0	0
      468	2023-08-24 17:20:35	30	1	0	0
      645	2023-08-24 17:29:07	30	1	0	0
       41	2023-08-24 18:17:28	30	1	0	0
      396	2023-08-25 06:28:03	30	0	0	0
      396	2023-08-25 06:28:08	30	0	0	0
     2586	2023-08-25 06:35:25	30	0	0	0
     2586	2023-08-25 06:35:26	30	0	0	0
     2099	2023-08-25 06:42:43	30	0	0	0
      178	2023-08-25 06:43:02	30	0	0	0
      645	2023-08-25 07:12:59	30	0	0	0
     2320	2023-08-25 07:41:38	30	0	0	0
     2320	2023-08-25 07:41:40	30	0	0	0
       84	2023-08-25 07:44:30	30	0	0	0
      393	2023-08-25 07:48:09	30	0	0	0
      393	2023-08-25 07:48:11	30	0	0	0
     1509	2023-08-25 07:50:59	30	0	0	0
     2768	2023-08-25 07:52:52	30	0	0	0
      217	2023-08-25 07:53:04	30	0	0	0
     2901	2023-08-25 07:53:34	30	0	0	0
     2386	2023-08-25 07:54:17	30	0	0	0
      726	2023-08-25 07:54:32	30	0	0	0
      726	2023-08-25 07:54:34	30	0	0	0
       72	2023-08-25 07:55:50	30	0	0	0
     1874	2023-08-25 07:56:24	30	0	0	0
      586	2023-08-25 07:56:57	30	0	0	0
      586	2023-08-25 07:56:59	30	0	0	0
      468	2023-08-25 07:57:47	30	0	0	0
       92	2023-08-25 07:58:39	30	0	0	0
      258	2023-08-25 07:58:47	30	0	0	0
     2179	2023-08-25 08:03:31	30	0	0	0
      916	2023-08-25 08:05:04	30	0	0	0
     1179	2023-08-25 08:10:32	30	0	0	0
      334	2023-08-25 08:11:47	30	0	0	0
     1197	2023-08-25 08:12:58	30	0	0	0
      258	2023-08-25 12:05:14	30	1	0	0
     2768	2023-08-25 12:05:22	30	1	0	0
     1197	2023-08-25 12:05:30	30	1	0	0
      178	2023-08-25 12:05:37	30	1	0	0
       72	2023-08-25 12:05:56	30	1	0	0
     2386	2023-08-25 12:06:03	30	1	0	0
      645	2023-08-25 12:07:42	30	1	0	0
     2179	2023-08-25 12:07:54	30	1	0	0
     1509	2023-08-25 12:12:59	30	1	0	0
     2099	2023-08-25 12:13:14	30	1	0	0
      217	2023-08-25 12:14:46	30	1	0	0
      217	2023-08-25 12:14:48	30	1	0	0
     1179	2023-08-25 12:18:46	30	1	0	0
     1197	2023-08-25 12:24:12	30	0	0	0
      645	2023-08-25 12:24:54	30	0	0	0
       84	2023-08-25 12:25:40	30	0	0	0
       84	2023-08-25 12:25:45	30	1	0	0
       84	2023-08-25 12:25:48	30	1	0	0
      468	2023-08-25 12:26:21	30	1	0	0
      334	2023-08-25 12:26:27	30	1	0	0
       92	2023-08-25 12:26:32	30	1	0	0
      396	2023-08-25 12:29:56	30	1	0	0
      396	2023-08-25 12:29:58	30	1	0	0
     2386	2023-08-25 12:31:06	30	0	0	0
     2179	2023-08-25 12:31:11	30	0	0	0
      906	2023-08-25 12:31:41	30	0	0	0
      906	2023-08-25 12:31:43	30	0	0	0
      258	2023-08-25 12:31:53	30	0	0	0
      178	2023-08-25 12:37:15	30	0	0	0
     2099	2023-08-25 12:37:28	30	0	0	0
      396	2023-08-25 12:38:52	30	0	0	0
      396	2023-08-25 12:38:54	30	0	0	0
       84	2023-08-25 12:41:09	30	0	0	0
      468	2023-08-25 12:41:17	30	0	0	0
      217	2023-08-25 12:41:23	30	0	0	0
       92	2023-08-25 12:41:29	30	0	0	0
      334	2023-08-25 12:41:58	30	0	0	0
     1509	2023-08-25 12:42:56	30	0	0	0
     2586	2023-08-25 12:44:03	30	1	0	0
     2586	2023-08-25 12:46:28	30	0	0	0
     2901	2023-08-25 12:46:38	30	0	0	0
      393	2023-08-25 12:50:36	30	1	0	0
      586	2023-08-25 12:50:44	30	1	0	0
      586	2023-08-25 12:50:46	30	1	0	0
      726	2023-08-25 12:50:52	30	1	0	0
      393	2023-08-25 12:55:27	30	0	0	0
      393	2023-08-25 12:55:28	30	0	0	0
      726	2023-08-25 12:55:39	30	0	0	0
      586	2023-08-25 12:58:42	30	0	0	0
      258	2023-08-25 17:00:14	30	1	0	0
      178	2023-08-25 17:01:04	30	1	0	0
       92	2023-08-25 17:01:09	30	1	0	0
       84	2023-08-25 17:01:11	30	1	0	0
       84	2023-08-25 17:01:14	30	1	0	0
     2099	2023-08-25 17:01:33	30	1	0	0
     1197	2023-08-25 17:02:05	30	1	0	0
      586	2023-08-25 17:02:12	30	1	0	0
      586	2023-08-25 17:02:14	30	1	0	0
     1874	2023-08-25 17:02:17	30	1	0	0
     1874	2023-08-25 17:02:21	30	1	0	0
      396	2023-08-25 17:02:25	30	1	0	0
      396	2023-08-25 17:02:26	30	1	0	0
      393	2023-08-25 17:02:33	30	1	0	0
      393	2023-08-25 17:02:35	30	1	0	0
     2386	2023-08-25 17:04:09	30	1	0	0
     2901	2023-08-25 17:04:30	30	1	0	0
      334	2023-08-25 17:05:01	30	1	0	0
      726	2023-08-25 17:05:11	30	1	0	0
     2179	2023-08-25 17:05:15	30	1	0	0
     2586	2023-08-25 17:05:20	30	1	0	0
     2586	2023-08-25 17:05:21	30	1	0	0
     2386	2023-08-25 17:05:36	30	1	0	0
     2386	2023-08-25 17:05:37	30	1	0	0
     2320	2023-08-25 17:06:02	30	1	0	0
     2320	2023-08-25 17:06:04	30	1	0	0
     2320	2023-08-25 17:06:06	30	1	0	0
      916	2023-08-25 17:06:09	30	1	0	0
     1874	2023-08-25 17:06:14	30	1	0	0
      217	2023-08-25 17:08:53	30	1	0	0
     1509	2023-08-25 17:09:10	30	1	0	0
     2099	2023-08-25 17:09:31	30	1	0	0
      396	2023-08-25 17:18:05	30	0	0	0
      396	2023-08-25 17:18:13	30	1	0	0
      396	2023-08-25 17:18:17	30	1	0	0
     2386	2023-08-25 17:19:16	30	4	0	0
      468	2023-08-25 17:21:36	30	1	0	0
      645	2023-08-25 17:22:39	30	1	0	0
      396	2023-08-29 06:14:12	30	0	0	0
      396	2023-08-29 06:14:13	30	0	0	0
     2099	2023-08-29 06:40:45	30	0	0	0
      178	2023-08-29 06:41:10	30	0	0	0
       84	2023-08-29 07:02:55	30	0	0	0
      645	2023-08-29 07:20:37	30	0	0	0
     1509	2023-08-29 07:34:00	30	0	0	0
      586	2023-08-29 07:34:42	30	0	0	0
      586	2023-08-29 07:34:44	30	0	0	0
       72	2023-08-29 07:34:57	30	0	0	0
     2386	2023-08-29 07:37:33	30	0	0	0
     2026	2023-08-29 07:39:12	30	0	0	0
     2026	2023-08-29 07:39:16	30	0	0	0
     2768	2023-08-29 07:41:17	30	0	0	0
     2320	2023-08-29 07:41:57	30	0	0	0
     2320	2023-08-29 07:42:00	30	0	0	0
     1197	2023-08-29 07:44:37	30	0	0	0
      258	2023-08-29 07:45:33	30	0	0	0
      217	2023-08-29 07:45:39	30	0	0	0
      217	2023-08-29 07:45:40	30	0	0	0
     2586	2023-08-29 07:45:47	30	0	0	0
     2586	2023-08-29 07:45:49	30	0	0	0
      468	2023-08-29 07:48:29	30	0	0	0
      393	2023-08-29 07:49:38	30	0	0	0
      393	2023-08-29 07:49:41	30	0	0	0
     2563	2023-08-29 07:50:42	30	0	0	0
     2901	2023-08-29 07:52:57	30	0	0	0
       41	2023-08-29 07:53:25	30	0	0	0
      916	2023-08-29 07:55:59	30	0	0	0
     1874	2023-08-29 07:56:37	30	0	0	0
     1179	2023-08-29 07:57:05	30	0	0	0
     1874	2023-08-29 07:57:09	30	0	0	0
       92	2023-08-29 07:58:51	30	0	0	0
     2179	2023-08-29 07:59:34	30	0	0	0
      645	2023-08-29 12:01:41	30	1	0	0
      586	2023-08-29 12:01:56	30	1	0	0
     2386	2023-08-29 12:02:12	30	1	0	0
     2179	2023-08-29 12:02:53	30	1	0	0
     1179	2023-08-29 12:04:17	30	1	0	0
       92	2023-08-29 12:04:34	30	1	0	0
      393	2023-08-29 12:04:37	30	1	0	0
      645	2023-08-29 12:05:08	30	0	0	0
     2768	2023-08-29 12:05:13	30	1	0	0
     1197	2023-08-29 12:07:07	30	1	0	0
      258	2023-08-29 12:07:30	30	1	0	0
     1197	2023-08-29 12:09:02	30	0	0	0
     2563	2023-08-29 12:13:17	30	1	0	0
       84	2023-08-29 12:13:46	30	1	0	0
     2586	2023-08-29 12:15:14	30	1	0	0
     2026	2023-08-29 12:15:18	30	1	0	0
     1509	2023-08-29 12:15:25	30	1	0	0
     2099	2023-08-29 12:26:33	30	1	0	0
      217	2023-08-29 12:26:45	30	1	0	0
      396	2023-08-29 12:26:49	30	1	0	0
      396	2023-08-29 12:26:51	30	1	0	0
      586	2023-08-29 12:28:21	30	0	0	0
      906	2023-08-29 12:32:17	30	1	0	0
      906	2023-08-29 12:32:18	30	1	0	0
      396	2023-08-29 12:33:44	30	0	0	0
      396	2023-08-29 12:33:46	30	0	0	0
     2563	2023-08-29 12:35:10	30	0	0	0
     2179	2023-08-29 12:35:18	30	0	0	0
     2586	2023-08-29 12:35:40	30	0	0	0
     2026	2023-08-29 12:35:47	30	0	0	0
     2386	2023-08-29 12:35:53	30	0	0	0
     1179	2023-08-29 12:36:34	30	0	0	0
      393	2023-08-29 12:36:40	30	0	0	0
       92	2023-08-29 12:36:50	30	0	0	0
      258	2023-08-29 12:36:55	30	0	0	0
       84	2023-08-29 12:42:39	30	0	0	0
     2099	2023-08-29 12:42:44	30	0	0	0
     1509	2023-08-29 12:43:09	30	0	0	0
      906	2023-08-29 12:48:45	30	0	0	0
      217	2023-08-29 12:48:51	30	0	0	0
      906	2023-08-29 12:49:00	30	0	0	0
      258	2023-08-29 12:49:57	30	0	0	0
      258	2023-08-29 17:01:06	30	1	0	0
     1197	2023-08-29 17:01:21	30	1	0	0
     1197	2023-08-29 17:01:24	30	1	0	0
      586	2023-08-29 17:01:27	30	1	0	0
      586	2023-08-29 17:01:28	30	1	0	0
       72	2023-08-29 17:01:35	30	1	0	0
     2386	2023-08-29 17:01:55	30	1	0	0
     2386	2023-08-29 17:01:56	30	1	0	0
      916	2023-08-29 17:02:03	30	1	0	0
      393	2023-08-29 17:02:08	30	1	0	0
      393	2023-08-29 17:02:11	30	1	0	0
       92	2023-08-29 17:02:17	30	1	0	0
     2026	2023-08-29 17:02:30	30	1	0	0
     1874	2023-08-29 17:02:34	30	1	0	0
     2586	2023-08-29 17:02:45	30	1	0	0
     2586	2023-08-29 17:02:47	30	1	0	0
     2563	2023-08-29 17:03:09	30	1	0	0
      393	2023-08-29 17:03:16	30	1	0	0
      393	2023-08-29 17:03:17	30	1	0	0
     2179	2023-08-29 17:04:47	30	1	0	0
     1509	2023-08-29 17:04:56	30	1	0	0
     1179	2023-08-29 17:06:08	30	1	0	0
     2901	2023-08-29 17:06:24	30	1	0	0
     2320	2023-08-29 17:06:39	30	1	0	0
     2320	2023-08-29 17:06:40	30	1	0	0
      217	2023-08-29 17:06:45	30	1	0	0
     2099	2023-08-29 17:07:24	30	1	0	0
     2386	2023-08-29 17:07:44	30	1	0	0
     2386	2023-08-29 17:07:45	30	1	0	0
      396	2023-08-29 17:17:09	30	1	0	0
      396	2023-08-29 17:17:10	30	1	0	0
      645	2023-08-29 17:20:08	30	1	0	0
      178	2023-08-29 17:37:13	30	1	0	0
       41	2023-08-29 18:04:45	30	1	0	0
      396	2023-08-30 06:21:10	30	0	0	0
      396	2023-08-30 06:21:12	30	0	0	0
     2099	2023-08-30 06:37:47	30	0	0	0
      178	2023-08-30 06:40:39	30	0	0	0
      645	2023-08-30 07:22:57	30	0	0	0
      726	2023-08-30 07:30:17	30	0	0	0
      726	2023-08-30 07:30:19	30	0	0	0
     2026	2023-08-30 07:34:06	30	0	0	0
     2026	2023-08-30 07:34:09	30	0	0	0
      258	2023-08-30 07:38:24	30	0	0	0
     2320	2023-08-30 07:45:38	30	0	0	0
     2320	2023-08-30 07:45:39	30	0	0	0
     2586	2023-08-30 07:46:01	30	0	0	0
     2586	2023-08-30 07:46:03	30	0	0	0
      586	2023-08-30 07:46:31	30	0	0	0
      586	2023-08-30 07:46:34	30	0	0	0
     2386	2023-08-30 07:46:48	30	0	0	0
       84	2023-08-30 07:46:56	30	0	0	0
      334	2023-08-30 07:50:37	30	0	0	0
     1197	2023-08-30 07:52:19	30	0	0	0
     1197	2023-08-30 07:52:22	30	0	0	0
     2901	2023-08-30 07:54:00	30	0	0	0
      393	2023-08-30 07:56:55	30	0	0	0
       92	2023-08-30 07:57:01	30	0	0	0
      393	2023-08-30 07:57:11	30	0	0	0
       72	2023-08-30 07:59:54	30	0	0	0
      916	2023-08-30 08:00:45	30	0	0	0
     1179	2023-08-30 08:01:01	30	0	0	0
     2179	2023-08-30 08:03:29	30	0	0	0
      217	2023-08-30 08:07:05	30	0	0	0
      217	2023-08-30 08:07:07	30	0	0	0
      178	2023-08-30 12:01:16	30	1	0	0
     2026	2023-08-30 12:04:00	30	1	0	0
     2586	2023-08-30 12:04:06	30	1	0	0
     2099	2023-08-30 12:04:13	30	1	0	0
     2179	2023-08-30 12:04:19	30	1	0	0
      217	2023-08-30 12:04:32	30	1	0	0
     1197	2023-08-30 12:04:43	30	1	0	0
      393	2023-08-30 12:04:48	30	1	0	0
       92	2023-08-30 12:05:26	30	1	0	0
      334	2023-08-30 12:06:55	30	1	0	0
     2386	2023-08-30 12:07:19	30	1	0	0
     2386	2023-08-30 12:07:21	30	1	0	0
     1179	2023-08-30 12:07:53	30	1	0	0
      645	2023-08-30 12:08:37	30	1	0	0
      586	2023-08-30 12:09:59	30	1	0	0
      586	2023-08-30 12:10:01	30	1	0	0
      726	2023-08-30 12:10:17	30	1	0	0
     2320	2023-08-30 12:11:04	30	1	0	0
     2901	2023-08-30 12:11:10	30	1	0	0
      258	2023-08-30 12:11:41	30	1	0	0
       84	2023-08-30 12:13:40	30	1	0	0
      178	2023-08-30 12:16:18	30	0	0	0
      645	2023-08-30 12:17:10	30	0	0	0
      396	2023-08-30 12:21:58	30	1	0	0
      396	2023-08-30 12:22:00	30	1	0	0
     2320	2023-08-30 12:22:43	30	0	0	0
     2320	2023-08-30 12:22:45	30	0	0	0
      393	2023-08-30 12:31:43	30	0	0	0
      393	2023-08-30 12:31:45	30	0	0	0
      334	2023-08-30 12:32:13	30	0	0	0
       92	2023-08-30 12:32:22	30	0	0	0
       84	2023-08-30 12:32:29	30	0	0	0
     2586	2023-08-30 12:32:34	30	0	0	0
     2026	2023-08-30 12:32:39	30	0	0	0
      906	2023-08-30 12:33:19	30	1	0	0
      906	2023-08-30 12:33:21	30	1	0	0
      396	2023-08-30 12:33:53	30	0	0	0
      396	2023-08-30 12:33:54	30	0	0	0
     2099	2023-08-30 12:33:59	30	0	0	0
      217	2023-08-30 12:34:10	30	0	0	0
      217	2023-08-30 12:34:18	30	0	0	0
      217	2023-08-30 12:34:20	30	0	0	0
     2179	2023-08-30 12:34:24	30	0	0	0
      258	2023-08-30 12:34:46	30	0	0	0
      916	2023-08-30 12:35:21	30	0	0	0
      586	2023-08-30 12:35:54	30	0	0	0
     1179	2023-08-30 12:36:00	30	0	0	0
      726	2023-08-30 12:36:04	30	0	0	0
     1197	2023-08-30 12:36:08	30	0	0	0
     2386	2023-08-30 12:42:56	30	0	0	0
      906	2023-08-30 12:48:31	30	0	0	0
      906	2023-08-30 12:48:33	30	0	0	0
       84	2023-08-30 12:48:58	30	0	0	0
     2901	2023-08-30 12:49:52	30	0	0	0
      916	2023-08-30 17:00:17	30	1	0	0
     1197	2023-08-30 17:00:27	30	1	0	0
     1197	2023-08-30 17:00:30	30	1	0	0
      586	2023-08-30 17:00:37	30	1	0	0
      586	2023-08-30 17:00:40	30	1	0	0
      258	2023-08-30 17:00:45	30	1	0	0
     2386	2023-08-30 17:00:51	30	1	0	0
       72	2023-08-30 17:00:58	30	1	0	0
      334	2023-08-30 17:01:03	30	1	0	0
     2026	2023-08-30 17:01:07	30	1	0	0
     2320	2023-08-30 17:01:13	30	1	0	0
      396	2023-08-30 17:01:18	30	1	0	0
      396	2023-08-30 17:01:20	30	1	0	0
     2586	2023-08-30 17:01:24	30	1	0	0
     2586	2023-08-30 17:01:25	30	1	0	0
     2179	2023-08-30 17:01:30	30	1	0	0
      393	2023-08-30 17:01:37	30	1	0	0
      393	2023-08-30 17:01:41	30	1	0	0
       84	2023-08-30 17:02:15	30	1	0	0
     2901	2023-08-30 17:04:21	30	1	0	0
     1179	2023-08-30 17:07:34	30	1	0	0
      726	2023-08-30 17:07:47	30	1	0	0
      178	2023-08-30 17:10:03	30	1	0	0
     2386	2023-08-30 17:11:39	30	4	0	0
       92	2023-08-30 17:14:06	30	1	0	0
     2099	2023-08-30 17:25:24	30	1	0	0
      645	2023-08-30 17:26:00	30	1	0	0
      217	2023-08-30 17:27:56	30	1	0	0
     2386	2023-08-30 21:33:01	30	5	0	0
      396	2023-08-31 06:17:10	30	0	0	0
      396	2023-08-31 06:17:11	30	0	0	0
      396	2023-08-31 06:18:17	30	0	0	0
     2586	2023-08-31 06:26:47	30	0	0	0
     2586	2023-08-31 06:26:49	30	0	0	0
     2563	2023-08-31 06:44:26	30	0	0	0
      334	2023-08-31 07:05:22	30	0	0	0
     1509	2023-08-31 07:12:43	30	0	0	0
      645	2023-08-31 07:14:11	30	0	0	0
     2099	2023-08-31 07:16:15	30	0	0	0
     1874	2023-08-31 07:30:17	30	0	0	0
       72	2023-08-31 07:34:54	30	0	0	0
      217	2023-08-31 07:36:56	30	0	0	0
      217	2023-08-31 07:37:56	30	0	0	0
      586	2023-08-31 07:47:03	30	0	0	0
      586	2023-08-31 07:47:05	30	0	0	0
     2901	2023-08-31 07:49:34	30	0	0	0
     2026	2023-08-31 07:50:40	30	0	0	0
     1197	2023-08-31 07:50:49	30	0	0	0
     2179	2023-08-31 07:52:34	30	0	0	0
      258	2023-08-31 07:53:30	30	0	0	0
      726	2023-08-31 07:53:46	30	0	0	0
     2320	2023-08-31 07:55:13	30	0	0	0
     2320	2023-08-31 07:55:15	30	0	0	0
     2768	2023-08-31 07:55:56	30	0	0	0
      393	2023-08-31 07:56:16	30	0	0	0
      393	2023-08-31 07:56:18	30	0	0	0
      916	2023-08-31 07:56:42	30	0	0	0
       84	2023-08-31 07:57:58	30	0	0	0
     1179	2023-08-31 07:58:38	30	0	0	0
     2386	2023-08-31 08:14:39	30	0	0	0
     2386	2023-08-31 08:14:42	30	0	0	0
     2386	2023-08-31 08:14:43	30	0	0	0
       92	2023-08-31 08:15:52	30	0	0	0
      586	2023-08-31 12:01:13	30	1	0	0
     2901	2023-08-31 12:01:35	30	1	0	0
     1197	2023-08-31 12:01:59	30	1	0	0
     2179	2023-08-31 12:02:03	30	1	0	0
     2768	2023-08-31 12:02:08	30	1	0	0
       84	2023-08-31 12:02:27	30	1	0	0
     2386	2023-08-31 12:02:31	30	1	0	0
     2026	2023-08-31 12:02:35	30	1	0	0
      258	2023-08-31 12:02:51	30	1	0	0
      726	2023-08-31 12:03:40	30	1	0	0
      726	2023-08-31 12:03:41	30	1	0	0
      645	2023-08-31 12:10:22	30	1	0	0
       92	2023-08-31 12:15:28	30	1	0	0
       92	2023-08-31 12:15:33	30	1	0	0
      645	2023-08-31 12:16:04	30	0	0	0
     1179	2023-08-31 12:16:46	30	1	0	0
      916	2023-08-31 12:17:10	30	1	0	0
     2386	2023-08-31 12:17:19	30	0	0	0
     2320	2023-08-31 12:17:26	30	1	0	0
     1874	2023-08-31 12:17:29	30	1	0	0
     1874	2023-08-31 12:17:33	30	1	0	0
     2386	2023-08-31 12:18:33	30	0	0	0
     2563	2023-08-31 12:19:30	30	1	0	0
     1197	2023-08-31 12:19:54	30	0	0	0
      586	2023-08-31 12:20:18	30	0	0	0
      396	2023-08-31 12:24:16	30	1	0	0
      396	2023-08-31 12:24:17	30	1	0	0
      334	2023-08-31 12:25:08	30	1	0	0
      393	2023-08-31 12:25:16	30	1	0	0
     2099	2023-08-31 12:27:25	30	1	0	0
      396	2023-08-31 12:30:34	30	0	0	0
      396	2023-08-31 12:30:35	30	0	0	0
      334	2023-08-31 12:37:20	30	0	0	0
     2563	2023-08-31 12:37:29	30	0	0	0
     2026	2023-08-31 12:37:40	30	0	0	0
      726	2023-08-31 12:40:05	30	0	0	0
      726	2023-08-31 12:40:06	30	0	0	0
     1509	2023-08-31 12:46:45	30	1	0	0
      906	2023-08-31 12:47:52	30	0	0	0
      906	2023-08-31 12:47:54	30	0	0	0
     2901	2023-08-31 12:48:53	30	0	0	0
       92	2023-08-31 12:53:57	30	0	0	0
     2099	2023-08-31 12:54:26	30	0	0	0
     1509	2023-08-31 12:54:30	30	0	0	0
      393	2023-08-31 12:54:45	30	0	0	0
      393	2023-08-31 12:54:47	30	0	0	0
      393	2023-08-31 12:54:50	30	0	0	0
      393	2023-08-31 12:54:51	30	0	0	0
     2179	2023-08-31 12:57:09	30	0	0	0
      916	2023-08-31 17:00:29	30	1	0	0
      916	2023-08-31 17:00:36	30	1	0	0
      586	2023-08-31 17:00:44	30	1	0	0
      586	2023-08-31 17:00:47	30	1	0	0
     1197	2023-08-31 17:00:52	30	1	0	0
     1197	2023-08-31 17:00:54	30	1	0	0
     1874	2023-08-31 17:01:02	30	1	0	0
     2026	2023-08-31 17:01:28	30	1	0	0
      396	2023-08-31 17:01:49	30	1	0	0
      396	2023-08-31 17:01:51	30	1	0	0
       72	2023-08-31 17:01:59	30	1	0	0
      334	2023-08-31 17:02:06	30	1	0	0
      258	2023-08-31 17:02:16	30	1	0	0
      178	2023-08-31 17:02:24	30	1	0	0
       84	2023-08-31 17:02:41	30	1	0	0
     2563	2023-08-31 17:02:49	30	1	0	0
     2179	2023-08-31 17:03:12	30	1	0	0
      726	2023-08-31 17:03:47	30	1	0	0
     1179	2023-08-31 17:04:23	30	1	0	0
     2901	2023-08-31 17:04:36	30	1	0	0
     2386	2023-08-31 17:05:06	30	1	0	0
      393	2023-08-31 17:05:11	30	1	0	0
     2563	2023-08-31 17:05:37	30	1	0	0
       92	2023-08-31 17:06:43	30	1	0	0
     1509	2023-08-31 17:07:04	30	1	0	0
     2386	2023-08-31 17:11:16	30	4	0	0
      217	2023-08-31 17:12:03	30	1	0	0
     2099	2023-08-31 17:18:04	30	1	0	0
      645	2023-08-31 17:28:30	30	1	0	0
     2586	2023-08-31 18:06:09	30	1	0	0
     2586	2023-08-31 18:06:10	30	1	0	0
      396	2023-09-01 05:57:05	30	0	0	0
      396	2023-09-01 05:57:07	30	0	0	0
     2099	2023-09-01 06:02:23	30	0	0	0
      178	2023-09-01 06:04:34	30	0	0	0
     1509	2023-09-01 06:25:11	30	0	0	0
      916	2023-09-01 06:27:23	30	0	0	0
     2179	2023-09-01 06:38:19	30	0	0	0
     1874	2023-09-01 06:39:15	30	0	0	0
     2586	2023-09-01 06:43:31	30	0	0	0
     2586	2023-09-01 06:43:32	30	0	0	0
       84	2023-09-01 06:46:40	30	0	0	0
      217	2023-09-01 06:54:30	30	0	0	0
      645	2023-09-01 06:55:06	30	0	0	0
      334	2023-09-01 06:56:27	30	0	0	0
     2026	2023-09-01 06:56:32	30	0	0	0
     1179	2023-09-01 07:13:24	30	0	0	0
      586	2023-09-01 07:32:43	30	0	0	0
      586	2023-09-01 07:32:46	30	0	0	0
       72	2023-09-01 07:35:45	30	0	0	0
     1197	2023-09-01 07:42:44	30	0	0	0
     2320	2023-09-01 07:49:37	30	0	0	0
     2320	2023-09-01 07:49:39	30	0	0	0
     2901	2023-09-01 07:52:08	30	0	0	0
      258	2023-09-01 07:52:27	30	0	0	0
      393	2023-09-01 08:00:47	30	0	0	0
      393	2023-09-01 08:00:51	30	0	0	0
       92	2023-09-01 08:02:04	30	0	0	0
     2563	2023-09-01 08:02:14	30	0	0	0
      726	2023-09-01 08:02:37	30	0	0	0
      906	2023-09-01 08:03:09	30	0	0	0
      906	2023-09-01 08:03:11	30	0	0	0
      906	2023-09-01 08:03:13	30	0	0	0
     2386	2023-09-01 08:04:29	30	0	0	0
      468	2023-09-01 08:24:38	30	0	0	0
