      633	2023-07-31 07:13:14	32	0	1	0
     2628	2023-07-31 07:14:27	32	0	1	0
     2628	2023-07-31 07:14:32	32	0	1	0
     1600	2023-07-31 07:19:22	32	0	1	0
     1600	2023-07-31 07:19:25	32	0	1	0
      491	2023-07-31 07:22:29	32	0	1	0
       46	2023-07-31 07:25:04	32	0	1	0
       46	2023-07-31 07:25:06	32	0	1	0
     1600	2023-07-31 07:26:53	32	0	1	0
     2388	2023-07-31 07:28:33	32	0	1	0
      597	2023-07-31 07:32:47	32	0	1	0
      597	2023-07-31 07:32:49	32	0	1	0
      344	2023-07-31 07:35:57	32	0	1	0
      344	2023-07-31 07:35:58	32	0	1	0
     1916	2023-07-31 07:36:36	32	0	1	0
      369	2023-07-31 07:38:49	32	0	1	0
     2620	2023-07-31 07:39:31	32	0	1	0
     2620	2023-07-31 07:39:33	32	0	1	0
      571	2023-07-31 07:40:29	32	0	1	0
      157	2023-07-31 07:41:11	32	0	1	0
      797	2023-07-31 07:41:17	32	0	1	0
     1928	2023-07-31 07:42:24	32	0	1	0
      355	2023-07-31 07:42:33	32	0	1	0
      355	2023-07-31 07:42:36	32	0	1	0
     2445	2023-07-31 07:45:30	32	0	1	0
      523	2023-07-31 07:46:47	32	0	1	0
     1460	2023-07-31 07:47:05	32	0	1	0
     1460	2023-07-31 07:47:07	32	0	1	0
     1461	2023-07-31 07:47:10	32	0	1	0
     1461	2023-07-31 07:47:12	32	0	1	0
      806	2023-07-31 07:47:19	32	0	1	0
      806	2023-07-31 07:47:21	32	0	1	0
     1058	2023-07-31 07:47:28	32	0	1	0
     1982	2023-07-31 07:47:33	32	0	1	0
     1982	2023-07-31 07:47:36	32	0	1	0
      128	2023-07-31 07:47:41	32	0	1	0
      986	2023-07-31 07:48:53	32	0	1	0
     1090	2023-07-31 07:52:33	32	0	1	0
      806	2023-07-31 07:52:37	32	0	1	0
     2096	2023-07-31 07:52:44	32	0	1	0
      135	2023-07-31 07:54:04	32	0	1	0
      135	2023-07-31 07:54:06	32	0	1	0
     1865	2023-07-31 07:54:50	32	0	1	0
     1265	2023-07-31 07:55:32	32	0	1	0
     1265	2023-07-31 07:55:36	32	0	1	0
       42	2023-07-31 07:55:44	32	0	1	0
       42	2023-07-31 07:55:48	32	0	1	0
      459	2023-07-31 07:56:23	32	0	1	0
      459	2023-07-31 07:56:25	32	0	1	0
      254	2023-07-31 07:56:38	32	0	1	0
      254	2023-07-31 07:56:40	32	0	1	0
     1046	2023-07-31 07:56:51	32	0	1	0
     2863	2023-07-31 07:56:55	32	0	1	0
     2679	2023-07-31 07:57:14	32	0	1	0
     1882	2023-07-31 07:57:42	32	0	1	0
      226	2023-07-31 07:58:03	32	0	1	0
      376	2023-07-31 07:59:21	32	0	1	0
      359	2023-07-31 07:59:47	32	0	1	0
      114	2023-07-31 08:00:21	32	0	1	0
      280	2023-07-31 08:01:15	32	0	1	0
      280	2023-07-31 08:01:17	32	0	1	0
      158	2023-07-31 08:01:29	32	0	1	0
      255	2023-07-31 08:14:58	32	0	1	0
      665	2023-07-31 08:28:27	32	0	1	0
     1266	2023-07-31 12:01:14	32	1	1	0
     1266	2023-07-31 12:02:02	32	0	1	0
     2388	2023-07-31 12:04:16	32	1	1	0
       42	2023-07-31 12:04:33	32	0	1	0
       42	2023-07-31 12:04:36	32	0	1	0
      128	2023-07-31 12:04:47	32	1	1	0
      128	2023-07-31 12:04:48	32	1	1	0
     1865	2023-07-31 12:06:26	32	1	1	0
      986	2023-07-31 12:06:28	32	1	1	0
     1046	2023-07-31 12:07:59	32	1	1	0
     1046	2023-07-31 12:08:05	32	1	1	0
      135	2023-07-31 12:26:04	32	1	1	0
     1265	2023-07-31 12:26:50	32	1	1	0
     1265	2023-07-31 12:28:34	32	0	1	0
     1265	2023-07-31 12:28:37	32	0	1	0
      491	2023-07-31 12:45:05	32	0	1	0
     2388	2023-07-31 12:50:03	32	0	1	0
     2429	2023-07-31 12:56:13	32	0	1	0
     1266	2023-07-31 15:40:59	32	1	1	0
       46	2023-07-31 17:00:58	32	1	1	0
       46	2023-07-31 17:01:00	32	1	1	0
      128	2023-07-31 17:01:54	32	1	1	0
     1600	2023-07-31 17:02:02	32	1	1	0
     1928	2023-07-31 17:07:03	32	1	1	0
     2388	2023-07-31 17:07:55	32	1	1	0
     2388	2023-07-31 17:07:56	32	1	1	0
     1916	2023-07-31 17:23:57	32	1	1	0
     2096	2023-07-31 18:25:03	32	1	1	0
     2096	2023-07-31 18:25:05	32	1	1	0
      665	2023-07-31 20:11:37	32	1	1	0
      597	2023-08-01 07:23:34	32	0	1	0
      597	2023-08-01 07:23:36	32	0	1	0
     1600	2023-08-01 07:24:11	32	0	1	0
     1600	2023-08-01 07:24:18	32	0	1	0
      355	2023-08-01 07:28:04	32	0	1	0
      355	2023-08-01 07:28:06	32	0	1	0
     2388	2023-08-01 07:30:02	32	0	1	0
     2388	2023-08-01 07:30:05	32	0	1	0
      633	2023-08-01 07:31:23	32	0	1	0
       46	2023-08-01 07:36:03	32	0	1	0
       46	2023-08-01 07:36:05	32	0	1	0
     1916	2023-08-01 07:36:20	32	0	1	0
      157	2023-08-01 07:36:38	32	0	1	0
     1928	2023-08-01 07:36:57	32	0	1	0
     1928	2023-08-01 07:36:58	32	0	1	0
     2448	2023-08-01 07:37:25	32	0	1	0
      255	2023-08-01 07:37:30	32	0	1	0
      571	2023-08-01 07:38:07	32	0	1	0
      665	2023-08-01 07:39:30	32	0	1	0
      523	2023-08-01 07:39:39	32	0	1	0
     2628	2023-08-01 07:40:42	32	0	1	0
     2628	2023-08-01 07:40:44	32	0	1	0
     1058	2023-08-01 07:45:45	32	0	1	0
     1461	2023-08-01 07:45:51	32	0	1	0
     1461	2023-08-01 07:45:53	32	0	1	0
      806	2023-08-01 07:46:00	32	0	1	0
      806	2023-08-01 07:46:04	32	0	1	0
     1982	2023-08-01 07:46:17	32	0	1	0
     1982	2023-08-01 07:46:19	32	0	1	0
      128	2023-08-01 07:46:45	32	0	1	0
      806	2023-08-01 07:47:05	32	0	1	0
     1460	2023-08-01 07:47:08	32	0	1	0
     1460	2023-08-01 07:47:11	32	0	1	0
     2863	2023-08-01 07:47:24	32	0	1	0
      369	2023-08-01 07:47:54	32	0	1	0
     2620	2023-08-01 07:48:58	32	0	1	0
     2620	2023-08-01 07:48:59	32	0	1	0
      491	2023-08-01 07:49:04	32	0	1	0
      359	2023-08-01 07:49:12	32	0	1	0
     1882	2023-08-01 07:49:35	32	0	1	0
     1090	2023-08-01 07:52:41	32	0	1	0
      280	2023-08-01 07:53:22	32	0	1	0
      280	2023-08-01 07:53:24	32	0	1	0
      376	2023-08-01 07:53:27	32	0	1	0
      624	2023-08-01 07:53:40	32	0	1	0
     1435	2023-08-01 07:53:50	32	0	1	0
     1435	2023-08-01 07:53:51	32	0	1	0
      459	2023-08-01 07:54:43	32	0	1	0
      459	2023-08-01 07:54:45	32	0	1	0
      254	2023-08-01 07:54:47	32	0	1	0
      254	2023-08-01 07:54:49	32	0	1	0
     1046	2023-08-01 07:54:54	32	0	1	0
     1046	2023-08-01 07:54:56	32	0	1	0
     1265	2023-08-01 07:55:00	32	0	1	0
     1265	2023-08-01 07:55:01	32	0	1	0
      797	2023-08-01 07:55:23	32	0	1	0
     2096	2023-08-01 07:55:52	32	0	1	0
      135	2023-08-01 07:56:56	32	0	1	0
      114	2023-08-01 07:57:09	32	0	1	0
      344	2023-08-01 07:57:13	32	0	1	0
      344	2023-08-01 07:57:14	32	0	1	0
     1865	2023-08-01 07:57:53	32	0	1	0
      986	2023-08-01 07:57:57	32	0	1	0
       42	2023-08-01 07:58:01	32	0	1	0
       42	2023-08-01 07:58:06	32	0	1	0
     2679	2023-08-01 07:59:24	32	0	1	0
     2429	2023-08-01 08:00:15	32	0	1	0
      158	2023-08-01 08:03:32	32	0	1	0
      226	2023-08-01 08:04:04	32	0	1	0
      597	2023-08-01 12:07:04	32	1	1	0
      597	2023-08-01 12:07:06	32	1	1	0
     1266	2023-08-01 12:08:23	32	1	1	0
     1266	2023-08-01 12:09:14	32	0	1	0
      135	2023-08-01 12:09:27	32	1	1	0
      597	2023-08-01 12:09:45	32	0	1	0
      597	2023-08-01 12:09:46	32	0	1	0
       42	2023-08-01 12:10:31	32	0	1	0
       42	2023-08-01 12:10:34	32	0	1	0
      128	2023-08-01 12:12:24	32	1	1	0
     2388	2023-08-01 12:12:27	32	1	1	0
      128	2023-08-01 12:12:36	32	1	1	0
      597	2023-08-01 12:16:05	32	0	1	0
      597	2023-08-01 12:16:07	32	0	1	0
     1046	2023-08-01 12:17:23	32	0	1	0
     1046	2023-08-01 12:17:30	32	0	1	0
     1090	2023-08-01 12:22:28	32	1	1	0
     1882	2023-08-01 12:30:06	32	1	1	0
     2448	2023-08-01 12:45:07	32	1	1	0
     1265	2023-08-01 12:54:50	32	1	1	0
     1265	2023-08-01 12:55:14	32	0	1	0
     1265	2023-08-01 12:55:17	32	0	1	0
      523	2023-08-01 13:07:13	32	1	1	0
     1266	2023-08-01 15:38:48	32	1	1	0
     1058	2023-08-01 17:00:05	32	1	1	0
     1916	2023-08-01 17:00:09	32	1	1	0
     1058	2023-08-01 17:00:10	32	1	1	0
      128	2023-08-01 17:00:18	32	1	1	0
      128	2023-08-01 17:00:20	32	1	1	0
      158	2023-08-01 17:01:11	32	1	1	0
      158	2023-08-01 17:01:13	32	1	1	0
     2388	2023-08-01 17:06:59	32	1	1	0
     1265	2023-08-01 17:07:02	32	1	1	0
     1265	2023-08-01 17:07:03	32	1	1	0
     2096	2023-08-01 18:12:44	32	1	1	0
     2096	2023-08-01 18:12:46	32	1	1	0
      665	2023-08-01 19:34:35	32	1	1	0
     1928	2023-08-01 19:54:52	32	1	1	0
      597	2023-08-02 06:29:07	32	0	1	0
      597	2023-08-02 06:29:09	32	0	1	0
     2628	2023-08-02 07:16:58	32	0	1	0
     2628	2023-08-02 07:17:00	32	0	1	0
      797	2023-08-02 07:18:27	32	0	1	0
     2388	2023-08-02 07:20:10	32	0	1	0
       46	2023-08-02 07:21:26	32	0	1	0
       46	2023-08-02 07:21:28	32	0	1	0
      355	2023-08-02 07:24:29	32	0	1	0
      355	2023-08-02 07:24:31	32	0	1	0
      359	2023-08-02 07:30:05	32	0	1	0
      633	2023-08-02 07:31:03	32	0	1	0
     1916	2023-08-02 07:32:00	32	0	1	0
      986	2023-08-02 07:32:31	32	0	1	0
     1600	2023-08-02 07:33:24	32	0	1	0
     1600	2023-08-02 07:33:28	32	0	1	0
     2448	2023-08-02 07:39:46	32	0	1	0
     2096	2023-08-02 07:42:32	32	0	1	0
     2445	2023-08-02 07:42:51	32	0	1	0
     2863	2023-08-02 07:42:58	32	0	1	0
     2620	2023-08-02 07:44:28	32	0	1	0
     2620	2023-08-02 07:44:29	32	0	1	0
      923	2023-08-02 07:45:08	32	0	1	0
     1058	2023-08-02 07:45:14	32	0	1	0
     2679	2023-08-02 07:46:54	32	0	1	0
      624	2023-08-02 07:47:20	32	0	1	0
     1982	2023-08-02 07:48:29	32	0	1	0
     1982	2023-08-02 07:48:31	32	0	1	0
      523	2023-08-02 07:49:19	32	0	1	0
      128	2023-08-02 07:50:36	32	0	1	0
      128	2023-08-02 07:50:38	32	0	1	0
      114	2023-08-02 07:50:52	32	0	1	0
      280	2023-08-02 07:51:11	32	0	1	0
      280	2023-08-02 07:51:13	32	0	1	0
      369	2023-08-02 07:51:17	32	0	1	0
      369	2023-08-02 07:51:59	32	0	1	0
     1460	2023-08-02 07:52:12	32	0	1	0
     1460	2023-08-02 07:52:14	32	0	1	0
     1090	2023-08-02 07:52:22	32	0	1	0
      806	2023-08-02 07:52:30	32	0	1	0
      806	2023-08-02 07:52:32	32	0	1	0
     1461	2023-08-02 07:52:38	32	0	1	0
      806	2023-08-02 07:52:48	32	0	1	0
      491	2023-08-02 07:53:11	32	0	1	0
      255	2023-08-02 07:53:24	32	0	1	0
      255	2023-08-02 07:53:26	32	0	1	0
      344	2023-08-02 07:54:01	32	0	1	0
     1265	2023-08-02 07:54:24	32	0	1	0
     1265	2023-08-02 07:54:26	32	0	1	0
      135	2023-08-02 07:54:42	32	0	1	0
     2429	2023-08-02 07:55:15	32	0	1	0
      360	2023-08-02 07:55:36	32	0	1	0
      360	2023-08-02 07:55:38	32	0	1	0
     1882	2023-08-02 07:55:43	32	0	1	0
     1882	2023-08-02 07:55:45	32	0	1	0
     1435	2023-08-02 07:56:04	32	0	1	0
     1435	2023-08-02 07:56:05	32	0	1	0
     1865	2023-08-02 07:56:09	32	0	1	0
      571	2023-08-02 07:56:50	32	0	1	0
      226	2023-08-02 07:56:57	32	0	1	0
      459	2023-08-02 07:57:02	32	0	1	0
      459	2023-08-02 07:57:04	32	0	1	0
     1046	2023-08-02 07:57:21	32	0	1	0
     1046	2023-08-02 07:57:27	32	0	1	0
      254	2023-08-02 07:57:37	32	0	1	0
      254	2023-08-02 07:57:39	32	0	1	0
       42	2023-08-02 07:57:45	32	0	1	0
       42	2023-08-02 07:57:49	32	0	1	0
      376	2023-08-02 08:05:11	32	0	1	0
      157	2023-08-02 08:07:48	32	0	1	0
     1928	2023-08-02 08:07:51	32	0	1	0
      665	2023-08-02 08:33:21	32	0	1	0
     1982	2023-08-02 10:51:02	32	1	1	0
     2863	2023-08-02 12:00:21	32	1	1	0
     2388	2023-08-02 12:00:42	32	1	1	0
       42	2023-08-02 12:12:43	32	1	1	0
       42	2023-08-02 12:12:46	32	1	1	0
       42	2023-08-02 12:13:13	32	0	1	0
       42	2023-08-02 12:13:16	32	0	1	0
      128	2023-08-02 12:14:21	32	1	1	0
      128	2023-08-02 12:14:23	32	1	1	0
      128	2023-08-02 12:16:31	32	0	1	0
      128	2023-08-02 12:16:33	32	0	1	0
     1865	2023-08-02 12:42:17	32	1	1	0
     1461	2023-08-02 12:42:22	32	1	1	0
     2388	2023-08-02 12:57:43	32	0	1	0
      360	2023-08-02 13:01:48	32	0	1	0
     1266	2023-08-02 14:02:47	32	1	1	0
     1266	2023-08-02 14:03:05	32	0	1	0
     1266	2023-08-02 14:03:13	32	1	1	0
     1058	2023-08-02 17:00:07	32	1	1	0
     2096	2023-08-02 17:00:21	32	1	1	0
     2096	2023-08-02 17:00:23	32	1	1	0
     2679	2023-08-02 17:00:41	32	1	1	0
     2679	2023-08-02 17:00:43	32	1	1	0
      523	2023-08-02 17:01:27	32	1	1	0
     1265	2023-08-02 17:01:32	32	1	1	0
     1265	2023-08-02 17:01:36	32	1	1	0
      355	2023-08-02 17:02:22	32	1	1	0
      355	2023-08-02 17:02:29	32	1	1	0
     2096	2023-08-02 17:02:35	32	1	1	0
     2096	2023-08-02 17:02:36	32	1	1	0
     2388	2023-08-02 17:04:59	32	1	1	0
     2388	2023-08-02 17:05:00	32	1	1	0
     2388	2023-08-02 17:10:49	32	1	1	0
     1916	2023-08-02 17:30:03	32	1	1	0
     1928	2023-08-02 17:51:38	32	1	1	0
      597	2023-08-02 18:48:22	32	1	1	0
      597	2023-08-02 18:48:25	32	1	1	0
      986	2023-08-02 18:48:28	32	1	1	0
      665	2023-08-02 20:03:47	32	1	1	0
      369	2023-08-03 07:05:15	32	1	1	0
     1600	2023-08-03 07:12:13	32	0	1	0
     1600	2023-08-03 07:12:23	32	0	1	0
     2388	2023-08-03 07:18:01	32	0	1	0
     1600	2023-08-03 07:18:09	32	0	1	0
     2388	2023-08-03 07:20:56	32	0	1	0
       46	2023-08-03 07:26:22	32	0	1	0
       46	2023-08-03 07:26:24	32	0	1	0
      597	2023-08-03 07:32:19	32	0	1	0
      597	2023-08-03 07:32:21	32	0	1	0
      633	2023-08-03 07:33:51	32	0	1	0
      491	2023-08-03 07:35:35	32	0	1	0
     2628	2023-08-03 07:36:09	32	0	1	0
     2628	2023-08-03 07:36:11	32	0	1	0
      355	2023-08-03 07:38:59	32	0	1	0
      355	2023-08-03 07:39:02	32	0	1	0
     1916	2023-08-03 07:41:18	32	0	1	0
      359	2023-08-03 07:42:43	32	0	1	0
     2445	2023-08-03 07:44:03	32	0	1	0
      128	2023-08-03 07:45:15	32	0	1	0
      128	2023-08-03 07:45:22	32	0	1	0
      360	2023-08-03 07:46:24	32	0	1	0
      360	2023-08-03 07:46:26	32	0	1	0
     2679	2023-08-03 07:46:31	32	0	1	0
     2620	2023-08-03 07:47:32	32	0	1	0
     2620	2023-08-03 07:47:33	32	0	1	0
     1882	2023-08-03 07:47:39	32	0	1	0
     2448	2023-08-03 07:47:45	32	0	1	0
      571	2023-08-03 07:49:16	32	0	1	0
     2096	2023-08-03 07:49:44	32	0	1	0
     2863	2023-08-03 07:50:30	32	0	1	0
     1090	2023-08-03 07:51:31	32	0	1	0
     1460	2023-08-03 07:51:36	32	0	1	0
     1460	2023-08-03 07:51:38	32	0	1	0
      624	2023-08-03 07:52:43	32	0	1	0
      797	2023-08-03 07:53:13	32	0	1	0
      923	2023-08-03 07:53:17	32	0	1	0
      254	2023-08-03 07:53:22	32	0	1	0
      254	2023-08-03 07:53:24	32	0	1	0
      226	2023-08-03 07:53:27	32	0	1	0
     1461	2023-08-03 07:53:57	32	0	1	0
      806	2023-08-03 07:54:02	32	0	1	0
      806	2023-08-03 07:54:04	32	0	1	0
      226	2023-08-03 07:54:19	32	0	1	0
     1435	2023-08-03 07:56:09	32	0	1	0
     1435	2023-08-03 07:56:11	32	0	1	0
      986	2023-08-03 07:56:15	32	0	1	0
     1265	2023-08-03 07:57:07	32	0	1	0
     1265	2023-08-03 07:57:09	32	0	1	0
       42	2023-08-03 07:57:38	32	0	1	0
       42	2023-08-03 07:57:42	32	0	1	0
      459	2023-08-03 07:57:46	32	0	1	0
      459	2023-08-03 07:57:47	32	0	1	0
     1046	2023-08-03 07:57:51	32	0	1	0
     1046	2023-08-03 07:57:53	32	0	1	0
      114	2023-08-03 07:57:56	32	0	1	0
      114	2023-08-03 07:57:58	32	0	1	0
      344	2023-08-03 07:58:18	32	0	1	0
      344	2023-08-03 07:58:20	32	0	1	0
      523	2023-08-03 07:59:15	32	0	1	0
      255	2023-08-03 07:59:47	32	0	1	0
      255	2023-08-03 07:59:53	32	0	1	0
     2429	2023-08-03 07:59:58	32	0	1	0
      376	2023-08-03 08:00:11	32	0	1	0
     1928	2023-08-03 08:00:20	32	0	1	0
      157	2023-08-03 08:00:52	32	0	1	0
      135	2023-08-03 08:03:57	32	0	1	0
      280	2023-08-03 08:04:29	32	0	1	0
      280	2023-08-03 08:04:31	32	0	1	0
      665	2023-08-03 11:04:28	32	0	1	0
     2429	2023-08-03 12:02:42	32	1	1	0
     2388	2023-08-03 12:03:05	32	1	1	0
     1882	2023-08-03 12:06:06	32	1	1	0
       42	2023-08-03 12:07:23	32	1	1	0
       42	2023-08-03 12:07:27	32	1	1	0
      128	2023-08-03 12:07:32	32	1	1	0
       42	2023-08-03 12:08:30	32	0	1	0
       42	2023-08-03 12:08:33	32	0	1	0
     1266	2023-08-03 12:09:56	32	1	1	0
     1266	2023-08-03 12:11:04	32	0	1	0
      135	2023-08-03 12:14:06	32	1	1	0
      571	2023-08-03 12:28:26	32	1	1	0
     1046	2023-08-03 12:31:22	32	1	1	0
     1046	2023-08-03 12:31:25	32	1	1	0
     1461	2023-08-03 12:33:27	32	1	1	0
      986	2023-08-03 12:33:31	32	1	1	0
      491	2023-08-03 12:35:51	32	1	1	0
     1046	2023-08-03 12:36:09	32	0	1	0
     1046	2023-08-03 12:36:11	32	0	1	0
     1265	2023-08-03 12:55:44	32	1	1	0
     1265	2023-08-03 12:57:05	32	0	1	0
     1265	2023-08-03 12:57:06	32	0	1	0
     1916	2023-08-03 17:00:09	32	1	1	0
      523	2023-08-03 17:00:13	32	1	1	0
     2096	2023-08-03 17:01:37	32	1	1	0
     2096	2023-08-03 17:01:38	32	1	1	0
     2429	2023-08-03 17:02:06	32	1	1	0
     1046	2023-08-03 17:08:36	32	1	1	0
     2388	2023-08-03 17:09:46	32	1	1	0
     2679	2023-08-03 17:23:20	32	1	1	0
     2679	2023-08-03 17:23:21	32	1	1	0
      597	2023-08-03 17:28:06	32	1	1	0
      597	2023-08-03 17:28:07	32	1	1	0
      280	2023-08-03 17:38:28	32	1	1	0
      280	2023-08-03 17:38:29	32	1	1	0
      665	2023-08-03 20:17:58	32	1	1	0
     2096	2023-08-04 07:08:00	32	0	1	0
     2096	2023-08-04 07:08:01	32	0	1	0
      355	2023-08-04 07:09:47	32	0	1	0
      355	2023-08-04 07:09:52	32	0	1	0
      633	2023-08-04 07:12:35	32	0	1	0
      633	2023-08-04 07:13:31	32	0	1	0
     2388	2023-08-04 07:13:35	32	0	1	0
     2388	2023-08-04 07:13:37	32	0	1	0
       46	2023-08-04 07:17:25	32	0	1	0
       46	2023-08-04 07:17:27	32	0	1	0
      597	2023-08-04 07:24:30	32	0	1	0
      597	2023-08-04 07:24:32	32	0	1	0
     1916	2023-08-04 07:29:55	32	0	1	0
     2620	2023-08-04 07:31:35	32	0	1	0
     2620	2023-08-04 07:31:37	32	0	1	0
     2448	2023-08-04 07:31:47	32	0	1	0
     1600	2023-08-04 07:33:12	32	0	1	0
     1600	2023-08-04 07:33:15	32	0	1	0
     2628	2023-08-04 07:33:44	32	0	1	0
     2628	2023-08-04 07:33:46	32	0	1	0
     1435	2023-08-04 07:38:52	32	0	1	0
     1435	2023-08-04 07:38:54	32	0	1	0
     1058	2023-08-04 07:39:31	32	0	1	0
      523	2023-08-04 07:40:08	32	0	1	0
      491	2023-08-04 07:41:42	32	0	1	0
      359	2023-08-04 07:44:23	32	0	1	0
     1882	2023-08-04 07:44:31	32	0	1	0
      128	2023-08-04 07:45:02	32	0	1	0
     2445	2023-08-04 07:45:30	32	0	1	0
      255	2023-08-04 07:45:41	32	0	1	0
      255	2023-08-04 07:45:44	32	0	1	0
      114	2023-08-04 07:45:59	32	0	1	0
     1090	2023-08-04 07:46:02	32	0	1	0
     2863	2023-08-04 07:46:24	32	0	1	0
     1461	2023-08-04 07:46:31	32	0	1	0
      806	2023-08-04 07:46:40	32	0	1	0
      806	2023-08-04 07:46:42	32	0	1	0
      369	2023-08-04 07:46:57	32	0	1	0
     1600	2023-08-04 07:47:35	32	0	1	0
     1460	2023-08-04 07:47:50	32	0	1	0
     1460	2023-08-04 07:47:52	32	0	1	0
     1265	2023-08-04 07:49:50	32	0	1	0
     1265	2023-08-04 07:49:52	32	0	1	0
      923	2023-08-04 07:50:02	32	0	1	0
      797	2023-08-04 07:50:05	32	0	1	0
      360	2023-08-04 07:51:30	32	0	1	0
      360	2023-08-04 07:51:33	32	0	1	0
       42	2023-08-04 07:55:41	32	0	1	0
       42	2023-08-04 07:55:45	32	0	1	0
      624	2023-08-04 07:55:53	32	0	1	0
      571	2023-08-04 07:55:58	32	0	1	0
      344	2023-08-04 07:56:02	32	0	1	0
      344	2023-08-04 07:56:03	32	0	1	0
      459	2023-08-04 07:56:38	32	0	1	0
      459	2023-08-04 07:56:39	32	0	1	0
      226	2023-08-04 07:57:00	32	0	1	0
     1046	2023-08-04 07:57:11	32	0	1	0
     2429	2023-08-04 07:57:34	32	0	1	0
      157	2023-08-04 07:57:49	32	0	1	0
      376	2023-08-04 07:57:57	32	0	1	0
     1928	2023-08-04 07:58:01	32	0	1	0
     2679	2023-08-04 07:58:12	32	0	1	0
      135	2023-08-04 07:58:37	32	0	1	0
      254	2023-08-04 07:59:25	32	0	1	0
      254	2023-08-04 07:59:27	32	0	1	0
      158	2023-08-04 08:06:47	32	0	1	0
      665	2023-08-04 09:36:14	32	0	1	0
       42	2023-08-04 12:00:21	32	1	1	0
       42	2023-08-04 12:00:23	32	1	1	0
     1266	2023-08-04 12:00:29	32	1	1	0
     1266	2023-08-04 12:01:13	32	0	1	0
      597	2023-08-04 12:01:28	32	1	1	0
      597	2023-08-04 12:01:30	32	1	1	0
     2388	2023-08-04 12:02:44	32	1	1	0
       42	2023-08-04 12:03:12	32	0	1	0
       42	2023-08-04 12:03:14	32	0	1	0
      597	2023-08-04 12:03:26	32	0	1	0
      597	2023-08-04 12:03:28	32	0	1	0
     1882	2023-08-04 12:09:19	32	1	1	0
     1461	2023-08-04 12:32:58	32	1	1	0
      986	2023-08-04 12:33:11	32	1	1	0
      158	2023-08-04 12:48:41	32	1	1	0
      360	2023-08-04 12:53:27	32	0	1	0
     1265	2023-08-04 17:00:05	32	1	1	0
     1265	2023-08-04 17:00:07	32	1	1	0
     1916	2023-08-04 17:00:10	32	1	1	0
     1090	2023-08-04 17:00:13	32	1	1	0
      523	2023-08-04 17:00:17	32	1	1	0
     1435	2023-08-04 17:00:20	32	1	1	0
     1435	2023-08-04 17:00:21	32	1	1	0
     1046	2023-08-04 17:00:30	32	1	1	0
     1046	2023-08-04 17:00:31	32	1	1	0
     2096	2023-08-04 17:00:42	32	1	1	0
     2096	2023-08-04 17:00:43	32	1	1	0
     2388	2023-08-04 17:00:46	32	1	1	0
      597	2023-08-04 17:04:04	32	1	1	0
      597	2023-08-04 17:04:06	32	1	1	0
     2679	2023-08-04 17:16:21	32	1	1	0
     2679	2023-08-04 17:16:23	32	1	1	0
     1266	2023-08-04 17:18:09	32	1	1	0
      665	2023-08-04 19:28:15	32	1	1	0
      665	2023-08-05 08:12:46	32	0	1	0
      665	2023-08-05 21:27:58	32	1	1	0
      665	2023-08-06 09:10:06	32	0	1	0
      665	2023-08-06 20:05:01	32	1	1	0
      100	2023-08-07 06:56:04	32	0	1	0
     1600	2023-08-07 06:58:50	32	0	1	0
     1600	2023-08-07 06:58:53	32	0	1	0
     2388	2023-08-07 07:14:54	32	0	1	0
     2388	2023-08-07 07:14:55	32	0	1	0
      633	2023-08-07 07:18:05	32	0	1	0
      135	2023-08-07 07:19:31	32	0	1	0
       46	2023-08-07 07:25:53	32	0	1	0
       46	2023-08-07 07:25:54	32	0	1	0
     1265	2023-08-07 07:27:57	32	0	1	0
     1265	2023-08-07 07:28:01	32	0	1	0
     1265	2023-08-07 07:28:02	32	0	1	0
      128	2023-08-07 07:31:25	32	0	1	0
      128	2023-08-07 07:31:27	32	0	1	0
      491	2023-08-07 07:31:31	32	0	1	0
      359	2023-08-07 07:32:38	32	0	1	0
      355	2023-08-07 07:32:51	32	0	1	0
      355	2023-08-07 07:33:04	32	0	1	0
     2628	2023-08-07 07:35:18	32	0	1	0
     2628	2023-08-07 07:35:19	32	0	1	0
      923	2023-08-07 07:35:54	32	0	1	0
     2096	2023-08-07 07:36:20	32	0	1	0
      344	2023-08-07 07:36:58	32	0	1	0
     1982	2023-08-07 07:37:12	32	0	1	0
     1982	2023-08-07 07:37:13	32	0	1	0
     2448	2023-08-07 07:39:18	32	0	1	0
      226	2023-08-07 07:39:50	32	0	1	0
     2429	2023-08-07 07:42:15	32	0	1	0
      157	2023-08-07 07:42:50	32	0	1	0
     1928	2023-08-07 07:43:02	32	0	1	0
      114	2023-08-07 07:43:10	32	0	1	0
     2445	2023-08-07 07:44:25	32	0	1	0
     1882	2023-08-07 07:45:50	32	0	1	0
     1460	2023-08-07 07:46:59	32	0	1	0
     1460	2023-08-07 07:47:01	32	0	1	0
     1435	2023-08-07 07:47:19	32	0	1	0
     1435	2023-08-07 07:47:20	32	0	1	0
      226	2023-08-07 07:47:29	32	0	1	0
      523	2023-08-07 07:48:03	32	0	1	0
     2620	2023-08-07 07:49:16	32	0	1	0
     2620	2023-08-07 07:49:18	32	0	1	0
     2620	2023-08-07 07:49:25	32	0	1	0
      254	2023-08-07 07:51:00	32	0	1	0
      254	2023-08-07 07:51:02	32	0	1	0
      986	2023-08-07 07:51:05	32	0	1	0
      369	2023-08-07 07:51:48	32	0	1	0
     1916	2023-08-07 07:52:31	32	0	1	0
      571	2023-08-07 07:52:59	32	0	1	0
     2679	2023-08-07 07:54:09	32	0	1	0
     1865	2023-08-07 07:54:15	32	0	1	0
      360	2023-08-07 07:54:59	32	0	1	0
      360	2023-08-07 07:55:01	32	0	1	0
     1090	2023-08-07 07:56:19	32	0	1	0
       42	2023-08-07 07:57:42	32	0	1	0
       42	2023-08-07 07:57:45	32	0	1	0
     2863	2023-08-07 07:57:48	32	0	1	0
     1046	2023-08-07 07:57:51	32	0	1	0
     1046	2023-08-07 07:57:53	32	0	1	0
      376	2023-08-07 07:57:56	32	0	1	0
      459	2023-08-07 07:57:59	32	0	1	0
      459	2023-08-07 07:58:00	32	0	1	0
     1058	2023-08-07 07:58:06	32	0	1	0
      369	2023-08-07 07:58:23	32	0	1	0
      280	2023-08-07 07:58:31	32	0	1	0
      280	2023-08-07 07:58:33	32	0	1	0
     1461	2023-08-07 07:59:40	32	0	1	0
     1461	2023-08-07 07:59:42	32	0	1	0
      158	2023-08-07 07:59:43	32	0	1	0
      158	2023-08-07 07:59:44	32	0	1	0
     1461	2023-08-07 07:59:46	32	0	1	0
      806	2023-08-07 07:59:49	32	0	1	0
      806	2023-08-07 07:59:51	32	0	1	0
      986	2023-08-07 07:59:53	32	0	1	0
      255	2023-08-07 08:24:56	32	0	1	0
      665	2023-08-07 08:47:45	32	0	1	0
     1046	2023-08-07 12:01:14	32	1	1	0
     1046	2023-08-07 12:01:17	32	1	1	0
      128	2023-08-07 12:01:35	32	1	1	0
      128	2023-08-07 12:01:37	32	1	1	0
      100	2023-08-07 12:06:02	32	1	1	0
      135	2023-08-07 12:08:54	32	1	1	0
       42	2023-08-07 12:10:45	32	1	1	0
       42	2023-08-07 12:10:48	32	1	1	0
       42	2023-08-07 12:12:06	32	0	1	0
       42	2023-08-07 12:12:10	32	0	1	0
     1266	2023-08-07 12:15:37	32	1	1	0
     1266	2023-08-07 12:16:17	32	0	1	0
     1090	2023-08-07 12:31:00	32	1	1	0
      255	2023-08-07 12:31:05	32	1	1	0
      100	2023-08-07 12:34:15	32	0	1	0
      491	2023-08-07 12:34:29	32	1	1	0
     2388	2023-08-07 12:38:24	32	0	1	0
      344	2023-08-07 12:43:06	32	1	1	0
     1461	2023-08-07 12:43:58	32	1	1	0
     1461	2023-08-07 12:43:59	32	1	1	0
      986	2023-08-07 12:44:01	32	1	1	0
     1865	2023-08-07 12:44:05	32	1	1	0
      571	2023-08-07 12:56:36	32	0	1	0
      355	2023-08-07 17:02:39	32	0	1	0
      355	2023-08-07 17:02:56	32	1	1	0
      355	2023-08-07 17:02:58	32	1	1	0
     2679	2023-08-07 17:03:04	32	1	1	0
     2679	2023-08-07 17:03:07	32	1	1	0
     2388	2023-08-07 17:03:27	32	1	1	0
     2388	2023-08-07 17:03:29	32	1	1	0
     2429	2023-08-07 17:05:07	32	1	1	0
     1266	2023-08-07 17:08:53	32	1	1	0
     1265	2023-08-07 17:22:37	32	1	1	0
     1265	2023-08-07 17:22:39	32	1	1	0
     1928	2023-08-07 17:32:12	32	1	1	0
     1916	2023-08-07 17:50:18	32	1	1	0
      665	2023-08-07 22:23:17	32	1	1	0
      100	2023-08-08 07:04:25	32	0	1	0
     2388	2023-08-08 07:15:10	32	0	1	0
     1058	2023-08-08 07:16:47	32	0	1	0
      491	2023-08-08 07:20:22	32	0	1	0
      355	2023-08-08 07:21:32	32	0	1	0
      355	2023-08-08 07:21:39	32	0	1	0
       46	2023-08-08 07:26:21	32	0	1	0
       46	2023-08-08 07:26:22	32	0	1	0
      633	2023-08-08 07:29:17	32	0	1	0
      597	2023-08-08 07:29:30	32	0	1	0
      597	2023-08-08 07:29:32	32	0	1	0
     1982	2023-08-08 07:29:48	32	0	1	0
     1982	2023-08-08 07:29:49	32	0	1	0
     1265	2023-08-08 07:29:51	32	0	1	0
     1265	2023-08-08 07:29:52	32	0	1	0
      128	2023-08-08 07:30:00	32	0	1	0
      128	2023-08-08 07:30:02	32	0	1	0
     1600	2023-08-08 07:34:09	32	0	1	0
     1600	2023-08-08 07:34:14	32	0	1	0
      923	2023-08-08 07:36:16	32	0	1	0
      797	2023-08-08 07:36:20	32	0	1	0
     1916	2023-08-08 07:36:40	32	0	1	0
     2628	2023-08-08 07:39:45	32	0	1	0
     2628	2023-08-08 07:39:47	32	0	1	0
      255	2023-08-08 07:41:48	32	0	1	0
      255	2023-08-08 07:41:50	32	0	1	0
      624	2023-08-08 07:42:48	32	0	1	0
     2679	2023-08-08 07:44:25	32	0	1	0
      369	2023-08-08 07:44:40	32	0	1	0
      157	2023-08-08 07:46:50	32	0	1	0
     1928	2023-08-08 07:46:53	32	0	1	0
      135	2023-08-08 07:47:17	32	0	1	0
      523	2023-08-08 07:47:37	32	0	1	0
      523	2023-08-08 07:47:40	32	0	1	0
     2445	2023-08-08 07:48:27	32	0	1	0
     1865	2023-08-08 07:49:05	32	0	1	0
     2863	2023-08-08 07:49:13	32	0	1	0
     1461	2023-08-08 07:50:04	32	0	1	0
      806	2023-08-08 07:50:09	32	0	1	0
      806	2023-08-08 07:50:10	32	0	1	0
      806	2023-08-08 07:50:12	32	0	1	0
     1460	2023-08-08 07:50:17	32	0	1	0
     1460	2023-08-08 07:50:19	32	0	1	0
     1435	2023-08-08 07:50:22	32	0	1	0
     1435	2023-08-08 07:50:24	32	0	1	0
     1090	2023-08-08 07:52:30	32	0	1	0
      571	2023-08-08 07:53:38	32	0	1	0
     2620	2023-08-08 07:54:18	32	0	1	0
     2620	2023-08-08 07:54:20	32	0	1	0
     2096	2023-08-08 07:54:34	32	0	1	0
      254	2023-08-08 07:55:50	32	0	1	0
      254	2023-08-08 07:55:51	32	0	1	0
      986	2023-08-08 07:56:03	32	0	1	0
      360	2023-08-08 07:56:47	32	0	1	0
      360	2023-08-08 07:56:48	32	0	1	0
       42	2023-08-08 07:57:00	32	0	1	0
       42	2023-08-08 07:57:02	32	0	1	0
     1882	2023-08-08 07:57:09	32	0	1	0
      280	2023-08-08 07:57:14	32	0	1	0
      280	2023-08-08 07:57:17	32	0	1	0
      359	2023-08-08 07:58:03	32	0	1	0
      114	2023-08-08 07:58:24	32	0	1	0
      114	2023-08-08 07:58:25	32	0	1	0
      158	2023-08-08 07:58:48	32	0	1	0
      459	2023-08-08 07:59:11	32	0	1	0
      459	2023-08-08 07:59:13	32	0	1	0
     1046	2023-08-08 07:59:17	32	0	1	0
     1046	2023-08-08 07:59:19	32	0	1	0
      344	2023-08-08 08:00:10	32	0	1	0
      344	2023-08-08 08:00:12	32	0	1	0
      226	2023-08-08 08:00:33	32	0	1	0
      376	2023-08-08 08:04:42	32	0	1	0
     2448	2023-08-08 08:05:36	32	0	1	0
      665	2023-08-08 11:25:26	32	0	1	0
     1266	2023-08-08 12:00:03	32	1	1	0
     2863	2023-08-08 12:00:08	32	1	1	0
     1266	2023-08-08 12:01:52	32	0	1	0
      597	2023-08-08 12:06:08	32	1	1	0
     2388	2023-08-08 12:06:10	32	1	1	0
      100	2023-08-08 12:06:18	32	1	1	0
     1046	2023-08-08 12:07:15	32	1	1	0
     1046	2023-08-08 12:07:17	32	1	1	0
      597	2023-08-08 12:07:34	32	0	1	0
      128	2023-08-08 12:15:27	32	1	1	0
      128	2023-08-08 12:15:29	32	1	1	0
      135	2023-08-08 12:34:03	32	1	1	0
     1461	2023-08-08 12:37:01	32	1	1	0
     1461	2023-08-08 12:37:05	32	1	1	0
     1865	2023-08-08 12:37:09	32	1	1	0
      986	2023-08-08 12:37:12	32	1	1	0
      100	2023-08-08 12:39:22	32	0	1	0
      571	2023-08-08 12:40:29	32	0	1	0
      114	2023-08-08 12:49:41	32	1	1	0
      360	2023-08-08 13:01:12	32	1	1	0
      360	2023-08-08 13:01:33	32	0	1	0
     1435	2023-08-08 16:08:23	32	1	1	0
     1435	2023-08-08 16:08:24	32	1	1	0
      806	2023-08-08 17:00:04	32	1	1	0
      806	2023-08-08 17:00:05	32	1	1	0
     1058	2023-08-08 17:00:20	32	1	1	0
     2679	2023-08-08 17:00:24	32	1	1	0
     2679	2023-08-08 17:00:25	32	1	1	0
      523	2023-08-08 17:00:33	32	1	1	0
     1600	2023-08-08 17:00:38	32	1	1	0
     1600	2023-08-08 17:00:41	32	1	1	0
     1090	2023-08-08 17:01:39	32	1	1	0
      355	2023-08-08 17:03:14	32	1	1	0
      355	2023-08-08 17:03:17	32	1	1	0
     2388	2023-08-08 17:04:57	32	1	1	0
     1265	2023-08-08 17:06:04	32	1	1	0
     1265	2023-08-08 17:06:06	32	1	1	0
     1046	2023-08-08 17:06:40	32	1	1	0
     1046	2023-08-08 17:06:42	32	1	1	0
     2096	2023-08-08 17:07:22	32	1	1	0
     2096	2023-08-08 17:07:25	32	1	1	0
      100	2023-08-08 17:09:24	32	1	1	0
     1916	2023-08-08 17:26:03	32	1	1	0
     1928	2023-08-08 17:39:12	32	1	1	0
      255	2023-08-08 17:41:00	32	1	1	0
      665	2023-08-08 19:49:39	32	1	1	0
     2388	2023-08-09 07:14:10	32	0	1	0
     2388	2023-08-09 07:14:12	32	0	1	0
      100	2023-08-09 07:20:19	32	0	1	0
      597	2023-08-09 07:21:06	32	0	1	0
      597	2023-08-09 07:21:08	32	0	1	0
       46	2023-08-09 07:30:26	32	0	1	0
       46	2023-08-09 07:30:28	32	0	1	0
     1265	2023-08-09 07:30:42	32	0	1	0
     1265	2023-08-09 07:30:44	32	0	1	0
     2628	2023-08-09 07:31:08	32	0	1	0
     2628	2023-08-09 07:31:10	32	0	1	0
      633	2023-08-09 07:31:27	32	0	1	0
      633	2023-08-09 07:31:34	32	0	1	0
      128	2023-08-09 07:32:20	32	0	1	0
      128	2023-08-09 07:32:22	32	0	1	0
      355	2023-08-09 07:32:31	32	0	1	0
      355	2023-08-09 07:32:33	32	0	1	0
      523	2023-08-09 07:33:06	32	0	1	0
      523	2023-08-09 07:33:09	32	0	1	0
     2863	2023-08-09 07:34:13	32	0	1	0
     1600	2023-08-09 07:37:43	32	0	1	0
     1600	2023-08-09 07:37:46	32	0	1	0
     1090	2023-08-09 07:40:16	32	0	1	0
     1982	2023-08-09 07:41:04	32	0	1	0
     1982	2023-08-09 07:41:05	32	0	1	0
     2448	2023-08-09 07:42:18	32	0	1	0
      624	2023-08-09 07:42:40	32	0	1	0
     1460	2023-08-09 07:43:16	32	0	1	0
     1460	2023-08-09 07:43:17	32	0	1	0
     2445	2023-08-09 07:43:34	32	0	1	0
      359	2023-08-09 07:43:58	32	0	1	0
      369	2023-08-09 07:44:55	32	0	1	0
     1916	2023-08-09 07:45:07	32	0	1	0
      255	2023-08-09 07:47:47	32	0	1	0
      255	2023-08-09 07:47:51	32	0	1	0
      923	2023-08-09 07:48:24	32	0	1	0
      797	2023-08-09 07:48:28	32	0	1	0
     2388	2023-08-09 07:48:58	32	0	1	0
     2620	2023-08-09 07:49:28	32	0	1	0
     2620	2023-08-09 07:49:29	32	0	1	0
     1461	2023-08-09 07:50:09	32	0	1	0
      459	2023-08-09 07:51:08	32	0	1	0
      459	2023-08-09 07:51:09	32	0	1	0
      491	2023-08-09 07:51:13	32	0	1	0
      135	2023-08-09 07:51:21	32	0	1	0
     1046	2023-08-09 07:51:29	32	0	1	0
     1046	2023-08-09 07:51:31	32	0	1	0
      280	2023-08-09 07:51:39	32	0	1	0
      280	2023-08-09 07:51:41	32	0	1	0
      157	2023-08-09 07:53:51	32	0	1	0
     1928	2023-08-09 07:53:59	32	0	1	0
     1865	2023-08-09 07:54:12	32	0	1	0
     1058	2023-08-09 07:55:01	32	0	1	0
      376	2023-08-09 07:56:31	32	0	1	0
       42	2023-08-09 07:57:18	32	0	1	0
       42	2023-08-09 07:57:22	32	0	1	0
      360	2023-08-09 07:57:31	32	0	1	0
      360	2023-08-09 07:57:34	32	0	1	0
     1435	2023-08-09 07:57:37	32	0	1	0
     1435	2023-08-09 07:57:39	32	0	1	0
      254	2023-08-09 07:58:13	32	0	1	0
      254	2023-08-09 07:58:15	32	0	1	0
     2679	2023-08-09 07:58:48	32	0	1	0
     1882	2023-08-09 07:58:53	32	0	1	0
      344	2023-08-09 07:59:14	32	0	1	0
      344	2023-08-09 07:59:16	32	0	1	0
      226	2023-08-09 08:02:32	32	0	1	0
      114	2023-08-09 08:03:43	32	0	1	0
     2096	2023-08-09 08:04:46	32	0	1	0
      158	2023-08-09 08:07:09	32	0	1	0
      571	2023-08-09 08:07:24	32	0	1	0
      806	2023-08-09 08:24:13	32	0	1	0
      806	2023-08-09 08:24:15	32	0	1	0
      665	2023-08-09 09:10:32	32	0	1	0
     2388	2023-08-09 12:01:56	32	1	1	0
     1865	2023-08-09 12:07:53	32	1	1	0
     1046	2023-08-09 12:08:26	32	1	1	0
     1046	2023-08-09 12:08:27	32	1	1	0
      128	2023-08-09 12:10:39	32	1	1	0
      128	2023-08-09 12:10:41	32	1	1	0
     1882	2023-08-09 12:11:11	32	1	1	0
      797	2023-08-09 12:11:15	32	1	1	0
      571	2023-08-09 12:17:25	32	1	1	0
      597	2023-08-09 12:23:57	32	1	1	0
      597	2023-08-09 12:24:00	32	1	1	0
      597	2023-08-09 12:25:08	32	0	1	0
      597	2023-08-09 12:25:10	32	0	1	0
      255	2023-08-09 12:29:30	32	1	1	0
      114	2023-08-09 12:35:06	32	1	1	0
      100	2023-08-09 12:41:49	32	1	1	0
      100	2023-08-09 12:41:58	32	0	1	0
     2679	2023-08-09 17:00:06	32	1	1	0
     2679	2023-08-09 17:00:08	32	1	1	0
     1058	2023-08-09 17:00:11	32	1	1	0
     1916	2023-08-09 17:00:14	32	1	1	0
     2096	2023-08-09 17:00:50	32	1	1	0
     2096	2023-08-09 17:00:53	32	1	1	0
      597	2023-08-09 17:01:33	32	1	1	0
      597	2023-08-09 17:01:35	32	1	1	0
      355	2023-08-09 17:02:27	32	1	1	0
      355	2023-08-09 17:02:28	32	1	1	0
      523	2023-08-09 17:02:33	32	1	1	0
      523	2023-08-09 17:02:34	32	1	1	0
     2388	2023-08-09 17:03:03	32	1	1	0
     2448	2023-08-09 17:03:27	32	1	1	0
     1865	2023-08-09 17:04:31	32	1	1	0
     1046	2023-08-09 17:06:18	32	1	1	0
     1982	2023-08-09 17:06:31	32	1	1	0
     1982	2023-08-09 17:06:32	32	1	1	0
      923	2023-08-09 17:12:00	32	1	1	0
     1266	2023-08-09 17:23:41	32	1	1	0
     1928	2023-08-09 19:39:27	32	1	1	0
      665	2023-08-09 20:03:11	32	1	1	0
      797	2023-08-10 07:13:26	32	0	1	0
       46	2023-08-10 07:15:03	32	0	1	0
       46	2023-08-10 07:15:05	32	0	1	0
      100	2023-08-10 07:20:08	32	0	1	0
     2388	2023-08-10 07:21:36	32	0	1	0
      355	2023-08-10 07:21:54	32	0	1	0
      355	2023-08-10 07:21:57	32	0	1	0
     2628	2023-08-10 07:28:13	32	0	1	0
     2628	2023-08-10 07:28:14	32	0	1	0
     1600	2023-08-10 07:31:05	32	0	1	0
     1600	2023-08-10 07:31:09	32	0	1	0
      128	2023-08-10 07:32:42	32	0	1	0
      128	2023-08-10 07:32:44	32	0	1	0
      633	2023-08-10 07:33:55	32	0	1	0
     1916	2023-08-10 07:34:34	32	0	1	0
     1982	2023-08-10 07:35:24	32	0	1	0
     1982	2023-08-10 07:35:25	32	0	1	0
     2096	2023-08-10 07:38:26	32	0	1	0
     1265	2023-08-10 07:38:29	32	0	1	0
     1265	2023-08-10 07:38:30	32	0	1	0
      597	2023-08-10 07:38:55	32	0	1	0
      597	2023-08-10 07:38:57	32	0	1	0
      360	2023-08-10 07:39:02	32	0	1	0
      360	2023-08-10 07:39:04	32	0	1	0
      523	2023-08-10 07:40:22	32	0	1	0
      523	2023-08-10 07:40:24	32	0	1	0
     2620	2023-08-10 07:44:05	32	0	1	0
     2620	2023-08-10 07:44:07	32	0	1	0
     2863	2023-08-10 07:45:52	32	0	1	0
     1865	2023-08-10 07:45:59	32	0	1	0
      624	2023-08-10 07:46:27	32	0	1	0
      369	2023-08-10 07:48:57	32	0	1	0
     1460	2023-08-10 07:49:54	32	0	1	0
     1460	2023-08-10 07:49:56	32	0	1	0
     2448	2023-08-10 07:50:24	32	0	1	0
      135	2023-08-10 07:51:01	32	0	1	0
      255	2023-08-10 07:51:08	32	0	1	0
      255	2023-08-10 07:51:11	32	0	1	0
     1090	2023-08-10 07:51:17	32	0	1	0
      491	2023-08-10 07:52:18	32	0	1	0
     1928	2023-08-10 07:52:52	32	0	1	0
     2445	2023-08-10 07:52:59	32	0	1	0
      157	2023-08-10 07:53:04	32	0	1	0
      459	2023-08-10 07:55:53	32	0	1	0
      459	2023-08-10 07:55:57	32	0	1	0
     1046	2023-08-10 07:56:04	32	0	1	0
     1046	2023-08-10 07:56:05	32	0	1	0
     1435	2023-08-10 07:56:16	32	0	1	0
     1435	2023-08-10 07:56:18	32	0	1	0
       42	2023-08-10 07:56:41	32	0	1	0
       42	2023-08-10 07:56:45	32	0	1	0
      226	2023-08-10 07:58:13	32	0	1	0
     2679	2023-08-10 07:58:17	32	0	1	0
      254	2023-08-10 07:58:41	32	0	1	0
      254	2023-08-10 07:58:43	32	0	1	0
      280	2023-08-10 08:00:46	32	0	1	0
     1461	2023-08-10 08:01:02	32	0	1	0
      806	2023-08-10 08:01:04	32	0	1	0
      806	2023-08-10 08:01:06	32	0	1	0
      359	2023-08-10 08:02:31	32	0	1	0
     1882	2023-08-10 08:02:46	32	0	1	0
      376	2023-08-10 08:04:18	32	0	1	0
      114	2023-08-10 08:04:25	32	0	1	0
      571	2023-08-10 08:11:25	32	0	1	0
      344	2023-08-10 10:34:24	32	0	1	0
      665	2023-08-10 10:56:10	32	0	1	0
     2863	2023-08-10 12:00:06	32	1	1	0
      360	2023-08-10 12:01:24	32	1	1	0
      597	2023-08-10 12:01:56	32	1	1	0
       42	2023-08-10 12:02:09	32	1	1	0
       42	2023-08-10 12:02:12	32	1	1	0
     1266	2023-08-10 12:02:53	32	1	1	0
     1266	2023-08-10 12:03:53	32	0	1	0
      597	2023-08-10 12:04:05	32	0	1	0
       42	2023-08-10 12:05:14	32	0	1	0
       42	2023-08-10 12:05:17	32	0	1	0
      128	2023-08-10 12:10:50	32	1	1	0
      128	2023-08-10 12:10:52	32	1	1	0
     2388	2023-08-10 12:11:25	32	1	1	0
      491	2023-08-10 12:12:54	32	1	1	0
     2388	2023-08-10 12:52:45	32	0	1	0
      360	2023-08-10 12:54:31	32	0	1	0
      523	2023-08-10 17:00:12	32	0	1	0
      523	2023-08-10 17:00:21	32	1	1	0
      523	2023-08-10 17:00:23	32	1	1	0
      523	2023-08-10 17:00:32	32	1	1	0
     2388	2023-08-10 17:03:21	32	1	1	0
      128	2023-08-10 17:04:05	32	1	1	0
      128	2023-08-10 17:04:07	32	1	1	0
     2388	2023-08-10 17:04:22	32	1	1	0
     1266	2023-08-10 17:08:34	32	1	1	0
     1928	2023-08-10 17:14:57	32	1	1	0
     1916	2023-08-10 17:17:35	32	1	1	0
     2096	2023-08-10 17:39:43	32	1	1	0
     1265	2023-08-10 17:39:45	32	1	1	0
     1265	2023-08-10 17:39:48	32	1	1	0
      665	2023-08-10 19:46:46	32	1	1	0
     1266	2023-08-11 05:19:31	32	0	1	0
      100	2023-08-11 07:02:27	32	0	1	0
       46	2023-08-11 07:15:12	32	0	1	0
       46	2023-08-11 07:15:14	32	0	1	0
     2388	2023-08-11 07:17:10	32	0	1	0
     2388	2023-08-11 07:17:12	32	0	1	0
     2388	2023-08-11 07:23:43	32	0	1	0
     1600	2023-08-11 07:25:15	32	0	1	0
     1600	2023-08-11 07:25:19	32	0	1	0
      797	2023-08-11 07:30:19	32	0	1	0
      355	2023-08-11 07:33:11	32	0	1	0
      355	2023-08-11 07:33:14	32	0	1	0
      633	2023-08-11 07:35:12	32	0	1	0
     1982	2023-08-11 07:36:03	32	0	1	0
     1982	2023-08-11 07:36:04	32	0	1	0
     2628	2023-08-11 07:38:37	32	0	1	0
     2628	2023-08-11 07:38:39	32	0	1	0
      624	2023-08-11 07:41:02	32	0	1	0
      523	2023-08-11 07:43:32	32	0	1	0
     2096	2023-08-11 07:44:07	32	0	1	0
     2620	2023-08-11 07:44:56	32	0	1	0
     2620	2023-08-11 07:44:58	32	0	1	0
     2445	2023-08-11 07:46:23	32	0	1	0
      923	2023-08-11 07:46:33	32	0	1	0
      923	2023-08-11 07:46:40	32	0	1	0
      128	2023-08-11 07:46:43	32	0	1	0
      128	2023-08-11 07:46:47	32	0	1	0
     1265	2023-08-11 07:46:54	32	0	1	0
     1265	2023-08-11 07:46:55	32	0	1	0
     1090	2023-08-11 07:47:28	32	0	1	0
      360	2023-08-11 07:47:55	32	0	1	0
      360	2023-08-11 07:47:57	32	0	1	0
     2863	2023-08-11 07:48:05	32	0	1	0
     1882	2023-08-11 07:48:12	32	0	1	0
     1928	2023-08-11 07:48:40	32	0	1	0
      157	2023-08-11 07:48:51	32	0	1	0
      571	2023-08-11 07:48:59	32	0	1	0
     1865	2023-08-11 07:49:24	32	0	1	0
      369	2023-08-11 07:49:28	32	0	1	0
     1460	2023-08-11 07:49:47	32	0	1	0
     1460	2023-08-11 07:49:50	32	0	1	0
     2679	2023-08-11 07:51:00	32	0	1	0
     2448	2023-08-11 07:51:36	32	0	1	0
      986	2023-08-11 07:52:05	32	0	1	0
      255	2023-08-11 07:52:40	32	0	1	0
      255	2023-08-11 07:52:44	32	0	1	0
      597	2023-08-11 07:52:59	32	0	1	0
      597	2023-08-11 07:53:01	32	0	1	0
      491	2023-08-11 07:53:07	32	0	1	0
     1435	2023-08-11 07:53:12	32	0	1	0
     1435	2023-08-11 07:53:14	32	0	1	0
      158	2023-08-11 07:54:54	32	0	1	0
      376	2023-08-11 07:55:15	32	0	1	0
       42	2023-08-11 07:55:26	32	0	1	0
       42	2023-08-11 07:55:29	32	0	1	0
      459	2023-08-11 07:56:24	32	0	1	0
      459	2023-08-11 07:56:25	32	0	1	0
     1461	2023-08-11 07:56:27	32	0	1	0
     1461	2023-08-11 07:56:29	32	0	1	0
     1046	2023-08-11 07:56:33	32	0	1	0
     1046	2023-08-11 07:56:34	32	0	1	0
      806	2023-08-11 07:56:37	32	0	1	0
      806	2023-08-11 07:56:38	32	0	1	0
     1916	2023-08-11 07:57:57	32	0	1	0
      114	2023-08-11 07:58:05	32	0	1	0
      280	2023-08-11 07:59:24	32	0	1	0
      280	2023-08-11 07:59:26	32	0	1	0
      135	2023-08-11 07:59:54	32	0	1	0
      344	2023-08-11 08:00:40	32	0	1	0
      254	2023-08-11 08:00:53	32	0	1	0
      254	2023-08-11 08:00:55	32	0	1	0
      226	2023-08-11 08:01:49	32	0	1	0
      359	2023-08-11 08:05:35	32	0	1	0
      665	2023-08-11 09:16:58	32	0	1	0
      100	2023-08-11 12:01:08	32	1	1	0
     2388	2023-08-11 12:04:10	32	1	1	0
      523	2023-08-11 12:04:51	32	1	1	0
       42	2023-08-11 12:09:11	32	1	1	0
       42	2023-08-11 12:09:19	32	0	1	0
       42	2023-08-11 12:09:22	32	0	1	0
      491	2023-08-11 12:11:14	32	1	1	0
     1266	2023-08-11 12:17:19	32	1	1	0
     1266	2023-08-11 12:18:04	32	0	1	0
     1046	2023-08-11 12:18:51	32	1	1	0
     1046	2023-08-11 12:18:53	32	1	1	0
     1090	2023-08-11 12:19:43	32	1	1	0
      128	2023-08-11 12:21:22	32	1	1	0
      597	2023-08-11 12:21:53	32	1	1	0
      597	2023-08-11 12:23:25	32	0	1	0
     1461	2023-08-11 12:48:29	32	1	1	0
      986	2023-08-11 12:48:36	32	1	1	0
     1865	2023-08-11 12:48:38	32	1	1	0
      360	2023-08-11 12:55:19	32	0	1	0
      128	2023-08-11 13:00:00	32	0	1	0
      128	2023-08-11 13:00:02	32	0	1	0
     1266	2023-08-11 17:02:22	32	1	1	0
     2388	2023-08-11 17:04:31	32	1	1	0
     2388	2023-08-11 17:04:33	32	1	1	0
     2388	2023-08-11 17:04:58	32	1	1	0
      128	2023-08-11 17:06:13	32	1	1	0
      128	2023-08-11 17:06:15	32	1	1	0
     2679	2023-08-11 17:08:42	32	1	1	0
     2679	2023-08-11 17:08:43	32	1	1	0
     1046	2023-08-11 17:14:31	32	1	1	0
     1046	2023-08-11 17:14:35	32	1	1	0
     1916	2023-08-11 17:15:15	32	1	1	0
     1928	2023-08-11 17:23:00	32	1	1	0
     1982	2023-08-11 17:45:23	32	1	1	0
     1982	2023-08-11 17:45:24	32	1	1	0
     1265	2023-08-11 18:17:45	32	1	1	0
     1265	2023-08-11 18:17:46	32	1	1	0
     2448	2023-08-11 18:17:55	32	1	1	0
     2096	2023-08-11 18:18:01	32	1	1	0
     2096	2023-08-11 18:18:03	32	1	1	0
      665	2023-08-11 19:48:27	32	1	1	0
      665	2023-08-12 08:28:31	32	0	1	0
      665	2023-08-12 19:17:59	32	1	1	0
      665	2023-08-13 08:51:13	32	0	1	0
      665	2023-08-13 20:57:32	32	1	1	0
      100	2023-08-14 06:45:47	32	0	1	0
     1600	2023-08-14 07:17:55	32	0	1	0
     1600	2023-08-14 07:17:59	32	0	1	0
      633	2023-08-14 07:19:39	32	0	1	0
     1265	2023-08-14 07:25:18	32	0	1	0
     1265	2023-08-14 07:25:19	32	0	1	0
      128	2023-08-14 07:27:08	32	0	1	0
      128	2023-08-14 07:27:10	32	0	1	0
       46	2023-08-14 07:27:50	32	0	1	0
       46	2023-08-14 07:27:51	32	0	1	0
      597	2023-08-14 07:28:47	32	0	1	0
      597	2023-08-14 07:28:49	32	0	1	0
     1982	2023-08-14 07:33:33	32	0	1	0
     1982	2023-08-14 07:33:34	32	0	1	0
      355	2023-08-14 07:36:23	32	0	1	0
      355	2023-08-14 07:36:30	32	0	1	0
     2445	2023-08-14 07:40:49	32	0	1	0
      923	2023-08-14 07:41:49	32	0	1	0
     2096	2023-08-14 07:41:57	32	0	1	0
     1928	2023-08-14 07:44:50	32	0	1	0
     2448	2023-08-14 07:45:31	32	0	1	0
     2628	2023-08-14 07:46:22	32	0	1	0
     2628	2023-08-14 07:46:23	32	0	1	0
     2620	2023-08-14 07:47:16	32	0	1	0
     2620	2023-08-14 07:47:18	32	0	1	0
     2679	2023-08-14 07:49:37	32	0	1	0
     1435	2023-08-14 07:49:42	32	0	1	0
     1916	2023-08-14 07:49:50	32	0	1	0
     1865	2023-08-14 07:50:21	32	0	1	0
      797	2023-08-14 07:50:25	32	0	1	0
      571	2023-08-14 07:50:29	32	0	1	0
     1460	2023-08-14 07:50:48	32	0	1	0
     1460	2023-08-14 07:50:50	32	0	1	0
       42	2023-08-14 07:51:11	32	0	1	0
       42	2023-08-14 07:51:15	32	0	1	0
     2863	2023-08-14 07:53:23	32	0	1	0
      523	2023-08-14 07:54:07	32	0	1	0
      523	2023-08-14 07:54:13	32	0	1	0
     1090	2023-08-14 07:54:58	32	0	1	0
      280	2023-08-14 07:55:28	32	0	1	0
      280	2023-08-14 07:55:30	32	0	1	0
     1882	2023-08-14 07:56:11	32	0	1	0
      226	2023-08-14 07:56:45	32	0	1	0
      254	2023-08-14 07:56:51	32	0	1	0
      254	2023-08-14 07:56:52	32	0	1	0
      360	2023-08-14 07:56:57	32	0	1	0
      360	2023-08-14 07:56:58	32	0	1	0
      986	2023-08-14 07:57:18	32	0	1	0
      376	2023-08-14 07:57:28	32	0	1	0
      114	2023-08-14 07:57:49	32	0	1	0
     2429	2023-08-14 07:58:09	32	0	1	0
      459	2023-08-14 07:58:23	32	0	1	0
      459	2023-08-14 07:58:24	32	0	1	0
     1046	2023-08-14 07:58:31	32	0	1	0
     1046	2023-08-14 07:58:32	32	0	1	0
      157	2023-08-14 07:59:08	32	0	1	0
     1461	2023-08-14 07:59:16	32	0	1	0
     1461	2023-08-14 07:59:17	32	0	1	0
      806	2023-08-14 07:59:33	32	0	1	0
      806	2023-08-14 07:59:34	32	0	1	0
      665	2023-08-14 08:00:46	32	0	1	0
     1058	2023-08-14 08:00:57	32	0	1	0
      369	2023-08-14 08:01:39	32	0	1	0
      158	2023-08-14 08:03:19	32	0	1	0
      344	2023-08-14 08:09:43	32	0	1	0
      255	2023-08-14 08:17:53	32	0	1	0
      255	2023-08-14 08:17:56	32	0	1	0
     1266	2023-08-14 12:00:06	32	1	1	0
       42	2023-08-14 12:00:09	32	1	1	0
       42	2023-08-14 12:00:12	32	1	1	0
     1266	2023-08-14 12:01:16	32	0	1	0
       42	2023-08-14 12:01:24	32	0	1	0
       42	2023-08-14 12:01:27	32	0	1	0
     1046	2023-08-14 12:03:18	32	1	1	0
      158	2023-08-14 12:13:49	32	1	1	0
      344	2023-08-14 12:14:51	32	1	1	0
     2429	2023-08-14 12:16:16	32	1	1	0
      597	2023-08-14 12:18:15	32	1	1	0
      597	2023-08-14 12:19:14	32	0	1	0
     2620	2023-08-14 12:20:27	32	1	1	0
     2620	2023-08-14 12:20:29	32	1	1	0
     1090	2023-08-14 12:22:54	32	1	1	0
      128	2023-08-14 12:23:04	32	1	1	0
      128	2023-08-14 12:23:06	32	1	1	0
      114	2023-08-14 12:34:52	32	1	1	0
     1982	2023-08-14 12:35:12	32	1	1	0
     1982	2023-08-14 12:35:14	32	1	1	0
     1865	2023-08-14 12:41:10	32	1	1	0
      986	2023-08-14 12:41:27	32	1	1	0
     1461	2023-08-14 12:41:31	32	1	1	0
     1461	2023-08-14 12:41:33	32	1	1	0
      128	2023-08-14 12:50:27	32	1	1	0
      128	2023-08-14 12:50:43	32	0	1	0
      459	2023-08-14 12:54:01	32	0	1	0
     1058	2023-08-14 17:00:07	32	1	1	0
     1916	2023-08-14 17:00:13	32	1	1	0
     2679	2023-08-14 17:00:16	32	1	1	0
     2679	2023-08-14 17:00:18	32	1	1	0
      523	2023-08-14 17:00:23	32	1	1	0
     2429	2023-08-14 17:03:10	32	1	1	0
      597	2023-08-14 17:04:39	32	1	1	0
      597	2023-08-14 17:04:41	32	1	1	0
     2388	2023-08-14 17:06:11	32	1	1	0
     1046	2023-08-14 17:06:16	32	1	1	0
     1265	2023-08-14 17:38:43	32	1	1	0
     1265	2023-08-14 17:38:44	32	1	1	0
     2096	2023-08-14 17:38:46	32	1	1	0
     2096	2023-08-14 17:38:48	32	1	1	0
     1928	2023-08-14 17:51:09	32	1	1	0
      665	2023-08-14 19:42:25	32	1	1	0
      100	2023-08-15 07:15:58	32	0	1	0
     2096	2023-08-15 07:17:24	32	0	1	0
       42	2023-08-15 07:17:32	32	0	1	0
       42	2023-08-15 07:17:34	32	0	1	0
       42	2023-08-15 07:17:39	32	0	1	0
      597	2023-08-15 07:22:51	32	0	1	0
      597	2023-08-15 07:22:52	32	0	1	0
     1916	2023-08-15 07:22:55	32	0	1	0
       46	2023-08-15 07:23:00	32	0	1	0
       46	2023-08-15 07:23:02	32	0	1	0
      633	2023-08-15 07:24:49	32	0	1	0
     2448	2023-08-15 07:27:44	32	0	1	0
      491	2023-08-15 07:31:18	32	0	1	0
      128	2023-08-15 07:31:41	32	0	1	0
      128	2023-08-15 07:31:43	32	0	1	0
      355	2023-08-15 07:32:37	32	0	1	0
     1265	2023-08-15 07:35:10	32	0	1	0
     1265	2023-08-15 07:35:11	32	0	1	0
     2628	2023-08-15 07:36:22	32	0	1	0
     2628	2023-08-15 07:36:23	32	0	1	0
     2445	2023-08-15 07:38:02	32	0	1	0
     1982	2023-08-15 07:41:38	32	0	1	0
     1982	2023-08-15 07:41:40	32	0	1	0
     1600	2023-08-15 07:42:14	32	0	1	0
     1600	2023-08-15 07:42:17	32	0	1	0
     2679	2023-08-15 07:43:13	32	0	1	0
      797	2023-08-15 07:49:15	32	0	1	0
     2863	2023-08-15 07:49:21	32	0	1	0
      923	2023-08-15 07:49:52	32	0	1	0
     1090	2023-08-15 07:50:25	32	0	1	0
      571	2023-08-15 07:51:13	32	0	1	0
      158	2023-08-15 07:52:01	32	0	1	0
     2620	2023-08-15 07:52:06	32	0	1	0
     2620	2023-08-15 07:52:08	32	0	1	0
      624	2023-08-15 07:52:27	32	0	1	0
     1865	2023-08-15 07:52:36	32	0	1	0
     1882	2023-08-15 07:53:04	32	0	1	0
     1461	2023-08-15 07:53:18	32	0	1	0
     1461	2023-08-15 07:53:19	32	0	1	0
      986	2023-08-15 07:53:22	32	0	1	0
      806	2023-08-15 07:53:26	32	0	1	0
      806	2023-08-15 07:53:27	32	0	1	0
      369	2023-08-15 07:53:43	32	0	1	0
      157	2023-08-15 07:54:24	32	0	1	0
      255	2023-08-15 07:54:54	32	0	1	0
      255	2023-08-15 07:54:57	32	0	1	0
      360	2023-08-15 07:55:06	32	0	1	0
      360	2023-08-15 07:55:08	32	0	1	0
      344	2023-08-15 07:55:26	32	0	1	0
     1928	2023-08-15 07:56:44	32	0	1	0
      523	2023-08-15 07:58:24	32	0	1	0
      523	2023-08-15 07:58:28	32	0	1	0
     1435	2023-08-15 07:58:31	32	0	1	0
     1435	2023-08-15 07:58:33	32	0	1	0
      226	2023-08-15 07:59:13	32	0	1	0
      459	2023-08-15 07:59:35	32	0	1	0
      459	2023-08-15 07:59:36	32	0	1	0
     2429	2023-08-15 07:59:39	32	0	1	0
     1046	2023-08-15 07:59:45	32	0	1	0
      280	2023-08-15 08:01:57	32	0	1	0
      280	2023-08-15 08:01:59	32	0	1	0
      114	2023-08-15 08:06:35	32	0	1	0
      376	2023-08-15 08:06:39	32	0	1	0
      665	2023-08-15 10:42:38	32	0	1	0
      359	2023-08-15 11:13:02	32	0	1	0
     1266	2023-08-15 12:00:04	32	1	1	0
     1266	2023-08-15 12:01:12	32	0	1	0
      100	2023-08-15 12:01:22	32	1	1	0
     1046	2023-08-15 12:01:56	32	1	1	0
     1046	2023-08-15 12:02:07	32	1	1	0
     1882	2023-08-15 12:02:10	32	1	1	0
      597	2023-08-15 12:06:20	32	1	1	0
      597	2023-08-15 12:07:21	32	0	1	0
      100	2023-08-15 12:11:00	32	0	1	0
      128	2023-08-15 12:11:36	32	1	1	0
      128	2023-08-15 12:11:38	32	1	1	0
     2429	2023-08-15 12:13:13	32	1	1	0
       42	2023-08-15 12:19:38	32	1	1	0
      254	2023-08-15 12:20:57	32	0	1	0
       42	2023-08-15 12:22:19	32	0	1	0
       42	2023-08-15 12:22:26	32	0	1	0
       42	2023-08-15 12:22:30	32	0	1	0
      459	2023-08-15 12:28:20	32	1	1	0
     1090	2023-08-15 12:29:23	32	1	1	0
      100	2023-08-15 12:41:46	32	0	1	0
     1461	2023-08-15 12:49:20	32	1	1	0
     1461	2023-08-15 12:49:23	32	1	1	0
      986	2023-08-15 12:49:28	32	1	1	0
     1865	2023-08-15 12:49:35	32	1	1	0
      114	2023-08-15 12:50:57	32	1	1	0
      360	2023-08-15 12:52:19	32	0	1	0
      523	2023-08-15 16:05:25	32	1	1	0
     1600	2023-08-15 17:01:13	32	1	1	0
     1600	2023-08-15 17:01:17	32	1	1	0
      597	2023-08-15 17:01:26	32	1	1	0
      597	2023-08-15 17:01:27	32	1	1	0
     2429	2023-08-15 17:03:17	32	1	1	0
     1916	2023-08-15 17:16:24	32	1	1	0
     1266	2023-08-15 17:31:20	32	1	1	0
     1928	2023-08-15 17:43:44	32	1	1	0
     1265	2023-08-15 17:51:45	32	1	1	0
     1265	2023-08-15 17:51:46	32	1	1	0
     2448	2023-08-15 17:51:53	32	1	1	0
     2448	2023-08-15 17:51:55	32	1	1	0
     2096	2023-08-15 17:52:35	32	1	1	0
     2096	2023-08-15 17:52:37	32	1	1	0
      665	2023-08-15 18:46:38	32	1	1	0
      100	2023-08-16 07:07:03	32	0	1	0
      355	2023-08-16 07:20:04	32	0	1	0
       46	2023-08-16 07:22:35	32	0	1	0
       46	2023-08-16 07:22:36	32	0	1	0
     1600	2023-08-16 07:25:50	32	0	1	0
     1600	2023-08-16 07:25:52	32	0	1	0
     2388	2023-08-16 07:26:42	32	0	1	0
     2388	2023-08-16 07:27:06	32	0	1	0
      633	2023-08-16 07:27:24	32	0	1	0
     1916	2023-08-16 07:30:57	32	0	1	0
     1982	2023-08-16 07:36:24	32	0	1	0
     1982	2023-08-16 07:36:26	32	0	1	0
     1600	2023-08-16 07:36:37	32	0	1	0
     2445	2023-08-16 07:38:58	32	0	1	0
     2448	2023-08-16 07:39:13	32	0	1	0
      491	2023-08-16 07:40:03	32	0	1	0
      597	2023-08-16 07:40:18	32	0	1	0
      597	2023-08-16 07:40:20	32	0	1	0
     1435	2023-08-16 07:44:04	32	0	1	0
     1435	2023-08-16 07:44:06	32	0	1	0
     1460	2023-08-16 07:45:46	32	0	1	0
     1460	2023-08-16 07:45:48	32	0	1	0
      624	2023-08-16 07:46:40	32	0	1	0
     2679	2023-08-16 07:47:27	32	0	1	0
     1265	2023-08-16 07:48:59	32	0	1	0
     1265	2023-08-16 07:49:04	32	0	1	0
     1882	2023-08-16 07:49:36	32	0	1	0
     2628	2023-08-16 07:49:46	32	0	1	0
     2628	2023-08-16 07:49:47	32	0	1	0
     2096	2023-08-16 07:49:49	32	0	1	0
     2096	2023-08-16 07:49:51	32	0	1	0
      255	2023-08-16 07:50:10	32	0	1	0
      255	2023-08-16 07:50:13	32	0	1	0
      157	2023-08-16 07:50:19	32	0	1	0
      571	2023-08-16 07:50:30	32	0	1	0
     1928	2023-08-16 07:51:19	32	0	1	0
     2863	2023-08-16 07:51:24	32	0	1	0
      280	2023-08-16 07:51:56	32	0	1	0
      280	2023-08-16 07:51:58	32	0	1	0
      369	2023-08-16 07:52:10	32	0	1	0
     1090	2023-08-16 07:52:28	32	0	1	0
      523	2023-08-16 07:52:46	32	0	1	0
      523	2023-08-16 07:52:48	32	0	1	0
      797	2023-08-16 07:53:17	32	0	1	0
      376	2023-08-16 07:53:23	32	0	1	0
      923	2023-08-16 07:53:40	32	0	1	0
      806	2023-08-16 07:53:46	32	0	1	0
      806	2023-08-16 07:53:48	32	0	1	0
     1461	2023-08-16 07:53:50	32	0	1	0
     1461	2023-08-16 07:53:52	32	0	1	0
      806	2023-08-16 07:53:59	32	0	1	0
     2620	2023-08-16 07:55:17	32	0	1	0
     2620	2023-08-16 07:55:19	32	0	1	0
     1865	2023-08-16 07:56:37	32	0	1	0
       42	2023-08-16 07:56:53	32	0	1	0
       42	2023-08-16 07:56:58	32	0	1	0
      226	2023-08-16 07:58:16	32	0	1	0
      459	2023-08-16 07:59:46	32	0	1	0
      459	2023-08-16 07:59:47	32	0	1	0
     1046	2023-08-16 07:59:58	32	0	1	0
     1046	2023-08-16 08:00:00	32	0	1	0
     2429	2023-08-16 08:00:50	32	0	1	0
      360	2023-08-16 08:00:56	32	0	1	0
      360	2023-08-16 08:00:58	32	0	1	0
      158	2023-08-16 08:01:14	32	0	1	0
     1058	2023-08-16 08:01:45	32	0	1	0
      344	2023-08-16 08:02:03	32	0	1	0
      986	2023-08-16 08:02:30	32	0	1	0
      254	2023-08-16 08:03:56	32	0	1	0
      254	2023-08-16 08:04:11	32	0	1	0
      359	2023-08-16 08:05:47	32	0	1	0
      665	2023-08-16 10:34:53	32	0	1	0
     2429	2023-08-16 12:09:20	32	1	1	0
      359	2023-08-16 12:09:45	32	1	1	0
      100	2023-08-16 12:10:03	32	1	1	0
     1090	2023-08-16 12:10:09	32	1	1	0
      158	2023-08-16 12:16:09	32	1	1	0
      158	2023-08-16 12:16:11	32	1	1	0
      254	2023-08-16 12:16:21	32	1	1	0
      254	2023-08-16 12:16:23	32	1	1	0
      597	2023-08-16 12:16:30	32	1	1	0
      597	2023-08-16 12:17:51	32	0	1	0
     1461	2023-08-16 12:43:55	32	1	1	0
     1461	2023-08-16 12:43:57	32	1	1	0
      986	2023-08-16 12:44:04	32	1	1	0
     1865	2023-08-16 12:44:12	32	1	1	0
     2620	2023-08-16 12:52:40	32	1	1	0
     2620	2023-08-16 12:52:41	32	1	1	0
      360	2023-08-16 12:59:38	32	0	1	0
     1266	2023-08-16 15:48:37	32	1	1	0
     1600	2023-08-16 17:00:12	32	1	1	0
      523	2023-08-16 17:00:22	32	1	1	0
     2388	2023-08-16 17:00:39	32	1	1	0
     2429	2023-08-16 17:04:59	32	1	1	0
     2096	2023-08-16 17:06:13	32	1	1	0
     2096	2023-08-16 17:06:15	32	1	1	0
     1265	2023-08-16 17:06:23	32	1	1	0
     1265	2023-08-16 17:06:25	32	1	1	0
     1046	2023-08-16 17:07:05	32	1	1	0
     1046	2023-08-16 17:07:08	32	1	1	0
     1058	2023-08-16 17:07:16	32	1	1	0
      100	2023-08-16 17:46:51	32	1	1	0
      523	2023-08-16 17:46:57	32	1	1	0
     1916	2023-08-16 18:16:25	32	1	1	0
      665	2023-08-16 20:45:46	32	1	1	0
     2628	2023-08-17 07:04:31	32	0	1	0
     2628	2023-08-17 07:04:33	32	0	1	0
      100	2023-08-17 07:05:03	32	0	1	0
     1600	2023-08-17 07:16:00	32	0	1	0
     1600	2023-08-17 07:16:03	32	0	1	0
      633	2023-08-17 07:23:15	32	0	1	0
     2096	2023-08-17 07:23:20	32	0	1	0
     2096	2023-08-17 07:23:21	32	0	1	0
     1265	2023-08-17 07:23:30	32	0	1	0
     1265	2023-08-17 07:23:32	32	0	1	0
       46	2023-08-17 07:24:03	32	0	1	0
       46	2023-08-17 07:24:05	32	0	1	0
     2448	2023-08-17 07:24:08	32	0	1	0
     2388	2023-08-17 07:24:14	32	0	1	0
     2388	2023-08-17 07:24:15	32	0	1	0
     2388	2023-08-17 07:26:18	32	0	1	0
      523	2023-08-17 07:31:32	32	0	1	0
      665	2023-08-17 07:34:18	32	0	1	0
     1982	2023-08-17 07:34:40	32	0	1	0
     1982	2023-08-17 07:34:42	32	0	1	0
     2445	2023-08-17 07:36:31	32	0	1	0
      355	2023-08-17 07:37:14	32	0	1	0
      344	2023-08-17 07:37:51	32	0	1	0
     1882	2023-08-17 07:38:20	32	0	1	0
      157	2023-08-17 07:39:24	32	0	1	0
     1928	2023-08-17 07:39:49	32	0	1	0
      491	2023-08-17 07:40:53	32	0	1	0
      571	2023-08-17 07:44:14	32	0	1	0
     1058	2023-08-17 07:44:57	32	0	1	0
      597	2023-08-17 07:47:53	32	0	1	0
      597	2023-08-17 07:47:55	32	0	1	0
     1090	2023-08-17 07:48:00	32	0	1	0
      624	2023-08-17 07:49:16	32	0	1	0
     1916	2023-08-17 07:50:03	32	0	1	0
     2679	2023-08-17 07:51:46	32	0	1	0
     1460	2023-08-17 07:51:52	32	0	1	0
     1460	2023-08-17 07:51:54	32	0	1	0
     1916	2023-08-17 07:52:18	32	0	1	0
      986	2023-08-17 07:52:34	32	0	1	0
      158	2023-08-17 07:52:49	32	0	1	0
      114	2023-08-17 07:55:06	32	0	1	0
     2863	2023-08-17 07:55:18	32	0	1	0
      459	2023-08-17 07:55:24	32	0	1	0
      459	2023-08-17 07:55:26	32	0	1	0
      797	2023-08-17 07:55:30	32	0	1	0
     1046	2023-08-17 07:55:39	32	0	1	0
     1046	2023-08-17 07:55:42	32	0	1	0
       42	2023-08-17 07:55:50	32	0	1	0
       42	2023-08-17 07:55:53	32	0	1	0
      360	2023-08-17 07:56:01	32	0	1	0
      360	2023-08-17 07:56:03	32	0	1	0
      923	2023-08-17 07:56:09	32	0	1	0
      369	2023-08-17 07:56:51	32	0	1	0
      254	2023-08-17 07:58:16	32	0	1	0
      254	2023-08-17 07:58:18	32	0	1	0
      280	2023-08-17 07:58:47	32	0	1	0
      280	2023-08-17 07:58:49	32	0	1	0
      255	2023-08-17 07:58:58	32	0	1	0
      226	2023-08-17 08:00:05	32	0	1	0
     1461	2023-08-17 08:00:26	32	0	1	0
      806	2023-08-17 08:00:28	32	0	1	0
      806	2023-08-17 08:00:29	32	0	1	0
     1435	2023-08-17 08:00:47	32	0	1	0
     1435	2023-08-17 08:00:53	32	0	1	0
     1865	2023-08-17 08:01:01	32	0	1	0
      376	2023-08-17 08:01:39	32	0	1	0
     2429	2023-08-17 08:01:59	32	0	1	0
     2620	2023-08-17 08:02:07	32	0	1	0
     2620	2023-08-17 08:02:09	32	0	1	0
      359	2023-08-17 08:02:49	32	0	1	0
      344	2023-08-17 12:00:26	32	1	1	0
     1046	2023-08-17 12:00:33	32	1	1	0
     1046	2023-08-17 12:00:35	32	1	1	0
       42	2023-08-17 12:00:52	32	1	1	0
     1266	2023-08-17 12:03:05	32	1	1	0
     1266	2023-08-17 12:04:04	32	0	1	0
      359	2023-08-17 12:06:27	32	1	1	0
      158	2023-08-17 12:09:44	32	1	1	0
      254	2023-08-17 12:09:52	32	1	1	0
      254	2023-08-17 12:09:54	32	1	1	0
      597	2023-08-17 12:10:11	32	1	1	0
      597	2023-08-17 12:11:05	32	0	1	0
     2429	2023-08-17 12:14:12	32	1	1	0
      100	2023-08-17 12:25:58	32	1	1	0
     1090	2023-08-17 12:26:07	32	0	1	0
      100	2023-08-17 12:30:53	32	0	1	0
      114	2023-08-17 12:48:39	32	1	1	0
      360	2023-08-17 12:52:03	32	0	1	0
     1865	2023-08-17 12:52:21	32	1	1	0
     1461	2023-08-17 12:52:24	32	1	1	0
      986	2023-08-17 12:52:34	32	1	1	0
     2388	2023-08-17 12:56:14	32	0	1	0
     1058	2023-08-17 17:00:07	32	1	1	0
     1916	2023-08-17 17:00:10	32	1	1	0
     2679	2023-08-17 17:00:16	32	1	1	0
     2679	2023-08-17 17:00:18	32	1	1	0
     2429	2023-08-17 17:01:27	32	1	1	0
      597	2023-08-17 17:02:16	32	1	1	0
      597	2023-08-17 17:02:18	32	1	1	0
     2429	2023-08-17 17:02:43	32	1	1	0
     2388	2023-08-17 17:03:07	32	1	1	0
      523	2023-08-17 17:48:32	32	1	1	0
      665	2023-08-17 19:28:13	32	1	1	0
     2448	2023-08-17 20:48:47	32	1	1	0
     1265	2023-08-17 20:48:55	32	1	1	0
     1265	2023-08-17 20:48:57	32	1	1	0
     2096	2023-08-17 20:48:59	32	1	1	0
     2096	2023-08-17 20:49:00	32	1	1	0
     2679	2023-08-18 06:33:19	32	0	1	0
       46	2023-08-18 07:08:33	32	0	1	0
       46	2023-08-18 07:08:34	32	0	1	0
      100	2023-08-18 07:15:59	32	0	1	0
     1600	2023-08-18 07:17:58	32	0	1	0
     1600	2023-08-18 07:18:01	32	0	1	0
     2388	2023-08-18 07:23:24	32	0	1	0
     2388	2023-08-18 07:23:26	32	0	1	0
      355	2023-08-18 07:23:55	32	0	1	0
     2388	2023-08-18 07:29:27	32	0	1	0
     1916	2023-08-18 07:30:36	32	0	1	0
      491	2023-08-18 07:33:42	32	0	1	0
     2628	2023-08-18 07:39:19	32	0	1	0
     2628	2023-08-18 07:39:21	32	0	1	0
      459	2023-08-18 07:40:03	32	0	1	0
      459	2023-08-18 07:40:05	32	0	1	0
     2445	2023-08-18 07:40:38	32	0	1	0
     2096	2023-08-18 07:41:49	32	0	1	0
     1265	2023-08-18 07:42:16	32	0	1	0
     1265	2023-08-18 07:42:18	32	0	1	0
      633	2023-08-18 07:42:36	32	0	1	0
      255	2023-08-18 07:43:50	32	0	1	0
      255	2023-08-18 07:43:51	32	0	1	0
      923	2023-08-18 07:44:56	32	0	1	0
      797	2023-08-18 07:44:58	32	0	1	0
     1982	2023-08-18 07:45:32	32	0	1	0
     1982	2023-08-18 07:45:34	32	0	1	0
      359	2023-08-18 07:47:36	32	0	1	0
     2620	2023-08-18 07:49:21	32	0	1	0
     2620	2023-08-18 07:49:22	32	0	1	0
     1460	2023-08-18 07:50:02	32	0	1	0
     1460	2023-08-18 07:50:03	32	0	1	0
     1882	2023-08-18 07:50:32	32	0	1	0
      597	2023-08-18 07:51:40	32	0	1	0
      597	2023-08-18 07:51:43	32	0	1	0
      986	2023-08-18 07:52:19	32	0	1	0
      157	2023-08-18 07:52:33	32	0	1	0
     1928	2023-08-18 07:52:54	32	0	1	0
      624	2023-08-18 07:53:40	32	0	1	0
      369	2023-08-18 07:54:20	32	0	1	0
      254	2023-08-18 07:54:30	32	0	1	0
      254	2023-08-18 07:54:32	32	0	1	0
      571	2023-08-18 07:54:43	32	0	1	0
      344	2023-08-18 07:55:01	32	0	1	0
      344	2023-08-18 07:55:03	32	0	1	0
     2863	2023-08-18 07:55:37	32	0	1	0
     1865	2023-08-18 07:56:22	32	0	1	0
      114	2023-08-18 07:56:28	32	0	1	0
     1435	2023-08-18 07:57:00	32	0	1	0
     1435	2023-08-18 07:57:02	32	0	1	0
      376	2023-08-18 07:57:06	32	0	1	0
      360	2023-08-18 07:57:36	32	0	1	0
      360	2023-08-18 07:57:38	32	0	1	0
      158	2023-08-18 07:58:10	32	0	1	0
      158	2023-08-18 07:58:11	32	0	1	0
     2448	2023-08-18 07:58:16	32	0	1	0
       42	2023-08-18 07:58:25	32	0	1	0
       42	2023-08-18 07:58:30	32	0	1	0
      280	2023-08-18 07:59:24	32	0	1	0
      280	2023-08-18 07:59:25	32	0	1	0
     2429	2023-08-18 07:59:29	32	0	1	0
     1058	2023-08-18 07:59:36	32	0	1	0
      226	2023-08-18 08:05:19	32	0	1	0
      523	2023-08-18 08:06:36	32	0	1	0
      523	2023-08-18 08:06:39	32	0	1	0
      806	2023-08-18 08:07:14	32	0	1	0
      806	2023-08-18 08:07:17	32	0	1	0
      665	2023-08-18 08:56:00	32	0	1	0
     1266	2023-08-18 12:01:27	32	1	1	0
     1266	2023-08-18 12:02:04	32	0	1	0
      624	2023-08-18 12:07:21	32	0	1	0
      624	2023-08-18 12:07:32	32	1	1	0
     2388	2023-08-18 12:08:18	32	0	1	0
      597	2023-08-18 12:10:35	32	1	1	0
      597	2023-08-18 12:11:16	32	0	1	0
     2863	2023-08-18 12:11:33	32	1	1	0
      359	2023-08-18 12:17:55	32	1	1	0
      459	2023-08-18 12:28:02	32	1	1	0
      923	2023-08-18 12:33:00	32	1	1	0
      986	2023-08-18 12:48:36	32	1	1	0
     1865	2023-08-18 12:48:40	32	1	1	0
      280	2023-08-18 12:51:39	32	1	1	0
      360	2023-08-18 12:56:36	32	0	1	0
     1435	2023-08-18 17:00:03	32	1	1	0
     1435	2023-08-18 17:00:04	32	1	1	0
     1058	2023-08-18 17:00:25	32	1	1	0
      597	2023-08-18 17:00:56	32	1	1	0
     2429	2023-08-18 17:01:03	32	1	1	0
     2388	2023-08-18 17:01:58	32	1	1	0
     2448	2023-08-18 17:15:04	32	1	1	0
      523	2023-08-18 17:16:03	32	1	1	0
     1265	2023-08-18 19:12:38	32	1	1	0
     1265	2023-08-18 19:12:40	32	1	1	0
      665	2023-08-18 23:52:43	32	1	1	0
      665	2023-08-19 08:41:49	32	0	1	0
      665	2023-08-19 19:59:57	32	1	1	0
      665	2023-08-20 09:08:26	32	0	1	0
      665	2023-08-20 21:29:54	32	1	1	0
      665	2023-08-21 11:02:00	32	0	1	0
      665	2023-08-21 19:50:29	32	1	1	0
      100	2023-08-22 07:10:04	32	0	1	0
      633	2023-08-22 07:19:06	32	0	1	0
     2388	2023-08-22 07:22:51	32	0	1	0
     2388	2023-08-22 07:22:53	32	0	1	0
      355	2023-08-22 07:24:24	32	0	1	0
     2388	2023-08-22 07:24:38	32	0	1	0
     1600	2023-08-22 07:25:34	32	0	1	0
     1600	2023-08-22 07:25:38	32	0	1	0
       46	2023-08-22 07:25:42	32	0	1	0
       46	2023-08-22 07:25:44	32	0	1	0
     2388	2023-08-22 07:29:15	32	0	1	0
      797	2023-08-22 07:29:31	32	0	1	0
     1982	2023-08-22 07:29:59	32	0	1	0
     1982	2023-08-22 07:30:00	32	0	1	0
     2448	2023-08-22 07:31:09	32	0	1	0
      128	2023-08-22 07:31:53	32	0	1	0
      128	2023-08-22 07:31:55	32	0	1	0
     2628	2023-08-22 07:33:58	32	0	1	0
     2628	2023-08-22 07:33:59	32	0	1	0
     2445	2023-08-22 07:34:28	32	0	1	0
     1265	2023-08-22 07:36:00	32	0	1	0
     1265	2023-08-22 07:36:02	32	0	1	0
      523	2023-08-22 07:36:42	32	0	1	0
      523	2023-08-22 07:36:45	32	0	1	0
      597	2023-08-22 07:36:56	32	0	1	0
     1600	2023-08-22 07:37:10	32	0	1	0
     1461	2023-08-22 07:37:31	32	0	1	0
     1461	2023-08-22 07:37:33	32	0	1	0
      806	2023-08-22 07:37:37	32	0	1	0
      806	2023-08-22 07:37:40	32	0	1	0
      806	2023-08-22 07:39:51	32	0	1	0
     1916	2023-08-22 07:41:02	32	0	1	0
     1460	2023-08-22 07:44:44	32	0	1	0
     1460	2023-08-22 07:44:46	32	0	1	0
     1090	2023-08-22 07:45:52	32	0	1	0
     1882	2023-08-22 07:46:23	32	0	1	0
      923	2023-08-22 07:46:33	32	0	1	0
      158	2023-08-22 07:49:48	32	0	1	0
      158	2023-08-22 07:49:49	32	0	1	0
      135	2023-08-22 07:50:14	32	0	1	0
     1928	2023-08-22 07:51:41	32	0	1	0
       42	2023-08-22 07:51:58	32	0	1	0
       42	2023-08-22 07:52:05	32	0	1	0
      624	2023-08-22 07:52:12	32	0	1	0
      369	2023-08-22 07:52:19	32	0	1	0
     2620	2023-08-22 07:52:46	32	0	1	0
     2620	2023-08-22 07:52:48	32	0	1	0
     2679	2023-08-22 07:53:38	32	0	1	0
      986	2023-08-22 07:53:56	32	0	1	0
      376	2023-08-22 07:54:10	32	0	1	0
     1435	2023-08-22 07:55:55	32	0	1	0
     1435	2023-08-22 07:55:57	32	0	1	0
      571	2023-08-22 07:56:08	32	0	1	0
      114	2023-08-22 07:56:38	32	0	1	0
     1865	2023-08-22 07:56:57	32	0	1	0
      459	2023-08-22 07:57:17	32	0	1	0
      459	2023-08-22 07:57:18	32	0	1	0
     2429	2023-08-22 07:57:21	32	0	1	0
     1046	2023-08-22 07:57:35	32	0	1	0
     1046	2023-08-22 07:57:37	32	0	1	0
      360	2023-08-22 07:57:59	32	0	1	0
      360	2023-08-22 07:58:02	32	0	1	0
      359	2023-08-22 07:58:41	32	0	1	0
      254	2023-08-22 07:58:45	32	0	1	0
      254	2023-08-22 07:58:47	32	0	1	0
      255	2023-08-22 07:58:54	32	0	1	0
      226	2023-08-22 07:58:56	32	0	1	0
      255	2023-08-22 07:59:01	32	0	1	0
     1058	2023-08-22 08:03:02	32	0	1	0
      344	2023-08-22 08:04:12	32	0	1	0
      280	2023-08-22 08:07:15	32	0	1	0
      665	2023-08-22 08:36:50	32	0	1	0
     2388	2023-08-22 12:01:26	32	1	1	0
      597	2023-08-22 12:02:25	32	1	1	0
      344	2023-08-22 12:02:34	32	1	1	0
      100	2023-08-22 12:03:55	32	1	1	0
      597	2023-08-22 12:08:30	32	0	1	0
      597	2023-08-22 12:08:32	32	0	1	0
     2429	2023-08-22 12:09:34	32	1	1	0
      128	2023-08-22 12:09:59	32	1	1	0
     1046	2023-08-22 12:14:39	32	1	1	0
     1046	2023-08-22 12:14:41	32	1	1	0
     1982	2023-08-22 12:30:32	32	1	1	0
     1982	2023-08-22 12:30:33	32	1	1	0
      114	2023-08-22 12:33:07	32	0	1	0
      114	2023-08-22 12:33:16	32	1	1	0
      135	2023-08-22 12:40:11	32	1	1	0
      158	2023-08-22 12:40:23	32	1	1	0
      158	2023-08-22 12:40:25	32	1	1	0
      344	2023-08-22 12:53:42	32	0	1	0
     1461	2023-08-22 12:55:30	32	0	1	0
     1461	2023-08-22 12:55:35	32	1	1	0
     1461	2023-08-22 12:55:36	32	1	1	0
     1865	2023-08-22 12:55:38	32	1	1	0
      986	2023-08-22 12:55:39	32	1	1	0
     1461	2023-08-22 12:57:24	32	0	1	0
     1865	2023-08-22 12:57:33	32	0	1	0
      986	2023-08-22 12:57:35	32	0	1	0
      597	2023-08-22 17:00:53	32	1	1	0
      597	2023-08-22 17:00:55	32	1	1	0
     2429	2023-08-22 17:02:55	32	1	1	0
     2388	2023-08-22 17:04:49	32	1	1	0
     2388	2023-08-22 17:05:21	32	1	1	0
     2388	2023-08-22 17:05:51	32	1	1	0
     1928	2023-08-22 17:11:32	32	1	1	0
     1928	2023-08-22 17:11:36	32	1	1	0
     1265	2023-08-22 17:56:08	32	1	1	0
     1265	2023-08-22 17:56:09	32	1	1	0
     2448	2023-08-22 17:56:16	32	1	1	0
      665	2023-08-22 20:44:37	32	1	1	0
      100	2023-08-23 07:06:42	32	0	1	0
      797	2023-08-23 07:11:51	32	0	1	0
     2388	2023-08-23 07:14:57	32	0	1	0
     2388	2023-08-23 07:15:01	32	0	1	0
     2388	2023-08-23 07:22:01	32	0	1	0
     1916	2023-08-23 07:30:43	32	0	1	0
     1600	2023-08-23 07:31:18	32	0	1	0
     1600	2023-08-23 07:31:21	32	0	1	0
     2448	2023-08-23 07:32:07	32	0	1	0
      633	2023-08-23 07:33:12	32	0	1	0
      633	2023-08-23 07:33:18	32	0	1	0
      135	2023-08-23 07:35:48	32	0	1	0
       46	2023-08-23 07:37:36	32	0	1	0
       46	2023-08-23 07:37:38	32	0	1	0
     1982	2023-08-23 07:39:47	32	0	1	0
     1982	2023-08-23 07:39:49	32	0	1	0
     1435	2023-08-23 07:41:47	32	0	1	0
     1435	2023-08-23 07:41:49	32	0	1	0
      355	2023-08-23 07:42:13	32	0	1	0
     2445	2023-08-23 07:43:15	32	0	1	0
      597	2023-08-23 07:43:27	32	0	1	0
      597	2023-08-23 07:43:29	32	0	1	0
      128	2023-08-23 07:43:58	32	0	1	0
     1265	2023-08-23 07:44:12	32	0	1	0
     1265	2023-08-23 07:44:14	32	0	1	0
      491	2023-08-23 07:45:03	32	0	1	0
     2628	2023-08-23 07:45:07	32	0	1	0
     2628	2023-08-23 07:45:09	32	0	1	0
      923	2023-08-23 07:48:06	32	0	1	0
      986	2023-08-23 07:51:20	32	0	1	0
     1460	2023-08-23 07:51:27	32	0	1	0
     1460	2023-08-23 07:51:29	32	0	1	0
     1928	2023-08-23 07:52:20	32	0	1	0
     1865	2023-08-23 07:52:27	32	0	1	0
     1882	2023-08-23 07:52:53	32	0	1	0
      369	2023-08-23 07:53:20	32	0	1	0
      624	2023-08-23 07:53:32	32	0	1	0
     1090	2023-08-23 07:53:38	32	0	1	0
     1046	2023-08-23 07:53:48	32	0	1	0
     1046	2023-08-23 07:53:50	32	0	1	0
     1461	2023-08-23 07:54:09	32	0	1	0
     1461	2023-08-23 07:54:10	32	0	1	0
      806	2023-08-23 07:54:17	32	0	1	0
      806	2023-08-23 07:54:19	32	0	1	0
      359	2023-08-23 07:54:59	32	0	1	0
     2620	2023-08-23 07:55:17	32	0	1	0
     2620	2023-08-23 07:55:18	32	0	1	0
       42	2023-08-23 07:55:32	32	0	1	0
       42	2023-08-23 07:55:37	32	0	1	0
      344	2023-08-23 07:55:42	32	0	1	0
      344	2023-08-23 07:55:44	32	0	1	0
     2679	2023-08-23 07:56:53	32	0	1	0
      523	2023-08-23 07:57:08	32	0	1	0
      280	2023-08-23 07:57:31	32	0	1	0
      280	2023-08-23 07:57:33	32	0	1	0
      360	2023-08-23 07:58:56	32	0	1	0
      360	2023-08-23 07:58:58	32	0	1	0
     2429	2023-08-23 07:59:31	32	0	1	0
      571	2023-08-23 08:00:00	32	0	1	0
      255	2023-08-23 08:02:55	32	0	1	0
      255	2023-08-23 08:02:57	32	0	1	0
      254	2023-08-23 08:04:28	32	0	1	0
      254	2023-08-23 08:04:30	32	0	1	0
      226	2023-08-23 08:04:46	32	0	1	0
      376	2023-08-23 08:05:44	32	0	1	0
      158	2023-08-23 08:06:08	32	0	1	0
     2863	2023-08-23 08:07:56	32	0	1	0
      114	2023-08-23 08:11:15	32	0	1	0
      665	2023-08-23 10:08:42	32	0	1	0
     1046	2023-08-23 12:03:45	32	1	1	0
     1046	2023-08-23 12:03:47	32	1	1	0
      100	2023-08-23 12:05:29	32	1	1	0
      597	2023-08-23 12:07:33	32	1	1	0
      128	2023-08-23 12:13:27	32	1	1	0
      128	2023-08-23 12:13:29	32	1	1	0
     2429	2023-08-23 12:14:01	32	1	1	0
      597	2023-08-23 12:17:51	32	0	1	0
      114	2023-08-23 12:25:45	32	1	1	0
     2388	2023-08-23 12:28:00	32	0	1	0
      571	2023-08-23 12:33:02	32	1	1	0
      100	2023-08-23 12:33:18	32	0	1	0
     1982	2023-08-23 12:38:54	32	1	1	0
     1982	2023-08-23 12:38:55	32	1	1	0
     1461	2023-08-23 12:50:33	32	1	1	0
     1461	2023-08-23 12:50:35	32	1	1	0
      986	2023-08-23 12:50:41	32	1	1	0
     1865	2023-08-23 12:50:47	32	1	1	0
     2620	2023-08-23 12:51:32	32	0	1	0
     2620	2023-08-23 12:51:33	32	0	1	0
     1461	2023-08-23 12:54:50	32	0	1	0
     1461	2023-08-23 12:54:52	32	0	1	0
      986	2023-08-23 12:55:02	32	0	1	0
     1865	2023-08-23 12:55:07	32	0	1	0
     1058	2023-08-23 17:00:13	32	1	1	0
     2388	2023-08-23 17:00:30	32	1	1	0
     2388	2023-08-23 17:01:11	32	1	1	0
      128	2023-08-23 17:01:39	32	1	1	0
     2429	2023-08-23 17:02:14	32	1	1	0
      597	2023-08-23 17:05:24	32	1	1	0
      597	2023-08-23 17:05:26	32	1	1	0
     1046	2023-08-23 17:09:25	32	1	1	0
     1046	2023-08-23 17:09:26	32	1	1	0
     1928	2023-08-23 17:32:55	32	1	1	0
      665	2023-08-23 20:05:02	32	1	1	0
     1265	2023-08-23 21:17:09	32	1	1	0
     1265	2023-08-23 21:17:12	32	1	1	0
     2448	2023-08-23 21:17:17	32	1	1	0
      797	2023-08-24 07:05:50	32	0	1	0
     2388	2023-08-24 07:12:19	32	0	1	0
     2388	2023-08-24 07:12:21	32	0	1	0
     2388	2023-08-24 07:12:24	32	0	1	0
      100	2023-08-24 07:13:26	32	0	1	0
     2628	2023-08-24 07:13:32	32	0	1	0
     2628	2023-08-24 07:13:34	32	0	1	0
      491	2023-08-24 07:16:34	32	0	1	0
     2448	2023-08-24 07:24:22	32	0	1	0
      355	2023-08-24 07:26:51	32	0	1	0
     1265	2023-08-24 07:27:38	32	0	1	0
       46	2023-08-24 07:27:50	32	0	1	0
       46	2023-08-24 07:27:52	32	0	1	0
     1265	2023-08-24 07:27:59	32	0	1	0
     1265	2023-08-24 07:28:01	32	0	1	0
      597	2023-08-24 07:28:35	32	0	1	0
      597	2023-08-24 07:28:37	32	0	1	0
      633	2023-08-24 07:28:47	32	0	1	0
     1982	2023-08-24 07:34:38	32	0	1	0
     1982	2023-08-24 07:34:41	32	0	1	0
      135	2023-08-24 07:35:16	32	0	1	0
     1916	2023-08-24 07:38:36	32	0	1	0
      923	2023-08-24 07:38:59	32	0	1	0
     1600	2023-08-24 07:41:23	32	0	1	0
     1600	2023-08-24 07:41:29	32	0	1	0
      128	2023-08-24 07:43:26	32	0	1	0
     2445	2023-08-24 07:44:38	32	0	1	0
     1090	2023-08-24 07:46:06	32	0	1	0
     1460	2023-08-24 07:46:35	32	0	1	0
     1460	2023-08-24 07:46:37	32	0	1	0
      158	2023-08-24 07:49:03	32	0	1	0
      158	2023-08-24 07:49:05	32	0	1	0
      523	2023-08-24 07:49:36	32	0	1	0
      255	2023-08-24 07:50:33	32	0	1	0
      255	2023-08-24 07:50:35	32	0	1	0
     1435	2023-08-24 07:51:41	32	0	1	0
     1435	2023-08-24 07:51:43	32	0	1	0
      571	2023-08-24 07:52:19	32	0	1	0
     1461	2023-08-24 07:52:44	32	0	1	0
     1461	2023-08-24 07:52:46	32	0	1	0
      806	2023-08-24 07:52:50	32	0	1	0
      806	2023-08-24 07:52:53	32	0	1	0
      806	2023-08-24 07:53:00	32	0	1	0
      624	2023-08-24 07:53:11	32	0	1	0
      806	2023-08-24 07:53:15	32	0	1	0
      254	2023-08-24 07:53:59	32	0	1	0
      254	2023-08-24 07:54:00	32	0	1	0
     2620	2023-08-24 07:54:20	32	0	1	0
     2620	2023-08-24 07:54:21	32	0	1	0
       42	2023-08-24 07:56:10	32	0	1	0
       42	2023-08-24 07:56:14	32	0	1	0
     1882	2023-08-24 07:56:19	32	0	1	0
      226	2023-08-24 07:56:36	32	0	1	0
      344	2023-08-24 07:56:38	32	0	1	0
      344	2023-08-24 07:56:39	32	0	1	0
      360	2023-08-24 07:57:09	32	0	1	0
      360	2023-08-24 07:57:13	32	0	1	0
     1928	2023-08-24 07:57:29	32	0	1	0
     1865	2023-08-24 07:58:06	32	0	1	0
      359	2023-08-24 07:58:16	32	0	1	0
     2429	2023-08-24 07:58:51	32	0	1	0
      280	2023-08-24 07:59:03	32	0	1	0
      280	2023-08-24 07:59:05	32	0	1	0
      459	2023-08-24 07:59:08	32	0	1	0
      459	2023-08-24 07:59:09	32	0	1	0
     1046	2023-08-24 07:59:14	32	0	1	0
     1046	2023-08-24 07:59:18	32	0	1	0
     2679	2023-08-24 07:59:21	32	0	1	0
     2863	2023-08-24 07:59:27	32	0	1	0
      376	2023-08-24 08:01:12	32	0	1	0
      114	2023-08-24 08:02:07	32	0	1	0
      986	2023-08-24 08:02:21	32	0	1	0
      986	2023-08-24 08:02:25	32	0	1	0
      369	2023-08-24 08:04:56	32	0	1	0
      665	2023-08-24 10:37:15	32	0	1	0
     1266	2023-08-24 12:01:38	32	1	1	0
     1266	2023-08-24 12:02:16	32	0	1	0
     1046	2023-08-24 12:03:42	32	1	1	0
      100	2023-08-24 12:03:52	32	1	1	0
      359	2023-08-24 12:04:46	32	1	1	0
       42	2023-08-24 12:09:06	32	0	1	0
       42	2023-08-24 12:09:10	32	0	1	0
      597	2023-08-24 12:09:19	32	1	1	0
       42	2023-08-24 12:10:02	32	0	1	0
       42	2023-08-24 12:10:05	32	0	1	0
      597	2023-08-24 12:10:54	32	0	1	0
      128	2023-08-24 12:12:18	32	1	1	0
      128	2023-08-24 12:12:20	32	1	1	0
     1982	2023-08-24 12:28:37	32	1	1	0
     1982	2023-08-24 12:28:39	32	1	1	0
      114	2023-08-24 12:43:17	32	1	1	0
     1461	2023-08-24 12:44:04	32	1	1	0
     1461	2023-08-24 12:44:05	32	1	1	0
      986	2023-08-24 12:44:11	32	1	1	0
     1865	2023-08-24 12:44:15	32	1	1	0
     1461	2023-08-24 12:53:51	32	0	1	0
     1461	2023-08-24 12:53:52	32	0	1	0
      986	2023-08-24 12:54:40	32	0	1	0
     1865	2023-08-24 12:56:03	32	0	1	0
      360	2023-08-24 12:59:54	32	0	1	0
     2388	2023-08-24 17:00:33	32	1	1	0
     2429	2023-08-24 17:02:53	32	1	1	0
     1046	2023-08-24 17:03:10	32	1	1	0
     1265	2023-08-24 17:09:19	32	1	1	0
     1265	2023-08-24 17:09:20	32	1	1	0
     1265	2023-08-24 17:09:34	32	1	1	0
     2448	2023-08-24 17:09:41	32	1	1	0
     1046	2023-08-24 17:09:47	32	1	1	0
      128	2023-08-24 17:10:06	32	1	1	0
      100	2023-08-24 17:14:39	32	1	1	0
      355	2023-08-24 17:17:39	32	1	1	0
     1928	2023-08-24 17:52:51	32	1	1	0
      665	2023-08-24 19:47:58	32	1	1	0
      797	2023-08-25 07:09:38	32	0	1	0
      100	2023-08-25 07:12:43	32	0	1	0
     2388	2023-08-25 07:17:09	32	0	1	0
     2388	2023-08-25 07:17:11	32	0	1	0
     2388	2023-08-25 07:22:56	32	0	1	0
     2096	2023-08-25 07:25:21	32	0	1	0
       46	2023-08-25 07:26:11	32	0	1	0
       46	2023-08-25 07:26:12	32	0	1	0
      135	2023-08-25 07:28:14	32	0	1	0
     1600	2023-08-25 07:30:36	32	0	1	0
     1600	2023-08-25 07:30:40	32	0	1	0
     2628	2023-08-25 07:33:22	32	0	1	0
     2628	2023-08-25 07:33:27	32	0	1	0
      355	2023-08-25 07:35:20	32	0	1	0
     1265	2023-08-25 07:35:25	32	0	1	0
     1265	2023-08-25 07:35:27	32	0	1	0
     2445	2023-08-25 07:36:40	32	0	1	0
      633	2023-08-25 07:41:16	32	0	1	0
     1090	2023-08-25 07:41:20	32	0	1	0
     1916	2023-08-25 07:41:26	32	0	1	0
      597	2023-08-25 07:42:59	32	0	1	0
      376	2023-08-25 07:43:34	32	0	1	0
      923	2023-08-25 07:43:39	32	0	1	0
      128	2023-08-25 07:44:43	32	0	1	0
     1982	2023-08-25 07:44:48	32	0	1	0
     1982	2023-08-25 07:44:49	32	0	1	0
      491	2023-08-25 07:47:31	32	0	1	0
     2863	2023-08-25 07:49:40	32	0	1	0
     2620	2023-08-25 07:50:21	32	0	1	0
     2620	2023-08-25 07:50:22	32	0	1	0
      369	2023-08-25 07:50:27	32	0	1	0
     1865	2023-08-25 07:50:51	32	0	1	0
     1882	2023-08-25 07:50:59	32	0	1	0
      986	2023-08-25 07:51:10	32	0	1	0
      523	2023-08-25 07:51:24	32	0	1	0
      344	2023-08-25 07:51:32	32	0	1	0
      624	2023-08-25 07:51:47	32	0	1	0
      158	2023-08-25 07:53:45	32	0	1	0
      280	2023-08-25 07:53:56	32	0	1	0
      280	2023-08-25 07:53:58	32	0	1	0
      254	2023-08-25 07:54:49	32	0	1	0
      254	2023-08-25 07:54:51	32	0	1	0
     1928	2023-08-25 07:54:58	32	0	1	0
     2448	2023-08-25 07:55:57	32	0	1	0
       42	2023-08-25 07:56:23	32	0	1	0
       42	2023-08-25 07:56:27	32	0	1	0
      255	2023-08-25 07:56:36	32	0	1	0
      255	2023-08-25 07:56:39	32	0	1	0
     2679	2023-08-25 07:56:43	32	0	1	0
      571	2023-08-25 07:56:56	32	0	1	0
     2429	2023-08-25 07:57:00	32	0	1	0
      114	2023-08-25 07:57:35	32	0	1	0
      360	2023-08-25 07:57:45	32	0	1	0
      360	2023-08-25 07:57:47	32	0	1	0
     1461	2023-08-25 07:57:49	32	0	1	0
     1461	2023-08-25 07:57:51	32	0	1	0
      806	2023-08-25 07:57:54	32	0	1	0
      806	2023-08-25 07:57:55	32	0	1	0
      806	2023-08-25 07:58:00	32	0	1	0
      459	2023-08-25 07:58:41	32	0	1	0
      459	2023-08-25 07:58:43	32	0	1	0
     1046	2023-08-25 07:58:47	32	0	1	0
     1046	2023-08-25 07:58:49	32	0	1	0
      359	2023-08-25 07:59:17	32	0	1	0
      226	2023-08-25 07:59:23	32	0	1	0
     1435	2023-08-25 08:02:30	32	0	1	0
     1435	2023-08-25 08:02:32	32	0	1	0
      665	2023-08-25 08:36:11	32	0	1	0
     1266	2023-08-25 12:00:37	32	1	1	0
     1266	2023-08-25 12:01:03	32	0	1	0
      128	2023-08-25 12:07:01	32	1	1	0
      128	2023-08-25 12:07:03	32	1	1	0
      359	2023-08-25 12:09:35	32	1	1	0
     2429	2023-08-25 12:10:40	32	1	1	0
     1090	2023-08-25 12:10:53	32	1	1	0
     2388	2023-08-25 12:15:37	32	0	1	0
     2863	2023-08-25 12:19:26	32	1	1	0
     1982	2023-08-25 12:25:17	32	1	1	0
     1982	2023-08-25 12:25:19	32	1	1	0
      597	2023-08-25 12:26:08	32	1	1	0
      597	2023-08-25 12:27:16	32	0	1	0
      100	2023-08-25 12:30:07	32	0	1	0
      491	2023-08-25 12:38:17	32	1	1	0
     1046	2023-08-25 12:40:29	32	1	1	0
     1046	2023-08-25 12:40:31	32	1	1	0
      986	2023-08-25 12:43:26	32	1	1	0
     1461	2023-08-25 12:43:31	32	1	1	0
     1865	2023-08-25 12:43:33	32	1	1	0
     1461	2023-08-25 12:51:01	32	0	1	0
     1461	2023-08-25 12:51:02	32	0	1	0
      986	2023-08-25 12:51:06	32	0	1	0
     1865	2023-08-25 12:51:19	32	0	1	0
      360	2023-08-25 12:55:22	32	0	1	0
      923	2023-08-25 17:01:50	32	1	1	0
     2429	2023-08-25 17:05:45	32	1	1	0
     1916	2023-08-25 17:14:16	32	1	1	0
     1928	2023-08-25 17:14:36	32	1	1	0
     1266	2023-08-25 17:28:52	32	1	1	0
     1265	2023-08-25 19:24:42	32	1	1	0
     1265	2023-08-25 19:24:44	32	1	1	0
      665	2023-08-25 22:38:59	32	1	1	0
      665	2023-08-26 06:56:50	32	0	1	0
      665	2023-08-26 20:04:54	32	1	1	0
      665	2023-08-27 09:09:33	32	0	1	0
      665	2023-08-27 20:37:25	32	1	1	0
      665	2023-08-28 10:13:28	32	0	1	0
      665	2023-08-28 19:05:54	32	1	1	0
      597	2023-08-29 06:44:11	32	0	1	0
      597	2023-08-29 06:44:13	32	0	1	0
      797	2023-08-29 06:59:40	32	0	1	0
      100	2023-08-29 07:07:49	32	0	1	0
      135	2023-08-29 07:08:26	32	0	1	0
     1600	2023-08-29 07:08:35	32	0	1	0
     1600	2023-08-29 07:08:38	32	0	1	0
      986	2023-08-29 07:16:20	32	0	1	0
     1265	2023-08-29 07:24:55	32	0	1	0
     1265	2023-08-29 07:24:56	32	0	1	0
       46	2023-08-29 07:24:59	32	0	1	0
       46	2023-08-29 07:25:01	32	0	1	0
     2388	2023-08-29 07:27:25	32	0	1	0
     2388	2023-08-29 07:27:26	32	0	1	0
      633	2023-08-29 07:27:43	32	0	1	0
      633	2023-08-29 07:27:47	32	0	1	0
     2445	2023-08-29 07:30:26	32	0	1	0
      355	2023-08-29 07:31:03	32	0	1	0
     2628	2023-08-29 07:31:10	32	0	1	0
     2628	2023-08-29 07:31:12	32	0	1	0
     1916	2023-08-29 07:33:24	32	0	1	0
      369	2023-08-29 07:34:16	32	0	1	0
      128	2023-08-29 07:35:03	32	0	1	0
     2448	2023-08-29 07:37:46	32	0	1	0
      360	2023-08-29 07:37:53	32	0	1	0
      360	2023-08-29 07:37:55	32	0	1	0
      255	2023-08-29 07:39:08	32	0	1	0
      255	2023-08-29 07:39:11	32	0	1	0
     2863	2023-08-29 07:39:44	32	0	1	0
     1461	2023-08-29 07:41:22	32	0	1	0
     1461	2023-08-29 07:41:23	32	0	1	0
      806	2023-08-29 07:41:28	32	0	1	0
      806	2023-08-29 07:41:30	32	0	1	0
      806	2023-08-29 07:41:43	32	0	1	0
     1865	2023-08-29 07:41:54	32	0	1	0
     2096	2023-08-29 07:42:42	32	0	1	0
      491	2023-08-29 07:44:34	32	0	1	0
     1435	2023-08-29 07:44:45	32	0	1	0
     1435	2023-08-29 07:44:47	32	0	1	0
      157	2023-08-29 07:45:24	32	0	1	0
     1928	2023-08-29 07:45:33	32	0	1	0
      158	2023-08-29 07:46:05	32	0	1	0
      158	2023-08-29 07:46:07	32	0	1	0
     1982	2023-08-29 07:48:46	32	0	1	0
     1982	2023-08-29 07:48:47	32	0	1	0
       42	2023-08-29 07:48:52	32	0	1	0
       42	2023-08-29 07:48:55	32	0	1	0
     1090	2023-08-29 07:49:01	32	0	1	0
     1460	2023-08-29 07:49:25	32	0	1	0
     1460	2023-08-29 07:49:27	32	0	1	0
      376	2023-08-29 07:49:29	32	0	1	0
      923	2023-08-29 07:50:27	32	0	1	0
     1882	2023-08-29 07:50:33	32	0	1	0
      114	2023-08-29 07:51:09	32	0	1	0
      523	2023-08-29 07:52:08	32	0	1	0
      571	2023-08-29 07:53:11	32	0	1	0
     2620	2023-08-29 07:53:22	32	0	1	0
     2620	2023-08-29 07:53:25	32	0	1	0
      226	2023-08-29 07:54:14	32	0	1	0
      254	2023-08-29 07:54:22	32	0	1	0
      254	2023-08-29 07:54:23	32	0	1	0
      359	2023-08-29 07:54:29	32	0	1	0
      280	2023-08-29 07:55:31	32	0	1	0
      280	2023-08-29 07:55:32	32	0	1	0
      459	2023-08-29 07:57:09	32	0	1	0
      459	2023-08-29 07:57:11	32	0	1	0
     1046	2023-08-29 07:57:57	32	0	1	0
     1046	2023-08-29 07:57:59	32	0	1	0
      624	2023-08-29 07:59:49	32	0	1	0
     2429	2023-08-29 08:00:12	32	0	1	0
      665	2023-08-29 08:03:08	32	0	1	0
      597	2023-08-29 12:03:30	32	1	1	0
      597	2023-08-29 12:03:32	32	1	1	0
     1266	2023-08-29 12:05:29	32	1	1	0
     1266	2023-08-29 12:06:11	32	0	1	0
     1046	2023-08-29 12:06:16	32	0	1	0
     1046	2023-08-29 12:06:18	32	0	1	0
      128	2023-08-29 12:09:42	32	1	1	0
      128	2023-08-29 12:09:45	32	1	1	0
      359	2023-08-29 12:09:54	32	1	1	0
     2429	2023-08-29 12:12:21	32	1	1	0
     1090	2023-08-29 12:17:24	32	1	1	0
      597	2023-08-29 12:18:16	32	0	1	0
      597	2023-08-29 12:18:17	32	0	1	0
     1982	2023-08-29 12:32:57	32	1	1	0
     1982	2023-08-29 12:32:58	32	1	1	0
     1461	2023-08-29 12:46:58	32	1	1	0
     1461	2023-08-29 12:46:59	32	1	1	0
     1865	2023-08-29 12:47:07	32	1	1	0
      986	2023-08-29 12:47:10	32	1	1	0
      114	2023-08-29 12:51:13	32	1	1	0
     1461	2023-08-29 12:52:11	32	0	1	0
      986	2023-08-29 12:52:15	32	0	1	0
     1865	2023-08-29 12:52:22	32	0	1	0
     2388	2023-08-29 17:01:59	32	1	1	0
      128	2023-08-29 17:05:14	32	1	1	0
     1266	2023-08-29 17:09:13	32	1	1	0
      360	2023-08-29 17:11:41	32	1	1	0
      360	2023-08-29 17:11:43	32	1	1	0
      100	2023-08-29 17:14:17	32	1	1	0
     1928	2023-08-29 17:20:31	32	1	1	0
     1265	2023-08-29 19:50:32	32	1	1	0
     1265	2023-08-29 19:50:33	32	1	1	0
     2448	2023-08-29 19:50:35	32	1	1	0
      665	2023-08-29 20:29:24	32	1	1	0
     1882	2023-08-30 07:03:46	32	0	1	0
      597	2023-08-30 07:09:55	32	0	1	0
      597	2023-08-30 07:09:57	32	0	1	0
      797	2023-08-30 07:10:00	32	0	1	0
      100	2023-08-30 07:14:53	32	0	1	0
      633	2023-08-30 07:15:01	32	0	1	0
     1265	2023-08-30 07:16:15	32	0	1	0
     1265	2023-08-30 07:16:16	32	0	1	0
     2388	2023-08-30 07:20:05	32	0	1	0
     2388	2023-08-30 07:20:07	32	0	1	0
       46	2023-08-30 07:22:14	32	0	1	0
       46	2023-08-30 07:22:16	32	0	1	0
      369	2023-08-30 07:25:24	32	0	1	0
     1982	2023-08-30 07:26:00	32	0	1	0
     1982	2023-08-30 07:26:02	32	0	1	0
      157	2023-08-30 07:29:02	32	0	1	0
     1928	2023-08-30 07:29:06	32	0	1	0
      491	2023-08-30 07:32:55	32	0	1	0
     2096	2023-08-30 07:35:08	32	0	1	0
     2448	2023-08-30 07:35:14	32	0	1	0
     1916	2023-08-30 07:37:10	32	0	1	0
      355	2023-08-30 07:37:16	32	0	1	0
      280	2023-08-30 07:37:29	32	0	1	0
      280	2023-08-30 07:37:30	32	0	1	0
     1461	2023-08-30 07:37:35	32	0	1	0
     1461	2023-08-30 07:37:37	32	0	1	0
      128	2023-08-30 07:41:29	32	0	1	0
     1435	2023-08-30 07:42:53	32	0	1	0
     1435	2023-08-30 07:42:54	32	0	1	0
     2445	2023-08-30 07:43:33	32	0	1	0
     1600	2023-08-30 07:43:48	32	0	1	0
     1600	2023-08-30 07:43:51	32	0	1	0
     2620	2023-08-30 07:44:01	32	0	1	0
     2620	2023-08-30 07:44:03	32	0	1	0
     2863	2023-08-30 07:46:28	32	0	1	0
      360	2023-08-30 07:46:36	32	0	1	0
      360	2023-08-30 07:46:39	32	0	1	0
     1090	2023-08-30 07:47:20	32	0	1	0
     1865	2023-08-30 07:47:44	32	0	1	0
      158	2023-08-30 07:48:09	32	0	1	0
      158	2023-08-30 07:48:10	32	0	1	0
     2679	2023-08-30 07:50:06	32	0	1	0
      806	2023-08-30 07:50:22	32	0	1	0
      806	2023-08-30 07:50:24	32	0	1	0
      986	2023-08-30 07:50:32	32	0	1	0
      923	2023-08-30 07:51:28	32	0	1	0
     2429	2023-08-30 07:52:12	32	0	1	0
      114	2023-08-30 07:52:34	32	0	1	0
      571	2023-08-30 07:53:56	32	0	1	0
     1058	2023-08-30 07:54:17	32	0	1	0
      255	2023-08-30 07:54:22	32	0	1	0
     1460	2023-08-30 07:54:26	32	0	1	0
     1460	2023-08-30 07:54:28	32	0	1	0
      376	2023-08-30 07:55:34	32	0	1	0
       42	2023-08-30 07:56:16	32	0	1	0
       42	2023-08-30 07:56:20	32	0	1	0
      226	2023-08-30 07:56:23	32	0	1	0
      359	2023-08-30 07:57:46	32	0	1	0
      459	2023-08-30 07:58:47	32	0	1	0
      459	2023-08-30 07:58:49	32	0	1	0
     1046	2023-08-30 07:58:57	32	0	1	0
     1046	2023-08-30 07:58:59	32	0	1	0
      254	2023-08-30 08:00:01	32	0	1	0
      254	2023-08-30 08:00:03	32	0	1	0
     2628	2023-08-30 08:03:43	32	0	1	0
     2628	2023-08-30 08:03:45	32	0	1	0
      665	2023-08-30 08:52:32	32	0	1	0
     1266	2023-08-30 12:00:56	32	1	1	0
     1266	2023-08-30 12:01:03	32	0	1	0
     2388	2023-08-30 12:01:58	32	1	1	0
     2429	2023-08-30 12:05:43	32	1	1	0
      359	2023-08-30 12:08:15	32	1	1	0
     2388	2023-08-30 12:12:10	32	0	1	0
     1046	2023-08-30 12:17:31	32	1	1	0
     1046	2023-08-30 12:17:33	32	1	1	0
      597	2023-08-30 12:19:57	32	0	1	0
      597	2023-08-30 12:19:58	32	0	1	0
      114	2023-08-30 12:23:48	32	1	1	0
       42	2023-08-30 12:29:39	32	0	1	0
       42	2023-08-30 12:29:42	32	0	1	0
     1982	2023-08-30 12:31:51	32	1	1	0
     1982	2023-08-30 12:31:53	32	1	1	0
      100	2023-08-30 12:32:55	32	0	1	0
     1461	2023-08-30 12:50:14	32	1	1	0
     1461	2023-08-30 12:50:16	32	1	1	0
      986	2023-08-30 12:50:18	32	1	1	0
     1865	2023-08-30 12:50:22	32	1	1	0
     1461	2023-08-30 12:54:17	32	0	1	0
     1865	2023-08-30 12:54:21	32	0	1	0
      986	2023-08-30 12:54:24	32	0	1	0
      360	2023-08-30 12:54:29	32	0	1	0
       46	2023-08-30 17:00:02	32	1	1	0
       46	2023-08-30 17:00:03	32	1	1	0
     1916	2023-08-30 17:00:09	32	1	1	0
     2429	2023-08-30 17:00:53	32	1	1	0
      355	2023-08-30 17:04:31	32	1	1	0
      355	2023-08-30 17:04:36	32	1	1	0
      128	2023-08-30 17:04:57	32	1	1	0
     2679	2023-08-30 17:35:51	32	1	1	0
     2679	2023-08-30 17:35:53	32	1	1	0
     2448	2023-08-30 17:42:58	32	1	1	0
     1265	2023-08-30 17:43:18	32	1	1	0
     1265	2023-08-30 17:43:23	32	1	1	0
     1928	2023-08-30 17:53:23	32	1	1	0
     1266	2023-08-30 18:23:37	32	1	1	0
      665	2023-08-30 19:39:55	32	1	1	0
     1928	2023-08-31 05:25:22	32	0	1	0
     1928	2023-08-31 05:25:25	32	0	1	0
      597	2023-08-31 06:55:51	32	0	1	0
      597	2023-08-31 06:55:53	32	0	1	0
     2388	2023-08-31 07:10:40	32	0	1	0
     2388	2023-08-31 07:10:42	32	0	1	0
     2388	2023-08-31 07:11:13	32	0	1	0
      633	2023-08-31 07:11:46	32	0	1	0
     1982	2023-08-31 07:12:02	32	0	1	0
     1982	2023-08-31 07:12:04	32	0	1	0
     1982	2023-08-31 07:12:09	32	0	1	0
     2388	2023-08-31 07:12:43	32	0	1	0
      100	2023-08-31 07:15:22	32	0	1	0
      359	2023-08-31 07:16:45	32	0	1	0
     1058	2023-08-31 07:18:15	32	0	1	0
     2448	2023-08-31 07:20:09	32	0	1	0
     1600	2023-08-31 07:24:59	32	0	1	0
     1600	2023-08-31 07:25:03	32	0	1	0
     2096	2023-08-31 07:25:25	32	0	1	0
     2628	2023-08-31 07:26:15	32	0	1	0
     2628	2023-08-31 07:26:16	32	0	1	0
     1265	2023-08-31 07:26:26	32	0	1	0
     1265	2023-08-31 07:26:28	32	0	1	0
       46	2023-08-31 07:28:02	32	0	1	0
       46	2023-08-31 07:28:03	32	0	1	0
     1916	2023-08-31 07:31:23	32	0	1	0
     1882	2023-08-31 07:35:26	32	0	1	0
      369	2023-08-31 07:35:52	32	0	1	0
      355	2023-08-31 07:36:47	32	0	1	0
      355	2023-08-31 07:37:13	32	0	1	0
     2445	2023-08-31 07:37:44	32	0	1	0
      986	2023-08-31 07:38:39	32	0	1	0
     2620	2023-08-31 07:39:53	32	0	1	0
     2620	2023-08-31 07:39:55	32	0	1	0
      157	2023-08-31 07:44:59	32	0	1	0
     1928	2023-08-31 07:45:05	32	0	1	0
     1865	2023-08-31 07:46:43	32	0	1	0
      571	2023-08-31 07:47:16	32	0	1	0
     2863	2023-08-31 07:47:36	32	0	1	0
      923	2023-08-31 07:48:57	32	0	1	0
      797	2023-08-31 07:49:01	32	0	1	0
      923	2023-08-31 07:49:13	32	0	1	0
     1461	2023-08-31 07:49:33	32	0	1	0
     1461	2023-08-31 07:49:34	32	0	1	0
      806	2023-08-31 07:49:37	32	0	1	0
      806	2023-08-31 07:49:42	32	0	1	0
      128	2023-08-31 07:50:14	32	0	1	0
     1460	2023-08-31 07:50:43	32	0	1	0
     1460	2023-08-31 07:50:45	32	0	1	0
      376	2023-08-31 07:50:50	32	0	1	0
     1435	2023-08-31 07:50:55	32	0	1	0
     1435	2023-08-31 07:50:57	32	0	1	0
      523	2023-08-31 07:51:58	32	0	1	0
     2429	2023-08-31 07:52:03	32	0	1	0
      491	2023-08-31 07:52:25	32	0	1	0
     2679	2023-08-31 07:54:39	32	0	1	0
      114	2023-08-31 07:55:41	32	0	1	0
      158	2023-08-31 07:56:19	32	0	1	0
       42	2023-08-31 07:56:37	32	0	1	0
       42	2023-08-31 07:56:40	32	0	1	0
      360	2023-08-31 07:57:28	32	0	1	0
      360	2023-08-31 07:57:31	32	0	1	0
      459	2023-08-31 07:57:52	32	0	1	0
      459	2023-08-31 07:57:54	32	0	1	0
     1046	2023-08-31 07:58:07	32	0	1	0
     1046	2023-08-31 07:58:10	32	0	1	0
      226	2023-08-31 07:59:00	32	0	1	0
      255	2023-08-31 08:00:00	32	0	1	0
      254	2023-08-31 08:05:40	32	0	1	0
      254	2023-08-31 08:05:41	32	0	1	0
      280	2023-08-31 08:14:28	32	0	1	0
      280	2023-08-31 08:14:30	32	0	1	0
      665	2023-08-31 09:47:55	32	0	1	0
     1090	2023-08-31 11:49:25	32	0	1	0
     1266	2023-08-31 12:00:45	32	1	1	0
     1046	2023-08-31 12:01:47	32	1	1	0
     1046	2023-08-31 12:01:48	32	1	1	0
     1882	2023-08-31 12:02:04	32	1	1	0
      100	2023-08-31 12:08:42	32	1	1	0
      128	2023-08-31 12:08:52	32	1	1	0
      128	2023-08-31 12:08:56	32	1	1	0
     1266	2023-08-31 12:09:06	32	0	1	0
     2429	2023-08-31 12:11:19	32	1	1	0
      359	2023-08-31 12:15:46	32	1	1	0
      114	2023-08-31 12:18:22	32	1	1	0
     2863	2023-08-31 12:20:06	32	1	1	0
     2388	2023-08-31 12:20:52	32	1	1	0
     1982	2023-08-31 12:24:56	32	1	1	0
      491	2023-08-31 12:26:58	32	0	1	0
      255	2023-08-31 12:30:59	32	1	1	0
      100	2023-08-31 12:31:39	32	0	1	0
       42	2023-08-31 12:36:00	32	1	1	0
       42	2023-08-31 12:36:03	32	1	1	0
       42	2023-08-31 12:36:06	32	0	1	0
       42	2023-08-31 12:36:08	32	0	1	0
     1461	2023-08-31 12:45:59	32	0	1	0
     1461	2023-08-31 12:46:03	32	1	1	0
     1461	2023-08-31 12:46:05	32	1	1	0
     1865	2023-08-31 12:46:10	32	1	1	0
     1461	2023-08-31 12:50:23	32	0	1	0
     1461	2023-08-31 12:50:25	32	0	1	0
     1865	2023-08-31 12:52:44	32	0	1	0
     2388	2023-08-31 12:53:04	32	0	1	0
     1266	2023-08-31 14:05:57	32	1	1	0
      523	2023-08-31 16:59:24	32	1	1	0
     1058	2023-08-31 17:00:13	32	1	1	0
     2388	2023-08-31 17:01:21	32	1	1	0
     2388	2023-08-31 17:05:48	32	1	1	0
       46	2023-08-31 17:08:20	32	1	1	0
       46	2023-08-31 17:08:22	32	1	1	0
      355	2023-08-31 17:09:48	32	1	1	0
      355	2023-08-31 17:09:53	32	1	1	0
      100	2023-08-31 17:11:11	32	1	1	0
     2679	2023-08-31 17:50:08	32	1	1	0
     2679	2023-08-31 17:50:09	32	1	1	0
     1928	2023-08-31 18:02:23	32	1	1	0
      665	2023-08-31 20:19:32	32	1	1	0
     2448	2023-08-31 21:16:22	32	1	1	0
     1265	2023-08-31 21:16:27	32	1	1	0
     1265	2023-08-31 21:16:29	32	1	1	0
     2096	2023-08-31 21:16:31	32	1	1	0
     2096	2023-08-31 21:16:33	32	1	1	0
     1435	2023-09-01 05:50:10	32	0	1	0
     1435	2023-09-01 05:50:11	32	0	1	0
      633	2023-09-01 06:15:25	32	0	1	0
     2096	2023-09-01 06:19:35	32	0	1	0
      355	2023-09-01 06:26:54	32	0	1	0
      355	2023-09-01 06:26:58	32	0	1	0
     1916	2023-09-01 06:27:13	32	0	1	0
     2448	2023-09-01 06:28:42	32	0	1	0
     1928	2023-09-01 06:28:50	32	0	1	0
     1046	2023-09-01 06:35:48	32	0	1	0
     1046	2023-09-01 06:35:49	32	0	1	0
     1882	2023-09-01 06:39:22	32	0	1	0
      100	2023-09-01 06:41:57	32	0	1	0
     2679	2023-09-01 06:42:02	32	0	1	0
      369	2023-09-01 06:44:37	32	0	1	0
      114	2023-09-01 06:50:46	32	0	1	0
     2628	2023-09-01 06:51:51	32	0	1	0
     2628	2023-09-01 06:51:53	32	0	1	0
     2863	2023-09-01 07:00:43	32	0	1	0
     2429	2023-09-01 07:14:12	32	0	1	0
      797	2023-09-01 07:17:00	32	0	1	0
     2388	2023-09-01 07:18:33	32	0	1	0
     2388	2023-09-01 07:18:34	32	0	1	0
     2388	2023-09-01 07:18:40	32	0	1	0
      665	2023-09-01 07:18:50	32	0	1	0
     1090	2023-09-01 07:21:51	32	0	1	0
      597	2023-09-01 07:31:03	32	0	1	0
      597	2023-09-01 07:31:05	32	0	1	0
      523	2023-09-01 07:31:33	32	0	1	0
       46	2023-09-01 07:31:56	32	0	1	0
       46	2023-09-01 07:31:59	32	0	1	0
     1265	2023-09-01 07:33:05	32	0	1	0
     1265	2023-09-01 07:33:06	32	0	1	0
      344	2023-09-01 07:33:10	32	0	1	0
      344	2023-09-01 07:33:11	32	0	1	0
     1982	2023-09-01 07:36:49	32	0	1	0
     1982	2023-09-01 07:36:51	32	0	1	0
      128	2023-09-01 07:38:27	32	0	1	0
      128	2023-09-01 07:38:31	32	0	1	0
     1600	2023-09-01 07:39:25	32	0	1	0
     1600	2023-09-01 07:39:29	32	0	1	0
      459	2023-09-01 07:41:12	32	0	1	0
      459	2023-09-01 07:41:13	32	0	1	0
     2445	2023-09-01 07:41:35	32	0	1	0
      157	2023-09-01 07:45:50	32	0	1	0
     1460	2023-09-01 07:46:06	32	0	1	0
     1460	2023-09-01 07:46:07	32	0	1	0
     1865	2023-09-01 07:48:18	32	0	1	0
     1265	2023-09-01 07:49:05	32	0	1	0
     1265	2023-09-01 07:49:06	32	0	1	0
      376	2023-09-01 07:50:47	32	0	1	0
      923	2023-09-01 07:51:11	32	0	1	0
      986	2023-09-01 07:52:02	32	0	1	0
     2620	2023-09-01 07:53:00	32	0	1	0
     2620	2023-09-01 07:53:02	32	0	1	0
      571	2023-09-01 07:53:28	32	0	1	0
     1461	2023-09-01 07:54:00	32	0	1	0
     1461	2023-09-01 07:54:01	32	0	1	0
      806	2023-09-01 07:54:08	32	0	1	0
      806	2023-09-01 07:54:10	32	0	1	0
      491	2023-09-01 07:54:47	32	0	1	0
       42	2023-09-01 07:55:48	32	0	1	0
       42	2023-09-01 07:55:53	32	0	1	0
       42	2023-09-01 07:55:56	32	0	1	0
      135	2023-09-01 07:57:39	32	0	1	0
      135	2023-09-01 07:57:42	32	0	1	0
      254	2023-09-01 07:58:13	32	0	1	0
      254	2023-09-01 07:58:14	32	0	1	0
      226	2023-09-01 07:58:17	32	0	1	0
      359	2023-09-01 08:00:01	32	0	1	0
      280	2023-09-01 08:01:29	32	0	1	0
      280	2023-09-01 08:01:32	32	0	1	0
      255	2023-09-01 08:04:08	32	0	1	0
