      435	2023-07-31 06:57:36	37	0	1	0
     1283	2023-07-31 07:18:48	37	0	1	0
      653	2023-07-31 07:18:54	37	0	1	0
      653	2023-07-31 07:18:56	37	0	1	0
     2041	2023-07-31 07:43:00	37	0	1	0
     2041	2023-07-31 07:43:01	37	0	1	0
      528	2023-07-31 07:43:07	37	0	1	0
      118	2023-07-31 07:46:14	37	0	1	0
     2891	2023-07-31 07:46:25	37	0	1	0
      533	2023-07-31 07:47:23	37	0	1	0
     2608	2023-07-31 07:50:12	37	0	1	0
      306	2023-07-31 07:50:16	37	0	1	0
     1871	2023-07-31 07:54:01	37	0	1	0
      710	2023-07-31 07:54:05	37	0	1	0
     2239	2023-07-31 07:54:11	37	0	1	0
      132	2023-07-31 07:54:16	37	0	1	0
       51	2023-07-31 07:54:41	37	0	1	0
      318	2023-07-31 07:56:12	37	0	1	0
     1141	2023-07-31 07:57:23	37	0	1	0
     1141	2023-07-31 07:57:25	37	0	1	0
     1052	2023-07-31 07:58:01	37	0	1	0
      211	2023-07-31 07:58:05	37	0	1	0
       61	2023-07-31 07:59:04	37	0	1	0
      910	2023-07-31 08:02:21	37	0	1	0
     1129	2023-07-31 08:02:27	37	0	1	0
     1129	2023-07-31 08:02:29	37	0	1	0
     1539	2023-07-31 08:16:42	37	0	1	0
     2239	2023-07-31 12:04:25	37	1	1	0
     2239	2023-07-31 12:08:07	37	0	1	0
       51	2023-07-31 12:08:48	37	1	1	0
      533	2023-07-31 12:08:53	37	1	1	0
      318	2023-07-31 12:08:59	37	1	1	0
     1283	2023-07-31 12:09:07	37	1	1	0
      435	2023-07-31 12:09:12	37	1	1	0
     1871	2023-07-31 12:09:16	37	1	1	0
      710	2023-07-31 12:09:28	37	1	1	0
      653	2023-07-31 12:09:35	37	1	1	0
      710	2023-07-31 12:11:03	37	0	1	0
     1283	2023-07-31 12:13:09	37	0	1	0
      435	2023-07-31 12:13:12	37	0	1	0
      132	2023-07-31 12:15:37	37	1	1	0
      211	2023-07-31 12:15:44	37	1	1	0
     2041	2023-07-31 12:15:58	37	1	1	0
     1129	2023-07-31 12:16:03	37	1	1	0
     1129	2023-07-31 12:16:05	37	1	1	0
     2891	2023-07-31 12:16:19	37	1	1	0
     1141	2023-07-31 12:16:33	37	1	1	0
     1052	2023-07-31 12:16:35	37	1	1	0
       51	2023-07-31 12:16:56	37	0	1	0
     2041	2023-07-31 12:17:04	37	0	1	0
     2041	2023-07-31 12:17:05	37	0	1	0
     1129	2023-07-31 12:17:27	37	0	1	0
     1129	2023-07-31 12:17:29	37	0	1	0
       61	2023-07-31 12:17:36	37	1	1	0
      118	2023-07-31 12:17:42	37	1	1	0
      533	2023-07-31 12:18:02	37	0	1	0
      318	2023-07-31 12:18:18	37	0	1	0
     1871	2023-07-31 12:18:29	37	0	1	0
     2608	2023-07-31 12:19:06	37	1	1	0
     1052	2023-07-31 12:21:34	37	0	1	0
      910	2023-07-31 12:22:58	37	1	1	0
     1539	2023-07-31 12:36:05	37	1	1	0
      653	2023-07-31 12:36:59	37	0	1	0
      306	2023-07-31 12:37:19	37	1	1	0
      306	2023-07-31 12:41:03	37	0	1	0
      528	2023-07-31 12:44:07	37	1	1	0
      528	2023-07-31 12:45:09	37	0	1	0
      118	2023-07-31 12:46:14	37	0	1	0
     1539	2023-07-31 12:48:53	37	0	1	0
     1141	2023-07-31 12:49:14	37	0	1	0
      132	2023-07-31 12:51:53	37	0	1	0
      910	2023-07-31 12:53:22	37	0	1	0
     2608	2023-07-31 12:54:06	37	0	1	0
     1539	2023-07-31 17:00:06	37	1	1	0
     1539	2023-07-31 17:00:09	37	1	1	0
      910	2023-07-31 17:01:22	37	1	1	0
     2041	2023-07-31 17:01:36	37	1	1	0
     2041	2023-07-31 17:01:38	37	1	1	0
      533	2023-07-31 17:04:26	37	1	1	0
     1141	2023-07-31 17:04:54	37	1	1	0
     1141	2023-07-31 17:04:56	37	1	1	0
     2608	2023-07-31 17:05:07	37	1	1	0
      653	2023-07-31 17:05:41	37	1	1	0
      318	2023-07-31 17:05:47	37	1	1	0
      435	2023-07-31 17:05:54	37	1	1	0
     1283	2023-07-31 17:05:58	37	1	1	0
       51	2023-07-31 17:06:10	37	1	1	0
      132	2023-07-31 17:06:18	37	1	1	0
     2891	2023-07-31 17:06:26	37	1	1	0
      710	2023-07-31 17:06:33	37	1	1	0
     2239	2023-07-31 17:06:41	37	1	1	0
      653	2023-07-31 17:06:48	37	1	1	0
     1129	2023-07-31 17:06:50	37	1	1	0
     1129	2023-07-31 17:06:52	37	1	1	0
      528	2023-07-31 17:07:00	37	1	1	0
      528	2023-07-31 17:07:01	37	1	1	0
      211	2023-07-31 17:07:07	37	1	1	0
     1052	2023-07-31 17:07:40	37	1	1	0
       61	2023-07-31 17:07:48	37	1	1	0
     1871	2023-07-31 17:07:58	37	1	1	0
      118	2023-07-31 19:31:48	37	1	1	0
      306	2023-07-31 19:31:56	37	1	1	0
      435	2023-08-01 06:51:14	37	0	1	0
     2239	2023-08-01 07:21:36	37	0	1	0
     1283	2023-08-01 07:33:29	37	0	1	0
     2041	2023-08-01 07:42:30	37	0	1	0
     2041	2023-08-01 07:42:31	37	0	1	0
       51	2023-08-01 07:46:56	37	0	1	0
     1871	2023-08-01 07:47:54	37	0	1	0
      118	2023-08-01 07:49:11	37	0	1	0
     2891	2023-08-01 07:49:17	37	0	1	0
      653	2023-08-01 07:49:58	37	0	1	0
      653	2023-08-01 07:50:01	37	0	1	0
      132	2023-08-01 07:50:13	37	0	1	0
      533	2023-08-01 07:50:43	37	0	1	0
      910	2023-08-01 07:54:22	37	0	1	0
     2608	2023-08-01 07:54:52	37	0	1	0
      710	2023-08-01 07:55:35	37	0	1	0
      211	2023-08-01 07:55:41	37	0	1	0
     1141	2023-08-01 07:56:57	37	0	1	0
     1141	2023-08-01 07:56:59	37	0	1	0
      318	2023-08-01 07:58:21	37	0	1	0
     1052	2023-08-01 07:59:09	37	0	1	0
       61	2023-08-01 07:59:16	37	0	1	0
      306	2023-08-01 08:01:15	37	0	1	0
     1658	2023-08-01 08:01:19	37	0	1	0
     1129	2023-08-01 08:01:27	37	0	1	0
     1129	2023-08-01 08:01:29	37	0	1	0
      653	2023-08-01 08:01:47	37	0	1	0
      528	2023-08-01 08:06:29	37	0	1	0
     1539	2023-08-01 08:07:01	37	0	1	0
     1539	2023-08-01 08:07:02	37	0	1	0
      176	2023-08-01 08:11:43	37	0	1	0
      176	2023-08-01 08:11:46	37	0	1	0
     1871	2023-08-01 12:01:08	37	1	1	0
      528	2023-08-01 12:01:38	37	1	1	0
     1658	2023-08-01 12:01:50	37	1	1	0
      306	2023-08-01 12:02:21	37	1	1	0
      435	2023-08-01 12:06:58	37	1	1	0
      306	2023-08-01 12:07:27	37	0	1	0
      306	2023-08-01 12:07:29	37	0	1	0
     1539	2023-08-01 12:07:51	37	1	1	0
      653	2023-08-01 12:08:58	37	1	1	0
     1283	2023-08-01 12:09:44	37	1	1	0
      318	2023-08-01 12:09:57	37	1	1	0
     1052	2023-08-01 12:14:57	37	1	1	0
     2891	2023-08-01 12:16:11	37	1	1	0
     2608	2023-08-01 12:18:35	37	1	1	0
      533	2023-08-01 12:18:40	37	1	1	0
       61	2023-08-01 12:19:53	37	1	1	0
       51	2023-08-01 12:20:16	37	1	1	0
      910	2023-08-01 12:20:26	37	1	1	0
     1141	2023-08-01 12:20:31	37	1	1	0
       51	2023-08-01 12:22:07	37	0	1	0
      710	2023-08-01 12:22:15	37	1	1	0
      910	2023-08-01 12:22:58	37	0	1	0
     2041	2023-08-01 12:23:44	37	1	1	0
       61	2023-08-01 12:24:17	37	0	1	0
     1658	2023-08-01 12:24:23	37	0	1	0
     2041	2023-08-01 12:25:03	37	0	1	0
     2041	2023-08-01 12:25:04	37	0	1	0
      710	2023-08-01 12:26:25	37	0	1	0
     2891	2023-08-01 12:26:33	37	0	1	0
     1141	2023-08-01 12:26:43	37	0	1	0
      435	2023-08-01 12:26:52	37	0	1	0
      653	2023-08-01 12:26:57	37	0	1	0
     1283	2023-08-01 12:27:01	37	0	1	0
     1052	2023-08-01 12:27:07	37	0	1	0
      318	2023-08-01 12:27:39	37	0	1	0
      533	2023-08-01 12:27:59	37	0	1	0
     1539	2023-08-01 12:28:12	37	0	1	0
     2608	2023-08-01 12:28:45	37	0	1	0
      118	2023-08-01 12:36:00	37	1	1	0
      118	2023-08-01 12:37:02	37	0	1	0
     1129	2023-08-01 12:39:54	37	1	1	0
     1129	2023-08-01 12:39:56	37	1	1	0
     2239	2023-08-01 12:40:44	37	1	1	0
     1129	2023-08-01 12:42:29	37	0	1	0
     1129	2023-08-01 12:42:31	37	0	1	0
     2239	2023-08-01 12:46:41	37	0	1	0
      528	2023-08-01 12:48:08	37	0	1	0
     1871	2023-08-01 12:48:23	37	0	1	0
      211	2023-08-01 12:53:35	37	1	1	0
      211	2023-08-01 12:54:09	37	0	1	0
      176	2023-08-01 12:55:50	37	1	1	0
      176	2023-08-01 12:57:05	37	0	1	0
      176	2023-08-01 12:57:07	37	0	1	0
     1539	2023-08-01 17:03:04	37	1	1	0
      533	2023-08-01 17:03:24	37	1	1	0
      318	2023-08-01 17:03:32	37	1	1	0
     1658	2023-08-01 17:04:07	37	1	1	0
     1141	2023-08-01 17:04:13	37	1	1	0
     1141	2023-08-01 17:04:14	37	1	1	0
     2608	2023-08-01 17:04:18	37	1	1	0
     2891	2023-08-01 17:04:26	37	1	1	0
      435	2023-08-01 17:04:32	37	1	1	0
     2239	2023-08-01 17:04:36	37	1	1	0
      132	2023-08-01 17:04:41	37	1	1	0
       51	2023-08-01 17:04:48	37	1	1	0
      653	2023-08-01 17:04:54	37	1	1	0
      710	2023-08-01 17:05:00	37	1	1	0
     2041	2023-08-01 17:05:04	37	1	1	0
     2041	2023-08-01 17:05:05	37	1	1	0
      176	2023-08-01 17:05:07	37	1	1	0
      176	2023-08-01 17:05:08	37	1	1	0
     1129	2023-08-01 17:05:11	37	1	1	0
     1129	2023-08-01 17:05:13	37	1	1	0
     1871	2023-08-01 17:05:23	37	1	1	0
       61	2023-08-01 17:06:22	37	1	1	0
      528	2023-08-01 17:06:54	37	0	1	0
      528	2023-08-01 17:06:58	37	1	1	0
      306	2023-08-01 17:07:06	37	1	1	0
      306	2023-08-01 17:07:10	37	1	1	0
      910	2023-08-01 17:07:15	37	1	1	0
     1283	2023-08-01 17:07:19	37	1	1	0
      528	2023-08-01 17:07:46	37	4	1	0
     1283	2023-08-01 17:07:50	37	4	1	0
      211	2023-08-01 17:08:21	37	1	1	0
      211	2023-08-01 17:08:39	37	4	1	0
     1052	2023-08-01 17:09:15	37	1	1	0
      910	2023-08-01 17:11:57	37	4	1	0
      211	2023-08-01 17:23:04	37	5	1	0
      910	2023-08-01 17:58:58	37	5	1	0
     1283	2023-08-01 17:59:01	37	5	1	0
      528	2023-08-01 17:59:06	37	5	1	0
      435	2023-08-02 06:39:42	37	0	1	0
     1283	2023-08-02 07:39:09	37	0	1	0
       51	2023-08-02 07:47:02	37	0	1	0
      118	2023-08-02 07:47:07	37	0	1	0
     2891	2023-08-02 07:47:17	37	0	1	0
      318	2023-08-02 07:48:13	37	0	1	0
      533	2023-08-02 07:49:04	37	0	1	0
     2608	2023-08-02 07:53:05	37	0	1	0
      132	2023-08-02 07:55:36	37	0	1	0
     1658	2023-08-02 07:56:18	37	0	1	0
     1129	2023-08-02 07:56:49	37	0	1	0
     1129	2023-08-02 07:56:51	37	0	1	0
     1141	2023-08-02 07:56:56	37	0	1	0
     1141	2023-08-02 07:56:57	37	0	1	0
      306	2023-08-02 07:57:38	37	0	1	0
      910	2023-08-02 07:57:56	37	0	1	0
      653	2023-08-02 07:58:05	37	0	1	0
      653	2023-08-02 07:58:08	37	0	1	0
      211	2023-08-02 07:58:42	37	0	1	0
     1052	2023-08-02 07:59:13	37	0	1	0
     1871	2023-08-02 07:59:25	37	0	1	0
      710	2023-08-02 08:00:08	37	0	1	0
      710	2023-08-02 08:00:10	37	0	1	0
       61	2023-08-02 08:01:46	37	0	1	0
      528	2023-08-02 08:03:17	37	0	1	0
     2041	2023-08-02 08:06:41	37	0	1	0
     2041	2023-08-02 08:06:42	37	0	1	0
      176	2023-08-02 08:22:49	37	0	1	0
      176	2023-08-02 08:22:51	37	0	1	0
      533	2023-08-02 12:04:03	37	1	1	0
     1871	2023-08-02 12:04:55	37	1	1	0
      318	2023-08-02 12:06:23	37	1	1	0
       51	2023-08-02 12:06:56	37	0	1	0
       51	2023-08-02 12:07:06	37	0	1	0
       51	2023-08-02 12:07:12	37	1	1	0
      653	2023-08-02 12:07:20	37	1	1	0
      710	2023-08-02 12:07:39	37	1	1	0
     1283	2023-08-02 12:08:04	37	1	1	0
      435	2023-08-02 12:08:22	37	1	1	0
      533	2023-08-02 12:09:19	37	0	1	0
     1141	2023-08-02 12:09:33	37	1	1	0
      132	2023-08-02 12:11:12	37	1	1	0
       51	2023-08-02 12:11:43	37	0	1	0
     2608	2023-08-02 12:16:03	37	1	1	0
     1658	2023-08-02 12:16:09	37	1	1	0
     1658	2023-08-02 12:19:04	37	0	1	0
     2608	2023-08-02 12:20:20	37	0	1	0
     1141	2023-08-02 12:22:10	37	0	1	0
     2891	2023-08-02 12:22:48	37	1	1	0
     2041	2023-08-02 12:25:08	37	1	1	0
     2041	2023-08-02 12:25:10	37	1	1	0
     1052	2023-08-02 12:25:12	37	1	1	0
     2041	2023-08-02 12:27:07	37	0	1	0
     2041	2023-08-02 12:27:08	37	0	1	0
     1052	2023-08-02 12:28:26	37	0	1	0
     1871	2023-08-02 12:29:48	37	0	1	0
     2891	2023-08-02 12:30:19	37	0	1	0
      653	2023-08-02 12:30:28	37	0	1	0
     1283	2023-08-02 12:30:32	37	0	1	0
      132	2023-08-02 12:30:36	37	0	1	0
      435	2023-08-02 12:30:39	37	0	1	0
       61	2023-08-02 12:31:25	37	1	1	0
      306	2023-08-02 12:32:47	37	1	1	0
     1129	2023-08-02 12:33:33	37	1	1	0
     1129	2023-08-02 12:33:35	37	1	1	0
      118	2023-08-02 12:43:45	37	1	1	0
       61	2023-08-02 12:46:52	37	0	1	0
      318	2023-08-02 12:52:04	37	0	1	0
      306	2023-08-02 12:52:14	37	0	1	0
      118	2023-08-02 12:52:18	37	0	1	0
      528	2023-08-02 12:52:29	37	0	1	0
      910	2023-08-02 12:52:34	37	1	1	0
      176	2023-08-02 12:54:18	37	1	1	0
     1129	2023-08-02 12:55:26	37	0	1	0
     1129	2023-08-02 12:55:28	37	0	1	0
      176	2023-08-02 12:56:07	37	0	1	0
       61	2023-08-02 12:59:04	37	0	1	0
       61	2023-08-02 12:59:09	37	0	1	0
      910	2023-08-02 12:59:56	37	0	1	0
     2041	2023-08-02 17:01:35	37	1	1	0
     2041	2023-08-02 17:01:37	37	1	1	0
     1052	2023-08-02 17:01:41	37	1	1	0
     1658	2023-08-02 17:02:01	37	1	1	0
     1283	2023-08-02 17:02:06	37	1	1	0
      533	2023-08-02 17:02:11	37	1	1	0
     2608	2023-08-02 17:02:19	37	1	1	0
      306	2023-08-02 17:02:27	37	1	1	0
      306	2023-08-02 17:02:29	37	1	1	0
      435	2023-08-02 17:02:33	37	1	1	0
      211	2023-08-02 17:02:35	37	1	1	0
      211	2023-08-02 17:02:39	37	1	1	0
     2891	2023-08-02 17:02:59	37	1	1	0
      118	2023-08-02 17:03:06	37	1	1	0
      132	2023-08-02 17:03:12	37	1	1	0
      318	2023-08-02 17:03:19	37	0	1	0
      318	2023-08-02 17:03:24	37	1	1	0
      653	2023-08-02 17:03:29	37	1	1	0
      118	2023-08-02 17:03:34	37	1	1	0
      910	2023-08-02 17:03:38	37	1	1	0
       51	2023-08-02 17:03:53	37	1	1	0
       51	2023-08-02 17:03:54	37	1	1	0
       61	2023-08-02 17:04:02	37	1	1	0
      528	2023-08-02 17:04:09	37	1	1	0
     1129	2023-08-02 17:04:19	37	1	1	0
     1129	2023-08-02 17:04:21	37	1	1	0
     1141	2023-08-02 17:05:10	37	1	1	0
     1141	2023-08-02 17:05:11	37	1	1	0
      176	2023-08-02 17:09:54	37	1	1	0
     1871	2023-08-02 17:09:58	37	1	1	0
      435	2023-08-03 06:57:14	37	0	1	0
     2239	2023-08-03 07:31:55	37	0	1	0
      318	2023-08-03 07:37:36	37	0	1	0
     1283	2023-08-03 07:38:10	37	0	1	0
       51	2023-08-03 07:40:42	37	0	1	0
     1871	2023-08-03 07:43:14	37	0	1	0
      653	2023-08-03 07:46:50	37	0	1	0
      653	2023-08-03 07:46:53	37	0	1	0
      132	2023-08-03 07:49:34	37	0	1	0
     2608	2023-08-03 07:52:22	37	0	1	0
     2891	2023-08-03 07:53:30	37	0	1	0
      118	2023-08-03 07:53:35	37	0	1	0
      528	2023-08-03 07:54:52	37	0	1	0
      306	2023-08-03 07:55:04	37	0	1	0
      533	2023-08-03 07:55:07	37	0	1	0
      176	2023-08-03 07:56:09	37	0	1	0
      176	2023-08-03 07:56:11	37	0	1	0
      211	2023-08-03 07:57:44	37	0	1	0
       61	2023-08-03 07:59:37	37	0	1	0
     1129	2023-08-03 07:59:53	37	0	1	0
     1129	2023-08-03 07:59:55	37	0	1	0
      710	2023-08-03 08:00:07	37	0	1	0
      710	2023-08-03 08:00:09	37	0	1	0
     1052	2023-08-03 08:00:24	37	0	1	0
     1141	2023-08-03 08:00:27	37	0	1	0
     1141	2023-08-03 08:00:29	37	0	1	0
     1658	2023-08-03 08:00:56	37	0	1	0
      910	2023-08-03 08:04:56	37	0	1	0
     1539	2023-08-03 08:06:41	37	0	1	0
     1539	2023-08-03 08:06:42	37	0	1	0
     1871	2023-08-03 12:01:55	37	1	1	0
      533	2023-08-03 12:02:10	37	1	1	0
     2891	2023-08-03 12:08:32	37	0	1	0
     1129	2023-08-03 12:08:52	37	1	1	0
     1129	2023-08-03 12:08:54	37	1	1	0
     1129	2023-08-03 12:10:12	37	0	1	0
     1129	2023-08-03 12:10:15	37	0	1	0
      528	2023-08-03 12:12:31	37	1	1	0
       51	2023-08-03 12:13:19	37	1	1	0
      118	2023-08-03 12:13:31	37	1	1	0
      710	2023-08-03 12:13:42	37	1	1	0
     1658	2023-08-03 12:14:01	37	1	1	0
      132	2023-08-03 12:14:16	37	1	1	0
      710	2023-08-03 12:15:03	37	0	1	0
      435	2023-08-03 12:15:38	37	1	1	0
     1283	2023-08-03 12:15:42	37	1	1	0
      132	2023-08-03 12:16:23	37	0	1	0
     1658	2023-08-03 12:16:26	37	0	1	0
      118	2023-08-03 12:18:19	37	0	1	0
      306	2023-08-03 12:18:36	37	1	1	0
      910	2023-08-03 12:19:44	37	1	1	0
     2239	2023-08-03 12:20:23	37	1	1	0
      318	2023-08-03 12:20:43	37	1	1	0
      211	2023-08-03 12:20:51	37	1	1	0
      910	2023-08-03 12:21:04	37	0	1	0
      533	2023-08-03 12:21:08	37	0	1	0
      318	2023-08-03 12:22:04	37	0	1	0
     2608	2023-08-03 12:22:35	37	1	1	0
      176	2023-08-03 12:24:41	37	1	1	0
     1052	2023-08-03 12:28:39	37	1	1	0
     2891	2023-08-03 12:31:18	37	0	1	0
     1052	2023-08-03 12:31:50	37	0	1	0
     1129	2023-08-03 12:33:45	37	0	1	0
      176	2023-08-03 12:34:43	37	0	1	0
      176	2023-08-03 12:34:44	37	0	1	0
      176	2023-08-03 12:34:46	37	0	1	0
      653	2023-08-03 12:35:15	37	1	1	0
     1283	2023-08-03 12:35:49	37	0	1	0
      435	2023-08-03 12:35:53	37	0	1	0
     2608	2023-08-03 12:38:13	37	0	1	0
      653	2023-08-03 12:39:12	37	0	1	0
      306	2023-08-03 12:40:26	37	0	1	0
     1539	2023-08-03 12:47:50	37	1	1	0
     1539	2023-08-03 12:48:05	37	0	1	0
      211	2023-08-03 12:50:22	37	0	1	0
     1141	2023-08-03 12:50:44	37	1	1	0
     1141	2023-08-03 12:52:05	37	0	1	0
     1871	2023-08-03 12:52:16	37	0	1	0
     2239	2023-08-03 12:52:36	37	0	1	0
       61	2023-08-03 12:54:02	37	1	1	0
       61	2023-08-03 12:55:30	37	0	1	0
       51	2023-08-03 12:55:47	37	0	1	0
      528	2023-08-03 12:56:22	37	1	1	0
      528	2023-08-03 12:57:02	37	0	1	0
      132	2023-08-03 17:00:30	37	1	1	0
      176	2023-08-03 17:00:40	37	1	1	0
      176	2023-08-03 17:00:41	37	1	1	0
     1658	2023-08-03 17:00:44	37	1	1	0
     2891	2023-08-03 17:00:51	37	1	1	0
     2608	2023-08-03 17:01:04	37	1	1	0
     1141	2023-08-03 17:01:06	37	1	1	0
     1141	2023-08-03 17:01:08	37	1	1	0
     1052	2023-08-03 17:01:11	37	1	1	0
     1539	2023-08-03 17:01:15	37	1	1	0
       51	2023-08-03 17:01:19	37	1	1	0
      653	2023-08-03 17:01:25	37	1	1	0
      653	2023-08-03 17:01:27	37	1	1	0
      710	2023-08-03 17:01:32	37	1	1	0
      710	2023-08-03 17:01:44	37	1	1	0
      710	2023-08-03 17:01:46	37	1	1	0
       61	2023-08-03 17:01:48	37	1	1	0
     1283	2023-08-03 17:01:54	37	1	1	0
     1283	2023-08-03 17:01:55	37	1	1	0
      318	2023-08-03 17:02:00	37	1	1	0
     2239	2023-08-03 17:02:05	37	1	1	0
      435	2023-08-03 17:02:08	37	1	1	0
      910	2023-08-03 17:02:12	37	1	1	0
     1129	2023-08-03 17:02:32	37	1	1	0
     1129	2023-08-03 17:02:34	37	1	1	0
      306	2023-08-03 17:03:25	37	1	1	0
      211	2023-08-03 17:03:53	37	1	1	0
      118	2023-08-03 18:34:09	37	1	1	0
      533	2023-08-03 18:34:20	37	1	1	0
      528	2023-08-03 18:34:26	37	1	1	0
     1871	2023-08-03 18:35:49	37	1	1	0
      435	2023-08-04 06:50:48	37	0	1	0
      435	2023-08-04 06:50:49	37	0	1	0
       51	2023-08-04 07:10:57	37	0	1	0
      653	2023-08-04 07:20:16	37	0	1	0
      653	2023-08-04 07:20:18	37	0	1	0
     1283	2023-08-04 07:34:30	37	0	1	0
     2239	2023-08-04 07:39:20	37	0	1	0
      132	2023-08-04 07:42:30	37	0	1	0
     1871	2023-08-04 07:42:53	37	0	1	0
      118	2023-08-04 07:44:26	37	0	1	0
     2891	2023-08-04 07:44:33	37	0	1	0
      533	2023-08-04 07:46:38	37	0	1	0
     1658	2023-08-04 07:49:15	37	0	1	0
     1539	2023-08-04 07:55:23	37	0	1	0
     1539	2023-08-04 07:55:26	37	0	1	0
     2608	2023-08-04 07:56:38	37	0	1	0
      528	2023-08-04 07:57:22	37	0	1	0
     1141	2023-08-04 07:58:10	37	0	1	0
     1141	2023-08-04 07:58:12	37	0	1	0
       61	2023-08-04 07:59:04	37	0	1	0
     1129	2023-08-04 07:59:11	37	0	1	0
     1129	2023-08-04 07:59:13	37	0	1	0
      910	2023-08-04 07:59:20	37	0	1	0
      306	2023-08-04 07:59:25	37	0	1	0
     1052	2023-08-04 07:59:55	37	0	1	0
      710	2023-08-04 08:00:06	37	0	1	0
      710	2023-08-04 08:00:08	37	0	1	0
      318	2023-08-04 08:00:12	37	0	1	0
      176	2023-08-04 08:00:47	37	0	1	0
      176	2023-08-04 08:00:51	37	0	1	0
     2041	2023-08-04 08:16:54	37	0	1	0
     2041	2023-08-04 08:16:56	37	0	1	0
      211	2023-08-04 08:53:52	37	0	1	0
      306	2023-08-04 12:01:05	37	1	1	0
      132	2023-08-04 12:01:33	37	1	1	0
       51	2023-08-04 12:02:25	37	1	1	0
     2891	2023-08-04 12:02:34	37	1	1	0
     1658	2023-08-04 12:02:41	37	1	1	0
      118	2023-08-04 12:04:03	37	1	1	0
      306	2023-08-04 12:04:34	37	0	1	0
     1871	2023-08-04 12:08:15	37	1	1	0
     2041	2023-08-04 12:08:54	37	1	1	0
     2041	2023-08-04 12:08:55	37	1	1	0
     2041	2023-08-04 12:10:02	37	0	1	0
     2041	2023-08-04 12:10:03	37	0	1	0
      710	2023-08-04 12:14:32	37	1	1	0
     1658	2023-08-04 12:14:52	37	0	1	0
     1141	2023-08-04 12:15:05	37	1	1	0
     2891	2023-08-04 12:15:15	37	1	1	0
     2608	2023-08-04 12:15:23	37	1	1	0
      118	2023-08-04 12:15:49	37	0	1	0
      710	2023-08-04 12:17:02	37	0	1	0
     1871	2023-08-04 12:17:15	37	1	1	0
     1539	2023-08-04 12:18:24	37	1	1	0
     1283	2023-08-04 12:19:31	37	1	1	0
      435	2023-08-04 12:19:41	37	1	1	0
      653	2023-08-04 12:19:49	37	1	1	0
       51	2023-08-04 12:20:20	37	0	1	0
     1871	2023-08-04 12:21:59	37	0	1	0
      211	2023-08-04 12:27:20	37	1	1	0
     1141	2023-08-04 12:28:00	37	0	1	0
      318	2023-08-04 12:28:05	37	1	1	0
      176	2023-08-04 12:31:14	37	1	1	0
      910	2023-08-04 12:32:19	37	1	1	0
      910	2023-08-04 12:34:35	37	0	1	0
      132	2023-08-04 12:42:18	37	0	1	0
     1129	2023-08-04 12:42:50	37	1	1	0
     1129	2023-08-04 12:42:52	37	1	1	0
     2608	2023-08-04 12:43:42	37	0	1	0
     1283	2023-08-04 12:44:51	37	0	1	0
      653	2023-08-04 12:44:55	37	0	1	0
      653	2023-08-04 12:44:57	37	0	1	0
      435	2023-08-04 12:45:00	37	0	1	0
      176	2023-08-04 12:46:25	37	0	1	0
      176	2023-08-04 12:46:27	37	0	1	0
      318	2023-08-04 12:46:31	37	0	1	0
       61	2023-08-04 12:47:14	37	1	1	0
     2239	2023-08-04 12:47:19	37	1	1	0
     1539	2023-08-04 12:47:27	37	0	1	0
      528	2023-08-04 12:49:34	37	1	1	0
      528	2023-08-04 12:50:07	37	0	1	0
     2239	2023-08-04 12:51:02	37	0	1	0
     1129	2023-08-04 12:52:46	37	0	1	0
     1129	2023-08-04 12:52:48	37	0	1	0
       61	2023-08-04 12:52:58	37	0	1	0
     1539	2023-08-04 13:46:28	37	1	1	0
     1658	2023-08-04 17:01:28	37	1	1	0
     2041	2023-08-04 17:01:32	37	1	1	0
     2041	2023-08-04 17:01:34	37	1	1	0
     2891	2023-08-04 17:02:02	37	1	1	0
     2239	2023-08-04 17:02:15	37	1	1	0
     1052	2023-08-04 17:03:13	37	1	1	0
      306	2023-08-04 17:03:19	37	1	1	0
      306	2023-08-04 17:03:21	37	1	1	0
      435	2023-08-04 17:03:39	37	1	1	0
      653	2023-08-04 17:03:43	37	1	1	0
     1283	2023-08-04 17:03:46	37	1	1	0
      710	2023-08-04 17:03:58	37	1	1	0
      710	2023-08-04 17:04:02	37	1	1	0
      710	2023-08-04 17:04:24	37	1	1	0
     1141	2023-08-04 17:04:32	37	1	1	0
     1141	2023-08-04 17:04:33	37	1	1	0
     2608	2023-08-04 17:05:09	37	1	1	0
      211	2023-08-04 17:05:17	37	1	1	0
      176	2023-08-04 17:05:39	37	1	1	0
      176	2023-08-04 17:05:43	37	1	1	0
      118	2023-08-04 17:06:07	37	1	1	0
      910	2023-08-04 17:06:43	37	1	1	0
      533	2023-08-04 17:07:00	37	1	1	0
       51	2023-08-04 17:08:16	37	1	1	0
      318	2023-08-04 17:08:43	37	1	1	0
     1129	2023-08-04 17:08:58	37	1	1	0
     1129	2023-08-04 17:09:00	37	1	1	0
      132	2023-08-04 17:09:51	37	1	1	0
       61	2023-08-04 17:10:36	37	1	1	0
      528	2023-08-04 17:10:40	37	1	1	0
     1871	2023-08-04 17:10:58	37	1	1	0
      306	2023-08-04 19:32:53	37	1	1	0
      306	2023-08-04 19:32:56	37	1	1	0
      528	2023-08-07 06:42:08	37	0	1	0
      435	2023-08-07 07:03:00	37	0	1	0
      176	2023-08-07 07:06:17	37	0	1	0
      176	2023-08-07 07:06:18	37	0	1	0
      533	2023-08-07 07:13:02	37	0	1	0
     1283	2023-08-07 07:22:46	37	0	1	0
      653	2023-08-07 07:31:50	37	0	1	0
     1871	2023-08-07 07:31:54	37	0	1	0
      318	2023-08-07 07:40:51	37	0	1	0
     2891	2023-08-07 07:43:05	37	0	1	0
      118	2023-08-07 07:43:10	37	0	1	0
      710	2023-08-07 07:43:35	37	0	1	0
     2239	2023-08-07 07:44:51	37	0	1	0
     1658	2023-08-07 07:49:40	37	0	1	0
     1052	2023-08-07 07:55:31	37	0	1	0
      910	2023-08-07 07:56:39	37	0	1	0
     1141	2023-08-07 08:00:18	37	0	1	0
     1141	2023-08-07 08:00:20	37	0	1	0
       61	2023-08-07 08:00:44	37	0	1	0
      211	2023-08-07 08:00:47	37	0	1	0
     2608	2023-08-07 08:02:08	37	0	1	0
      306	2023-08-07 08:03:49	37	0	1	0
     1129	2023-08-07 08:08:23	37	0	1	0
     1129	2023-08-07 08:08:25	37	0	1	0
     2041	2023-08-07 08:17:09	37	0	1	0
     2041	2023-08-07 08:17:10	37	0	1	0
     1539	2023-08-07 08:22:38	37	0	1	0
     2891	2023-08-07 12:03:24	37	1	1	0
       61	2023-08-07 12:03:28	37	1	1	0
      176	2023-08-07 12:05:42	37	1	1	0
       61	2023-08-07 12:05:51	37	0	1	0
      176	2023-08-07 12:06:07	37	0	1	0
     1283	2023-08-07 12:06:41	37	1	1	0
      435	2023-08-07 12:07:11	37	0	1	0
      435	2023-08-07 12:07:20	37	1	1	0
      306	2023-08-07 12:08:47	37	1	1	0
     1871	2023-08-07 12:08:51	37	1	1	0
      653	2023-08-07 12:09:42	37	1	1	0
     2608	2023-08-07 12:10:08	37	1	1	0
     2608	2023-08-07 12:10:25	37	1	1	0
     1658	2023-08-07 12:11:37	37	1	1	0
     1129	2023-08-07 12:11:54	37	1	1	0
     1129	2023-08-07 12:11:56	37	1	1	0
      910	2023-08-07 12:13:45	37	1	1	0
     1141	2023-08-07 12:15:15	37	1	1	0
      910	2023-08-07 12:16:11	37	0	1	0
      435	2023-08-07 12:16:16	37	0	1	0
      306	2023-08-07 12:19:46	37	0	1	0
     1129	2023-08-07 12:20:05	37	0	1	0
     1129	2023-08-07 12:20:07	37	0	1	0
     1658	2023-08-07 12:20:12	37	0	1	0
     1871	2023-08-07 12:20:16	37	0	1	0
     1283	2023-08-07 12:20:22	37	0	1	0
      710	2023-08-07 12:20:28	37	1	1	0
     1141	2023-08-07 12:20:36	37	0	1	0
      710	2023-08-07 12:22:02	37	0	1	0
      318	2023-08-07 12:23:56	37	1	1	0
     1539	2023-08-07 12:25:56	37	1	1	0
      653	2023-08-07 12:26:50	37	0	1	0
      318	2023-08-07 12:27:35	37	0	1	0
      211	2023-08-07 12:29:20	37	1	1	0
     2041	2023-08-07 12:33:22	37	1	1	0
     1052	2023-08-07 12:33:26	37	1	1	0
     2239	2023-08-07 12:34:55	37	1	1	0
      211	2023-08-07 12:35:37	37	0	1	0
     2041	2023-08-07 12:35:54	37	0	1	0
     1052	2023-08-07 12:36:03	37	0	1	0
      533	2023-08-07 12:36:53	37	1	1	0
     2891	2023-08-07 12:37:27	37	0	1	0
     2608	2023-08-07 12:37:39	37	0	1	0
     2239	2023-08-07 12:39:40	37	0	1	0
      533	2023-08-07 12:40:12	37	0	1	0
     1539	2023-08-07 12:46:56	37	0	1	0
      528	2023-08-07 12:55:42	37	1	1	0
      528	2023-08-07 12:56:04	37	0	1	0
      118	2023-08-07 12:56:26	37	1	1	0
      118	2023-08-07 12:57:09	37	0	1	0
     2041	2023-08-07 17:03:56	37	1	1	0
     2041	2023-08-07 17:03:57	37	1	1	0
     2239	2023-08-07 17:04:23	37	1	1	0
      435	2023-08-07 17:04:39	37	1	1	0
      318	2023-08-07 17:04:45	37	1	1	0
      176	2023-08-07 17:04:50	37	1	1	0
      176	2023-08-07 17:04:51	37	1	1	0
     2608	2023-08-07 17:05:04	37	1	1	0
      533	2023-08-07 17:05:11	37	1	1	0
     1141	2023-08-07 17:05:16	37	1	1	0
     1141	2023-08-07 17:05:18	37	1	1	0
     1283	2023-08-07 17:05:23	37	1	1	0
     2891	2023-08-07 17:05:28	37	1	1	0
      653	2023-08-07 17:05:33	37	1	1	0
     1658	2023-08-07 17:05:37	37	0	1	0
     1658	2023-08-07 17:05:45	37	1	1	0
     1539	2023-08-07 17:05:52	37	1	1	0
     1539	2023-08-07 17:05:54	37	1	1	0
      910	2023-08-07 17:06:00	37	1	1	0
      211	2023-08-07 17:06:37	37	1	1	0
      710	2023-08-07 17:07:08	37	1	1	0
      306	2023-08-07 17:08:12	37	1	1	0
      118	2023-08-07 17:08:19	37	1	1	0
       61	2023-08-07 17:08:26	37	1	1	0
     1052	2023-08-07 17:12:22	37	1	1	0
     1871	2023-08-07 17:27:03	37	1	1	0
      528	2023-08-07 17:30:59	37	0	1	0
      528	2023-08-07 17:31:46	37	1	1	0
     1129	2023-08-07 18:27:36	37	1	1	0
     1129	2023-08-07 18:27:38	37	1	1	0
      176	2023-08-08 07:04:47	37	0	1	0
      176	2023-08-08 07:04:48	37	0	1	0
     1129	2023-08-08 07:06:09	37	0	1	0
     1129	2023-08-08 07:06:11	37	0	1	0
      118	2023-08-08 07:22:41	37	0	1	0
     2891	2023-08-08 07:22:47	37	0	1	0
      533	2023-08-08 07:23:46	37	0	1	0
      653	2023-08-08 07:24:35	37	0	1	0
      653	2023-08-08 07:24:37	37	0	1	0
     1283	2023-08-08 07:33:08	37	0	1	0
     2239	2023-08-08 07:46:48	37	0	1	0
      528	2023-08-08 07:47:16	37	0	1	0
     2608	2023-08-08 07:50:17	37	0	1	0
      211	2023-08-08 07:51:48	37	0	1	0
       51	2023-08-08 07:52:12	37	0	1	0
      306	2023-08-08 07:52:58	37	0	1	0
     1871	2023-08-08 07:54:05	37	0	1	0
     1658	2023-08-08 07:55:57	37	0	1	0
     1141	2023-08-08 07:58:29	37	0	1	0
     1141	2023-08-08 07:58:31	37	0	1	0
      318	2023-08-08 07:58:59	37	0	1	0
       61	2023-08-08 08:00:00	37	0	1	0
     2041	2023-08-08 08:00:31	37	0	1	0
      910	2023-08-08 08:02:58	37	0	1	0
     1052	2023-08-08 08:16:39	37	0	1	0
     1539	2023-08-08 08:17:14	37	0	1	0
     1539	2023-08-08 08:17:16	37	0	1	0
     1871	2023-08-08 12:01:11	37	1	1	0
     1658	2023-08-08 12:02:06	37	1	1	0
     2891	2023-08-08 12:02:14	37	1	1	0
       51	2023-08-08 12:09:24	37	1	1	0
     1658	2023-08-08 12:10:04	37	0	1	0
      306	2023-08-08 12:10:28	37	1	1	0
     2608	2023-08-08 12:11:49	37	1	1	0
      653	2023-08-08 12:13:18	37	1	1	0
     1283	2023-08-08 12:15:47	37	1	1	0
      318	2023-08-08 12:19:22	37	1	1	0
      318	2023-08-08 12:20:14	37	0	1	0
     1141	2023-08-08 12:21:09	37	1	1	0
     2041	2023-08-08 12:23:23	37	1	1	0
      306	2023-08-08 12:24:46	37	0	1	0
     2041	2023-08-08 12:25:16	37	0	1	0
     2891	2023-08-08 12:25:31	37	0	1	0
      653	2023-08-08 12:26:41	37	0	1	0
     1052	2023-08-08 12:28:13	37	1	1	0
     2608	2023-08-08 12:29:14	37	0	1	0
       61	2023-08-08 12:30:03	37	1	1	0
     1052	2023-08-08 12:31:02	37	0	1	0
      176	2023-08-08 12:31:51	37	1	1	0
      176	2023-08-08 12:31:52	37	1	1	0
      910	2023-08-08 12:32:51	37	1	1	0
       51	2023-08-08 12:33:31	37	0	1	0
     1539	2023-08-08 12:33:38	37	1	1	0
     1283	2023-08-08 12:34:57	37	0	1	0
      528	2023-08-08 12:35:08	37	1	1	0
     1141	2023-08-08 12:39:15	37	0	1	0
      528	2023-08-08 12:39:49	37	0	1	0
     2239	2023-08-08 12:40:30	37	1	1	0
      176	2023-08-08 12:41:33	37	0	1	0
      176	2023-08-08 12:41:36	37	0	1	0
      176	2023-08-08 12:41:38	37	0	1	0
      910	2023-08-08 12:43:08	37	0	1	0
     2239	2023-08-08 12:47:43	37	0	1	0
     1871	2023-08-08 12:52:56	37	0	1	0
     1539	2023-08-08 12:53:03	37	0	1	0
       61	2023-08-08 12:55:30	37	0	1	0
     2891	2023-08-08 17:02:59	37	1	1	0
     2239	2023-08-08 17:04:42	37	1	1	0
      211	2023-08-08 17:04:47	37	1	1	0
      318	2023-08-08 17:06:52	37	1	1	0
     1283	2023-08-08 17:07:15	37	1	1	0
     2608	2023-08-08 17:07:21	37	1	1	0
     1141	2023-08-08 17:07:26	37	1	1	0
     1141	2023-08-08 17:07:27	37	1	1	0
       51	2023-08-08 17:07:48	37	1	1	0
      653	2023-08-08 17:07:55	37	1	1	0
      653	2023-08-08 17:07:57	37	1	1	0
     2041	2023-08-08 17:08:02	37	1	1	0
     2041	2023-08-08 17:08:03	37	1	1	0
      306	2023-08-08 17:08:13	37	1	1	0
      910	2023-08-08 17:08:33	37	1	1	0
     1658	2023-08-08 17:08:37	37	1	1	0
      176	2023-08-08 17:08:51	37	1	1	0
      176	2023-08-08 17:08:53	37	1	1	0
     1052	2023-08-08 17:09:00	37	1	1	0
     1129	2023-08-08 17:10:06	37	1	1	0
     1129	2023-08-08 17:10:08	37	1	1	0
      528	2023-08-08 17:10:32	37	1	1	0
       61	2023-08-08 17:10:39	37	1	1	0
     1539	2023-08-08 17:11:34	37	1	1	0
     1539	2023-08-08 17:11:36	37	1	1	0
     1871	2023-08-08 17:11:49	37	1	1	0
      533	2023-08-08 17:46:46	37	1	1	0
      435	2023-08-09 07:02:14	37	0	1	0
      176	2023-08-09 07:08:09	37	0	1	0
      176	2023-08-09 07:08:11	37	0	1	0
      176	2023-08-09 07:12:23	37	0	1	0
      176	2023-08-09 07:12:24	37	0	1	0
      653	2023-08-09 07:17:33	37	0	1	0
      653	2023-08-09 07:17:35	37	0	1	0
     1283	2023-08-09 07:34:39	37	0	1	0
     1283	2023-08-09 07:34:41	37	0	1	0
     2891	2023-08-09 07:36:44	37	0	1	0
      533	2023-08-09 07:37:33	37	0	1	0
      528	2023-08-09 07:45:55	37	0	1	0
       51	2023-08-09 07:51:30	37	0	1	0
     2239	2023-08-09 07:53:43	37	0	1	0
      318	2023-08-09 07:55:27	37	0	1	0
     1871	2023-08-09 07:56:52	37	0	1	0
     1539	2023-08-09 07:59:23	37	0	1	0
       61	2023-08-09 07:59:31	37	0	1	0
      211	2023-08-09 07:59:54	37	0	1	0
     1141	2023-08-09 08:00:00	37	0	1	0
     1141	2023-08-09 08:00:01	37	0	1	0
     1052	2023-08-09 08:00:32	37	0	1	0
      910	2023-08-09 08:01:32	37	0	1	0
      710	2023-08-09 08:02:32	37	0	1	0
      710	2023-08-09 08:02:34	37	0	1	0
     2608	2023-08-09 08:02:57	37	0	1	0
     1658	2023-08-09 08:06:07	37	0	1	0
     1129	2023-08-09 08:08:50	37	0	1	0
     1129	2023-08-09 08:08:52	37	0	1	0
     2041	2023-08-09 08:10:16	37	0	1	0
     2041	2023-08-09 08:10:18	37	0	1	0
      306	2023-08-09 08:18:43	37	0	1	0
     2239	2023-08-09 12:01:16	37	1	1	0
     2041	2023-08-09 12:03:46	37	1	1	0
      528	2023-08-09 12:03:54	37	1	1	0
     2239	2023-08-09 12:05:02	37	0	1	0
     2041	2023-08-09 12:11:54	37	0	1	0
      528	2023-08-09 12:11:56	37	0	1	0
     1871	2023-08-09 12:12:23	37	1	1	0
      318	2023-08-09 12:14:00	37	1	1	0
       51	2023-08-09 12:14:58	37	1	1	0
     1129	2023-08-09 12:15:06	37	1	1	0
     1129	2023-08-09 12:15:08	37	1	1	0
     1141	2023-08-09 12:15:40	37	1	1	0
      318	2023-08-09 12:16:28	37	0	1	0
     1871	2023-08-09 12:18:02	37	0	1	0
      710	2023-08-09 12:18:11	37	1	1	0
     2891	2023-08-09 12:18:16	37	1	1	0
     1283	2023-08-09 12:18:49	37	1	1	0
      435	2023-08-09 12:19:13	37	1	1	0
     1658	2023-08-09 12:19:28	37	1	1	0
      306	2023-08-09 12:19:35	37	1	1	0
      653	2023-08-09 12:19:44	37	1	1	0
      710	2023-08-09 12:20:09	37	0	1	0
     2608	2023-08-09 12:20:29	37	1	1	0
     1539	2023-08-09 12:21:05	37	1	1	0
     1539	2023-08-09 12:24:58	37	0	1	0
     1283	2023-08-09 12:25:03	37	0	1	0
      435	2023-08-09 12:25:07	37	0	1	0
      653	2023-08-09 12:27:36	37	0	1	0
     1141	2023-08-09 12:28:07	37	0	1	0
     2608	2023-08-09 12:29:26	37	0	1	0
       61	2023-08-09 12:29:43	37	1	1	0
      533	2023-08-09 12:30:14	37	0	1	0
      533	2023-08-09 12:30:22	37	1	1	0
     1052	2023-08-09 12:30:46	37	1	1	0
      211	2023-08-09 12:31:43	37	1	1	0
      211	2023-08-09 12:32:11	37	0	1	0
      533	2023-08-09 12:32:48	37	0	1	0
     1658	2023-08-09 12:33:08	37	0	1	0
     1052	2023-08-09 12:34:13	37	0	1	0
      306	2023-08-09 12:35:00	37	0	1	0
       51	2023-08-09 12:40:53	37	0	1	0
      910	2023-08-09 12:42:57	37	1	1	0
     2891	2023-08-09 12:43:48	37	0	1	0
     1129	2023-08-09 12:43:55	37	0	1	0
     1129	2023-08-09 12:43:57	37	0	1	0
      176	2023-08-09 12:50:17	37	1	1	0
      176	2023-08-09 12:50:19	37	1	1	0
      176	2023-08-09 12:51:13	37	0	1	0
      176	2023-08-09 12:51:14	37	0	1	0
      910	2023-08-09 12:54:17	37	0	1	0
       61	2023-08-09 12:58:56	37	0	1	0
     1539	2023-08-09 17:03:19	37	1	1	0
     1539	2023-08-09 17:03:21	37	1	1	0
     1658	2023-08-09 17:03:26	37	1	1	0
      533	2023-08-09 17:03:30	37	1	1	0
      435	2023-08-09 17:03:38	37	1	1	0
      653	2023-08-09 17:03:42	37	1	1	0
      653	2023-08-09 17:03:44	37	1	1	0
     1141	2023-08-09 17:03:53	37	1	1	0
     1141	2023-08-09 17:03:54	37	1	1	0
     2239	2023-08-09 17:03:58	37	1	1	0
     1283	2023-08-09 17:04:02	37	1	1	0
      910	2023-08-09 17:04:06	37	1	1	0
     2608	2023-08-09 17:04:18	37	1	1	0
      318	2023-08-09 17:04:34	37	1	1	0
     2041	2023-08-09 17:04:38	37	1	1	0
     2041	2023-08-09 17:04:42	37	1	1	0
       51	2023-08-09 17:04:48	37	1	1	0
      176	2023-08-09 17:04:52	37	1	1	0
      710	2023-08-09 17:05:01	37	1	1	0
      306	2023-08-09 17:07:28	37	1	1	0
     1129	2023-08-09 17:07:31	37	1	1	0
     1129	2023-08-09 17:07:33	37	1	1	0
      211	2023-08-09 17:07:38	37	1	1	0
      528	2023-08-09 17:08:03	37	1	1	0
     1052	2023-08-09 17:08:24	37	1	1	0
       61	2023-08-09 17:08:43	37	1	1	0
     2891	2023-08-09 17:09:14	37	0	1	0
     2891	2023-08-09 17:09:22	37	1	1	0
       61	2023-08-09 17:09:28	37	1	1	0
     1871	2023-08-09 17:09:32	37	1	1	0
      306	2023-08-09 17:12:48	37	1	1	0
      435	2023-08-10 07:10:14	37	0	1	0
      176	2023-08-10 07:15:31	37	0	1	0
      176	2023-08-10 07:15:32	37	0	1	0
      176	2023-08-10 07:15:34	37	0	1	0
     1283	2023-08-10 07:39:17	37	0	1	0
     2239	2023-08-10 07:40:34	37	0	1	0
     2891	2023-08-10 07:42:39	37	0	1	0
      653	2023-08-10 07:43:43	37	0	1	0
      653	2023-08-10 07:43:45	37	0	1	0
      528	2023-08-10 07:45:17	37	0	1	0
      533	2023-08-10 07:47:12	37	0	1	0
      710	2023-08-10 07:49:03	37	0	1	0
      710	2023-08-10 07:49:08	37	0	1	0
       51	2023-08-10 07:49:43	37	0	1	0
     2608	2023-08-10 07:54:16	37	0	1	0
      318	2023-08-10 07:55:18	37	0	1	0
      910	2023-08-10 07:55:47	37	0	1	0
      132	2023-08-10 07:55:49	37	0	1	0
       61	2023-08-10 07:56:53	37	0	1	0
     1658	2023-08-10 07:56:58	37	0	1	0
      211	2023-08-10 07:58:14	37	0	1	0
     1871	2023-08-10 07:58:33	37	0	1	0
     1129	2023-08-10 07:58:41	37	0	1	0
     1129	2023-08-10 07:58:43	37	0	1	0
     1539	2023-08-10 08:01:14	37	0	1	0
     1141	2023-08-10 08:04:20	37	0	1	0
     1141	2023-08-10 08:04:22	37	0	1	0
      306	2023-08-10 08:11:14	37	0	1	0
     2041	2023-08-10 08:12:40	37	0	1	0
     2041	2023-08-10 08:12:42	37	0	1	0
       51	2023-08-10 12:01:50	37	1	1	0
     2891	2023-08-10 12:02:28	37	0	1	0
     2891	2023-08-10 12:02:34	37	1	1	0
     2891	2023-08-10 12:02:39	37	1	1	0
     2608	2023-08-10 12:03:12	37	0	1	0
     2608	2023-08-10 12:03:18	37	1	1	0
     2608	2023-08-10 12:03:22	37	1	1	0
     2239	2023-08-10 12:03:59	37	1	1	0
      435	2023-08-10 12:04:56	37	1	1	0
     1658	2023-08-10 12:05:38	37	1	1	0
     2239	2023-08-10 12:08:02	37	0	1	0
      710	2023-08-10 12:10:44	37	1	1	0
      176	2023-08-10 12:12:31	37	1	1	0
      176	2023-08-10 12:12:33	37	1	1	0
      176	2023-08-10 12:12:36	37	1	1	0
     1871	2023-08-10 12:14:02	37	1	1	0
     2041	2023-08-10 12:17:53	37	1	1	0
      132	2023-08-10 12:18:01	37	1	1	0
     1658	2023-08-10 12:18:10	37	0	1	0
      653	2023-08-10 12:19:01	37	1	1	0
     1129	2023-08-10 12:20:06	37	1	1	0
     1129	2023-08-10 12:20:08	37	1	1	0
     1283	2023-08-10 12:20:14	37	1	1	0
     2041	2023-08-10 12:20:49	37	0	1	0
     1129	2023-08-10 12:21:06	37	0	1	0
     1129	2023-08-10 12:21:07	37	0	1	0
      710	2023-08-10 12:21:18	37	0	1	0
      318	2023-08-10 12:22:54	37	1	1	0
      435	2023-08-10 12:23:08	37	0	1	0
      318	2023-08-10 12:24:08	37	0	1	0
     1141	2023-08-10 12:25:53	37	1	1	0
      176	2023-08-10 12:33:01	37	0	1	0
      176	2023-08-10 12:33:05	37	0	1	0
     1871	2023-08-10 12:35:14	37	0	1	0
      910	2023-08-10 12:35:29	37	1	1	0
      653	2023-08-10 12:35:53	37	0	1	0
      653	2023-08-10 12:35:55	37	0	1	0
      910	2023-08-10 12:38:27	37	0	1	0
     2608	2023-08-10 12:39:08	37	0	1	0
     1539	2023-08-10 12:40:08	37	1	1	0
       51	2023-08-10 12:42:14	37	0	1	0
     1283	2023-08-10 12:42:25	37	0	1	0
      435	2023-08-10 12:42:34	37	0	1	0
     1141	2023-08-10 12:46:52	37	0	1	0
     1539	2023-08-10 12:50:21	37	0	1	0
      132	2023-08-10 12:51:48	37	0	1	0
       61	2023-08-10 12:51:53	37	1	1	0
     2891	2023-08-10 12:52:09	37	0	1	0
      528	2023-08-10 12:54:32	37	1	1	0
      528	2023-08-10 12:57:44	37	0	1	0
       61	2023-08-10 13:00:28	37	0	1	0
      710	2023-08-10 15:50:54	37	1	1	0
     1283	2023-08-10 17:00:03	37	1	1	0
      435	2023-08-10 17:00:08	37	1	1	0
     1141	2023-08-10 17:00:13	37	1	1	0
     1141	2023-08-10 17:00:14	37	1	1	0
     2608	2023-08-10 17:00:18	37	1	1	0
     1658	2023-08-10 17:01:03	37	1	1	0
     2891	2023-08-10 17:01:08	37	1	1	0
      653	2023-08-10 17:01:14	37	1	1	0
     2041	2023-08-10 17:01:18	37	1	1	0
     2041	2023-08-10 17:01:19	37	1	1	0
     2239	2023-08-10 17:01:22	37	1	1	0
     1539	2023-08-10 17:01:26	37	1	1	0
     1539	2023-08-10 17:01:27	37	1	1	0
      910	2023-08-10 17:01:35	37	1	1	0
       51	2023-08-10 17:02:08	37	1	1	0
      318	2023-08-10 17:02:14	37	1	1	0
      176	2023-08-10 17:02:22	37	1	1	0
       61	2023-08-10 17:02:30	37	1	1	0
     1129	2023-08-10 17:02:34	37	1	1	0
     1129	2023-08-10 17:02:36	37	1	1	0
      132	2023-08-10 17:02:42	37	1	1	0
      528	2023-08-10 17:02:46	37	1	1	0
      176	2023-08-10 17:04:12	37	1	1	0
      176	2023-08-10 17:04:13	37	1	1	0
      528	2023-08-10 17:05:24	37	1	1	0
      528	2023-08-10 17:05:26	37	1	1	0
      533	2023-08-10 17:08:31	37	1	1	0
      306	2023-08-10 17:09:24	37	1	1	0
      306	2023-08-10 17:09:27	37	1	1	0
      211	2023-08-10 17:10:19	37	1	1	0
     1871	2023-08-10 17:10:26	37	1	1	0
      435	2023-08-11 06:23:21	37	0	1	0
     2891	2023-08-11 07:41:09	37	0	1	0
     1283	2023-08-11 07:41:26	37	0	1	0
      533	2023-08-11 07:44:39	37	0	1	0
     2239	2023-08-11 07:51:47	37	0	1	0
       51	2023-08-11 07:55:12	37	0	1	0
      653	2023-08-11 07:55:42	37	0	1	0
      653	2023-08-11 07:55:44	37	0	1	0
       61	2023-08-11 07:57:51	37	0	1	0
      211	2023-08-11 07:58:04	37	0	1	0
     1141	2023-08-11 07:58:23	37	0	1	0
     1141	2023-08-11 07:58:25	37	0	1	0
      910	2023-08-11 08:00:16	37	0	1	0
      528	2023-08-11 08:00:36	37	0	1	0
     2608	2023-08-11 08:01:45	37	0	1	0
      132	2023-08-11 08:02:09	37	0	1	0
      710	2023-08-11 08:03:58	37	0	1	0
     1129	2023-08-11 08:05:29	37	0	1	0
     1129	2023-08-11 08:05:31	37	0	1	0
      318	2023-08-11 08:06:57	37	0	1	0
      306	2023-08-11 08:07:01	37	0	1	0
     1658	2023-08-11 08:07:06	37	0	1	0
     1539	2023-08-11 08:07:23	37	0	1	0
     1539	2023-08-11 08:07:25	37	0	1	0
     1871	2023-08-11 08:10:52	37	0	1	0
     1052	2023-08-11 08:10:56	37	0	1	0
      176	2023-08-11 08:21:14	37	0	1	0
      176	2023-08-11 08:21:17	37	0	1	0
     2239	2023-08-11 12:01:22	37	1	1	0
     2239	2023-08-11 12:05:27	37	0	1	0
     2891	2023-08-11 12:07:28	37	1	1	0
      132	2023-08-11 12:07:48	37	1	1	0
      533	2023-08-11 12:07:53	37	1	1	0
     2608	2023-08-11 12:08:24	37	1	1	0
     1871	2023-08-11 12:09:06	37	1	1	0
      318	2023-08-11 12:09:35	37	1	1	0
       51	2023-08-11 12:09:59	37	1	1	0
      533	2023-08-11 12:12:57	37	0	1	0
      910	2023-08-11 12:15:08	37	1	1	0
      710	2023-08-11 12:15:22	37	1	1	0
      710	2023-08-11 12:16:03	37	0	1	0
      910	2023-08-11 12:21:31	37	0	1	0
     2891	2023-08-11 12:25:16	37	0	1	0
     2608	2023-08-11 12:25:22	37	0	1	0
     1141	2023-08-11 12:25:35	37	1	1	0
     1141	2023-08-11 12:30:38	37	0	1	0
      435	2023-08-11 12:30:59	37	1	1	0
      653	2023-08-11 12:31:17	37	1	1	0
      528	2023-08-11 12:31:24	37	1	1	0
     1283	2023-08-11 12:31:28	37	1	1	0
      132	2023-08-11 12:31:38	37	1	1	0
      132	2023-08-11 12:31:46	37	0	1	0
     1052	2023-08-11 12:31:52	37	1	1	0
     1539	2023-08-11 12:33:08	37	1	1	0
     1658	2023-08-11 12:34:49	37	1	1	0
      176	2023-08-11 12:36:07	37	1	1	0
      176	2023-08-11 12:36:09	37	1	1	0
     1871	2023-08-11 12:36:40	37	0	1	0
      176	2023-08-11 12:37:28	37	0	1	0
      176	2023-08-11 12:38:09	37	0	1	0
      176	2023-08-11 12:38:11	37	0	1	0
      528	2023-08-11 12:39:00	37	1	1	0
      211	2023-08-11 12:39:41	37	1	1	0
      306	2023-08-11 12:40:05	37	1	1	0
      318	2023-08-11 12:40:12	37	0	1	0
     1129	2023-08-11 12:41:16	37	1	1	0
     1129	2023-08-11 12:41:18	37	1	1	0
       61	2023-08-11 12:43:04	37	1	1	0
       51	2023-08-11 12:43:24	37	0	1	0
      653	2023-08-11 12:43:52	37	0	1	0
      653	2023-08-11 12:43:55	37	0	1	0
      306	2023-08-11 12:46:58	37	0	1	0
     1129	2023-08-11 12:47:03	37	0	1	0
     1129	2023-08-11 12:47:04	37	0	1	0
     1539	2023-08-11 12:47:39	37	0	1	0
      435	2023-08-11 12:47:45	37	0	1	0
     1283	2023-08-11 12:49:03	37	0	1	0
     1658	2023-08-11 12:50:28	37	0	1	0
     1052	2023-08-11 12:51:34	37	0	1	0
       61	2023-08-11 12:59:14	37	0	1	0
      533	2023-08-11 17:01:24	37	1	1	0
     1052	2023-08-11 17:01:29	37	1	1	0
     1658	2023-08-11 17:01:40	37	1	1	0
     2891	2023-08-11 17:01:44	37	1	1	0
      211	2023-08-11 17:03:03	37	1	1	0
     2239	2023-08-11 17:03:08	37	1	1	0
     2608	2023-08-11 17:03:45	37	0	1	0
     2608	2023-08-11 17:03:50	37	1	1	0
     2608	2023-08-11 17:03:53	37	1	1	0
      132	2023-08-11 17:04:01	37	1	1	0
      435	2023-08-11 17:04:23	37	1	1	0
      176	2023-08-11 17:04:35	37	1	1	0
      176	2023-08-11 17:04:36	37	1	1	0
     1283	2023-08-11 17:04:41	37	1	1	0
      653	2023-08-11 17:04:45	37	1	1	0
     1141	2023-08-11 17:04:53	37	1	1	0
     1141	2023-08-11 17:04:55	37	1	1	0
      318	2023-08-11 17:05:23	37	1	1	0
       51	2023-08-11 17:05:32	37	1	1	0
     1539	2023-08-11 17:05:54	37	1	1	0
      910	2023-08-11 17:06:08	37	1	1	0
      910	2023-08-11 17:06:18	37	1	1	0
       61	2023-08-11 17:06:31	37	1	1	0
      710	2023-08-11 17:06:54	37	1	1	0
     1129	2023-08-11 17:07:04	37	1	1	0
     1129	2023-08-11 17:07:06	37	1	1	0
     1871	2023-08-11 17:07:12	37	1	1	0
      306	2023-08-11 17:08:00	37	1	1	0
      306	2023-08-11 17:08:02	37	1	1	0
      435	2023-08-14 06:47:52	37	0	1	0
      176	2023-08-14 07:24:23	37	0	1	0
      176	2023-08-14 07:24:25	37	0	1	0
      653	2023-08-14 07:42:18	37	0	1	0
      653	2023-08-14 07:42:20	37	0	1	0
       51	2023-08-14 07:44:46	37	0	1	0
     1283	2023-08-14 07:45:36	37	0	1	0
      132	2023-08-14 07:46:43	37	0	1	0
      528	2023-08-14 07:48:42	37	0	1	0
      118	2023-08-14 07:48:58	37	0	1	0
     2891	2023-08-14 07:49:13	37	0	1	0
      318	2023-08-14 07:51:17	37	0	1	0
      533	2023-08-14 07:51:22	37	0	1	0
     2239	2023-08-14 07:51:31	37	0	1	0
      306	2023-08-14 07:51:39	37	0	1	0
      211	2023-08-14 07:51:45	37	0	1	0
     2041	2023-08-14 07:53:02	37	0	1	0
     2041	2023-08-14 07:53:06	37	0	1	0
     2608	2023-08-14 07:55:12	37	0	1	0
       61	2023-08-14 07:56:53	37	0	1	0
      710	2023-08-14 07:57:59	37	0	1	0
     1539	2023-08-14 07:59:11	37	0	1	0
     1539	2023-08-14 07:59:16	37	0	1	0
     1658	2023-08-14 07:59:42	37	0	1	0
     1871	2023-08-14 07:59:54	37	0	1	0
     1052	2023-08-14 07:59:56	37	0	1	0
      910	2023-08-14 08:02:09	37	0	1	0
     1141	2023-08-14 08:02:14	37	0	1	0
     1141	2023-08-14 08:02:15	37	0	1	0
     1129	2023-08-14 08:11:37	37	0	1	0
     1129	2023-08-14 08:11:39	37	0	1	0
      533	2023-08-14 12:01:03	37	1	1	0
     2239	2023-08-14 12:01:07	37	1	1	0
       61	2023-08-14 12:03:16	37	1	1	0
     1658	2023-08-14 12:03:46	37	1	1	0
      132	2023-08-14 12:04:03	37	1	1	0
     2239	2023-08-14 12:05:04	37	0	1	0
      435	2023-08-14 12:09:36	37	1	1	0
      306	2023-08-14 12:11:39	37	1	1	0
     1539	2023-08-14 12:11:54	37	1	1	0
      211	2023-08-14 12:12:04	37	1	1	0
      533	2023-08-14 12:12:33	37	0	1	0
      118	2023-08-14 12:12:42	37	1	1	0
     2891	2023-08-14 12:12:46	37	1	1	0
      118	2023-08-14 12:13:05	37	0	1	0
     2891	2023-08-14 12:13:08	37	0	1	0
      306	2023-08-14 12:13:13	37	0	1	0
     2608	2023-08-14 12:13:39	37	1	1	0
     2041	2023-08-14 12:13:45	37	1	1	0
     1283	2023-08-14 12:14:07	37	1	1	0
      653	2023-08-14 12:14:53	37	1	1	0
     2041	2023-08-14 12:15:14	37	0	1	0
     2041	2023-08-14 12:15:16	37	0	1	0
     1141	2023-08-14 12:18:53	37	1	1	0
      318	2023-08-14 12:21:33	37	1	1	0
     1052	2023-08-14 12:25:01	37	1	1	0
     1141	2023-08-14 12:26:38	37	0	1	0
     1871	2023-08-14 12:27:22	37	1	1	0
       51	2023-08-14 12:27:36	37	1	1	0
     1658	2023-08-14 12:28:23	37	0	1	0
     1129	2023-08-14 12:28:59	37	1	1	0
     1129	2023-08-14 12:29:00	37	1	1	0
      435	2023-08-14 12:30:35	37	0	1	0
      653	2023-08-14 12:30:39	37	0	1	0
      653	2023-08-14 12:30:42	37	0	1	0
     1052	2023-08-14 12:31:13	37	0	1	0
     1129	2023-08-14 12:31:45	37	0	1	0
     1129	2023-08-14 12:31:47	37	0	1	0
      318	2023-08-14 12:32:04	37	0	1	0
     1871	2023-08-14 12:35:43	37	0	1	0
      910	2023-08-14 12:35:52	37	1	1	0
     2608	2023-08-14 12:36:42	37	0	1	0
      910	2023-08-14 12:40:04	37	0	1	0
      710	2023-08-14 12:40:14	37	1	1	0
     1283	2023-08-14 12:41:56	37	0	1	0
      710	2023-08-14 12:43:59	37	0	1	0
     1539	2023-08-14 12:44:07	37	0	1	0
     1539	2023-08-14 12:44:09	37	0	1	0
      176	2023-08-14 12:51:43	37	1	1	0
      176	2023-08-14 12:51:47	37	1	1	0
       51	2023-08-14 12:52:04	37	0	1	0
      176	2023-08-14 12:52:15	37	0	1	0
      176	2023-08-14 12:52:16	37	0	1	0
      211	2023-08-14 12:52:23	37	0	1	0
       61	2023-08-14 12:55:12	37	0	1	0
      132	2023-08-14 12:57:03	37	0	1	0
     1539	2023-08-14 17:00:31	37	1	1	0
     1539	2023-08-14 17:01:02	37	1	1	0
      653	2023-08-14 17:01:06	37	1	1	0
      435	2023-08-14 17:01:09	37	1	1	0
     1283	2023-08-14 17:01:13	37	1	1	0
     1658	2023-08-14 17:01:18	37	0	1	0
     1658	2023-08-14 17:01:28	37	1	1	0
     2041	2023-08-14 17:01:36	37	1	1	0
     2041	2023-08-14 17:01:38	37	1	1	0
      533	2023-08-14 17:01:41	37	1	1	0
     2608	2023-08-14 17:01:46	37	1	1	0
     1052	2023-08-14 17:01:52	37	1	1	0
     2239	2023-08-14 17:01:55	37	1	1	0
      910	2023-08-14 17:03:06	37	1	1	0
     1141	2023-08-14 17:03:31	37	1	1	0
     1141	2023-08-14 17:03:32	37	1	1	0
      710	2023-08-14 17:04:02	37	1	1	0
      176	2023-08-14 17:04:09	37	1	1	0
      132	2023-08-14 17:04:16	37	1	1	0
      318	2023-08-14 17:04:22	37	1	1	0
      211	2023-08-14 17:04:26	37	1	1	0
       51	2023-08-14 17:04:39	37	1	1	0
      528	2023-08-14 17:04:44	37	1	1	0
      118	2023-08-14 17:04:48	37	1	1	0
     2891	2023-08-14 17:04:53	37	1	1	0
       61	2023-08-14 17:04:59	37	1	1	0
     1129	2023-08-14 17:05:03	37	1	1	0
     1871	2023-08-14 17:05:07	37	1	1	0
      306	2023-08-14 17:05:17	37	1	1	0
      435	2023-08-15 06:32:57	37	0	1	0
      176	2023-08-15 07:11:37	37	0	1	0
      176	2023-08-15 07:11:39	37	0	1	0
      176	2023-08-15 07:11:41	37	0	1	0
      176	2023-08-15 07:11:42	37	0	1	0
      132	2023-08-15 07:33:13	37	0	1	0
     1283	2023-08-15 07:35:28	37	0	1	0
     2239	2023-08-15 07:37:40	37	0	1	0
      653	2023-08-15 07:44:44	37	0	1	0
     2608	2023-08-15 07:46:09	37	0	1	0
     2891	2023-08-15 07:48:21	37	0	1	0
      118	2023-08-15 07:48:33	37	0	1	0
      533	2023-08-15 07:49:53	37	0	1	0
     1658	2023-08-15 07:50:10	37	0	1	0
      910	2023-08-15 07:54:11	37	0	1	0
      910	2023-08-15 07:54:13	37	0	1	0
      710	2023-08-15 07:55:42	37	0	1	0
      710	2023-08-15 07:55:44	37	0	1	0
      318	2023-08-15 07:56:34	37	0	1	0
     1871	2023-08-15 07:57:38	37	0	1	0
      306	2023-08-15 07:57:51	37	0	1	0
       51	2023-08-15 07:58:18	37	0	1	0
     1539	2023-08-15 07:58:53	37	0	1	0
     1539	2023-08-15 07:58:55	37	0	1	0
     1129	2023-08-15 07:59:09	37	0	1	0
     1129	2023-08-15 07:59:11	37	0	1	0
       61	2023-08-15 07:59:37	37	0	1	0
      528	2023-08-15 07:59:56	37	0	1	0
      211	2023-08-15 08:01:05	37	0	1	0
     1052	2023-08-15 08:01:07	37	0	1	0
     1141	2023-08-15 08:09:48	37	0	1	0
     1141	2023-08-15 08:09:49	37	0	1	0
     2041	2023-08-15 08:12:21	37	0	1	0
     2041	2023-08-15 08:12:23	37	0	1	0
     2239	2023-08-15 12:01:01	37	1	1	0
     1658	2023-08-15 12:01:51	37	1	1	0
     2891	2023-08-15 12:02:33	37	0	1	0
     2891	2023-08-15 12:02:38	37	1	1	0
     2239	2023-08-15 12:06:09	37	0	1	0
       61	2023-08-15 12:08:41	37	1	1	0
     1052	2023-08-15 12:08:51	37	1	1	0
     2041	2023-08-15 12:09:03	37	1	1	0
      435	2023-08-15 12:10:08	37	1	1	0
      653	2023-08-15 12:10:12	37	1	1	0
     1283	2023-08-15 12:10:18	37	1	1	0
     2041	2023-08-15 12:12:52	37	0	1	0
     2041	2023-08-15 12:12:55	37	0	1	0
     1052	2023-08-15 12:13:00	37	0	1	0
      118	2023-08-15 12:14:40	37	1	1	0
      533	2023-08-15 12:15:22	37	1	1	0
       61	2023-08-15 12:16:04	37	0	1	0
     1539	2023-08-15 12:17:10	37	1	1	0
      211	2023-08-15 12:17:13	37	1	1	0
     2608	2023-08-15 12:18:06	37	1	1	0
     1141	2023-08-15 12:18:44	37	1	1	0
       61	2023-08-15 12:18:57	37	0	1	0
      176	2023-08-15 12:19:24	37	1	1	0
      176	2023-08-15 12:19:26	37	1	1	0
     1658	2023-08-15 12:20:19	37	0	1	0
     1871	2023-08-15 12:20:31	37	0	1	0
      435	2023-08-15 12:20:51	37	0	1	0
     1283	2023-08-15 12:20:56	37	0	1	0
      653	2023-08-15 12:22:21	37	0	1	0
     1141	2023-08-15 12:25:48	37	0	1	0
      710	2023-08-15 12:26:20	37	1	1	0
      710	2023-08-15 12:29:10	37	0	1	0
     2891	2023-08-15 12:29:37	37	0	1	0
      306	2023-08-15 12:29:50	37	1	1	0
      910	2023-08-15 12:30:30	37	1	1	0
      910	2023-08-15 12:32:31	37	0	1	0
     1871	2023-08-15 12:32:41	37	0	1	0
       51	2023-08-15 12:33:25	37	1	1	0
      528	2023-08-15 12:33:49	37	1	1	0
      318	2023-08-15 12:33:53	37	1	1	0
       51	2023-08-15 12:36:27	37	0	1	0
      533	2023-08-15 12:36:39	37	0	1	0
      318	2023-08-15 12:37:26	37	0	1	0
      132	2023-08-15 12:37:35	37	1	1	0
     2608	2023-08-15 12:38:06	37	0	1	0
      176	2023-08-15 12:38:41	37	0	1	0
      176	2023-08-15 12:38:43	37	0	1	0
      132	2023-08-15 12:39:03	37	0	1	0
      528	2023-08-15 12:41:59	37	1	1	0
      528	2023-08-15 12:42:08	37	0	1	0
     1129	2023-08-15 12:44:50	37	1	1	0
     1129	2023-08-15 12:44:52	37	1	1	0
     1129	2023-08-15 12:46:03	37	0	1	0
     1129	2023-08-15 12:46:05	37	0	1	0
     1539	2023-08-15 12:48:56	37	0	1	0
     1539	2023-08-15 12:48:58	37	0	1	0
      306	2023-08-15 12:53:56	37	0	1	0
      118	2023-08-15 12:54:01	37	0	1	0
      211	2023-08-15 12:54:10	37	0	1	0
     1658	2023-08-15 17:01:03	37	1	1	0
     1052	2023-08-15 17:01:05	37	1	1	0
     2041	2023-08-15 17:01:08	37	1	1	0
     2041	2023-08-15 17:01:09	37	1	1	0
      533	2023-08-15 17:01:12	37	1	1	0
      176	2023-08-15 17:01:16	37	1	1	0
     2608	2023-08-15 17:01:21	37	1	1	0
      132	2023-08-15 17:01:26	37	1	1	0
      318	2023-08-15 17:01:30	37	1	1	0
      435	2023-08-15 17:01:32	37	1	1	0
       51	2023-08-15 17:01:38	37	1	1	0
     1283	2023-08-15 17:01:42	37	1	1	0
     1141	2023-08-15 17:01:45	37	1	1	0
     1141	2023-08-15 17:01:47	37	1	1	0
      653	2023-08-15 17:01:51	37	1	1	0
     1539	2023-08-15 17:01:54	37	1	1	0
     1539	2023-08-15 17:01:56	37	1	1	0
      710	2023-08-15 17:02:00	37	1	1	0
     1129	2023-08-15 17:02:04	37	1	1	0
     1129	2023-08-15 17:02:05	37	1	1	0
       61	2023-08-15 17:02:09	37	1	1	0
     2891	2023-08-15 17:02:14	37	1	1	0
     2239	2023-08-15 17:02:19	37	1	1	0
      528	2023-08-15 17:02:22	37	1	1	0
      211	2023-08-15 17:02:25	37	1	1	0
      306	2023-08-15 17:02:29	37	1	1	0
      910	2023-08-15 17:02:33	37	0	1	0
      910	2023-08-15 17:02:37	37	1	1	0
     1871	2023-08-15 17:02:40	37	1	1	0
      118	2023-08-15 17:40:49	37	1	1	0
      435	2023-08-16 06:45:22	37	0	1	0
      653	2023-08-16 07:36:35	37	0	1	0
     1283	2023-08-16 07:44:04	37	0	1	0
      910	2023-08-16 07:44:25	37	0	1	0
     2239	2023-08-16 07:45:35	37	0	1	0
      132	2023-08-16 07:45:43	37	0	1	0
     2891	2023-08-16 07:48:03	37	0	1	0
      118	2023-08-16 07:48:11	37	0	1	0
      533	2023-08-16 07:50:55	37	0	1	0
      318	2023-08-16 07:51:49	37	0	1	0
       51	2023-08-16 07:54:32	37	0	1	0
     2041	2023-08-16 07:55:49	37	0	1	0
     2041	2023-08-16 07:55:51	37	0	1	0
      306	2023-08-16 07:57:12	37	0	1	0
     1871	2023-08-16 07:59:54	37	0	1	0
     2608	2023-08-16 08:00:00	37	0	1	0
     1539	2023-08-16 08:00:20	37	0	1	0
     1539	2023-08-16 08:00:22	37	0	1	0
     1129	2023-08-16 08:00:59	37	0	1	0
     1141	2023-08-16 08:03:59	37	0	1	0
     1141	2023-08-16 08:04:00	37	0	1	0
     1658	2023-08-16 08:05:44	37	0	1	0
      528	2023-08-16 08:08:15	37	0	1	0
       61	2023-08-16 08:10:34	37	0	1	0
      176	2023-08-16 08:14:50	37	0	1	0
      176	2023-08-16 08:14:51	37	0	1	0
      710	2023-08-16 08:16:19	37	0	1	0
     1052	2023-08-16 08:17:24	37	0	1	0
      211	2023-08-16 08:51:31	37	0	1	0
     1129	2023-08-16 12:00:37	37	1	1	0
       51	2023-08-16 12:00:47	37	1	1	0
     2239	2023-08-16 12:01:21	37	1	1	0
      710	2023-08-16 12:01:48	37	1	1	0
     1658	2023-08-16 12:03:41	37	1	1	0
     1871	2023-08-16 12:03:47	37	1	1	0
      710	2023-08-16 12:04:04	37	1	1	0
      710	2023-08-16 12:04:13	37	0	1	0
     2608	2023-08-16 12:04:44	37	1	1	0
      318	2023-08-16 12:05:24	37	1	1	0
      132	2023-08-16 12:05:36	37	1	1	0
     2239	2023-08-16 12:06:03	37	0	1	0
      435	2023-08-16 12:07:04	37	1	1	0
      910	2023-08-16 12:10:07	37	1	1	0
     2891	2023-08-16 12:10:32	37	1	1	0
      653	2023-08-16 12:10:58	37	1	1	0
     1283	2023-08-16 12:11:02	37	1	1	0
      910	2023-08-16 12:12:03	37	0	1	0
      306	2023-08-16 12:18:41	37	1	1	0
      318	2023-08-16 12:20:04	37	0	1	0
     1658	2023-08-16 12:20:17	37	0	1	0
      533	2023-08-16 12:21:31	37	1	1	0
     1141	2023-08-16 12:21:43	37	1	1	0
      435	2023-08-16 12:22:11	37	0	1	0
       51	2023-08-16 12:25:11	37	0	1	0
       61	2023-08-16 12:25:24	37	1	1	0
     2891	2023-08-16 12:25:34	37	1	1	0
     2891	2023-08-16 12:25:45	37	0	1	0
      653	2023-08-16 12:26:13	37	0	1	0
     2041	2023-08-16 12:28:20	37	1	1	0
     1052	2023-08-16 12:28:22	37	1	1	0
     1283	2023-08-16 12:30:18	37	0	1	0
     2041	2023-08-16 12:31:05	37	0	1	0
     2041	2023-08-16 12:31:06	37	0	1	0
     1052	2023-08-16 12:31:09	37	0	1	0
     1141	2023-08-16 12:32:33	37	0	1	0
      211	2023-08-16 12:34:33	37	1	1	0
     2608	2023-08-16 12:38:09	37	0	1	0
      211	2023-08-16 12:42:15	37	0	1	0
      528	2023-08-16 12:43:57	37	1	1	0
     1871	2023-08-16 12:44:07	37	0	1	0
      306	2023-08-16 12:44:29	37	0	1	0
       61	2023-08-16 12:44:58	37	0	1	0
      528	2023-08-16 12:45:04	37	0	1	0
      118	2023-08-16 12:46:16	37	1	1	0
      533	2023-08-16 12:46:34	37	0	1	0
      118	2023-08-16 12:53:50	37	0	1	0
     1539	2023-08-16 12:57:39	37	1	1	0
     1539	2023-08-16 12:58:24	37	0	1	0
     1129	2023-08-16 12:58:28	37	0	1	0
     1129	2023-08-16 12:58:30	37	0	1	0
      176	2023-08-16 12:58:36	37	1	1	0
      176	2023-08-16 12:58:37	37	1	1	0
     1539	2023-08-16 12:58:44	37	0	1	0
      176	2023-08-16 12:59:09	37	0	1	0
      176	2023-08-16 12:59:11	37	0	1	0
     1052	2023-08-16 17:01:23	37	1	1	0
     2041	2023-08-16 17:01:26	37	1	1	0
     2041	2023-08-16 17:01:28	37	1	1	0
      435	2023-08-16 17:01:34	37	1	1	0
      653	2023-08-16 17:01:39	37	1	1	0
      176	2023-08-16 17:01:45	37	1	1	0
     1658	2023-08-16 17:01:49	37	1	1	0
      533	2023-08-16 17:01:55	37	1	1	0
     2608	2023-08-16 17:02:03	37	1	1	0
       51	2023-08-16 17:02:07	37	1	1	0
     1539	2023-08-16 17:02:12	37	1	1	0
     1283	2023-08-16 17:02:16	37	1	1	0
      710	2023-08-16 17:02:21	37	1	1	0
     1141	2023-08-16 17:02:25	37	1	1	0
     1141	2023-08-16 17:02:27	37	1	1	0
      318	2023-08-16 17:02:31	37	1	1	0
      211	2023-08-16 17:02:34	37	1	1	0
     2239	2023-08-16 17:02:38	37	1	1	0
     1129	2023-08-16 17:02:40	37	1	1	0
     1129	2023-08-16 17:02:42	37	1	1	0
      528	2023-08-16 17:03:13	37	1	1	0
      306	2023-08-16 17:03:28	37	1	1	0
     2891	2023-08-16 17:03:33	37	1	1	0
      118	2023-08-16 17:03:40	37	1	1	0
       61	2023-08-16 17:03:47	37	1	1	0
      211	2023-08-16 18:02:56	37	1	1	0
      910	2023-08-16 18:06:24	37	1	1	0
     1871	2023-08-16 18:06:36	37	1	1	0
      435	2023-08-17 06:50:56	37	0	1	0
      910	2023-08-17 07:24:30	37	0	1	0
      910	2023-08-17 07:24:32	37	0	1	0
      132	2023-08-17 07:38:55	37	0	1	0
     2239	2023-08-17 07:44:55	37	0	1	0
     2608	2023-08-17 07:49:31	37	0	1	0
      118	2023-08-17 07:50:18	37	0	1	0
     2891	2023-08-17 07:50:22	37	0	1	0
      533	2023-08-17 07:52:05	37	0	1	0
     1283	2023-08-17 07:53:25	37	0	1	0
      653	2023-08-17 07:54:52	37	0	1	0
      653	2023-08-17 07:54:54	37	0	1	0
     1871	2023-08-17 07:55:36	37	0	1	0
     1141	2023-08-17 07:57:12	37	0	1	0
     1141	2023-08-17 07:57:15	37	0	1	0
      211	2023-08-17 07:58:20	37	0	1	0
     1539	2023-08-17 07:58:55	37	0	1	0
       61	2023-08-17 07:59:02	37	0	1	0
     1539	2023-08-17 07:59:09	37	0	1	0
      710	2023-08-17 08:00:53	37	0	1	0
      710	2023-08-17 08:00:55	37	0	1	0
     1129	2023-08-17 08:01:49	37	0	1	0
     1129	2023-08-17 08:01:51	37	0	1	0
      318	2023-08-17 08:04:48	37	0	1	0
      528	2023-08-17 08:06:14	37	0	1	0
       51	2023-08-17 08:09:40	37	0	1	0
     2041	2023-08-17 08:11:23	37	0	1	0
     2041	2023-08-17 08:11:24	37	0	1	0
     1658	2023-08-17 08:12:14	37	0	1	0
     1052	2023-08-17 08:17:10	37	0	1	0
      176	2023-08-17 08:20:35	37	0	1	0
      176	2023-08-17 08:20:37	37	0	1	0
     2239	2023-08-17 12:01:07	37	1	1	0
     1871	2023-08-17 12:01:22	37	1	1	0
     2239	2023-08-17 12:06:03	37	0	1	0
       51	2023-08-17 12:06:17	37	1	1	0
      528	2023-08-17 12:09:12	37	1	1	0
      132	2023-08-17 12:10:31	37	1	1	0
     1658	2023-08-17 12:11:25	37	1	1	0
     1129	2023-08-17 12:11:29	37	1	1	0
     1129	2023-08-17 12:11:31	37	1	1	0
      318	2023-08-17 12:12:45	37	1	1	0
      528	2023-08-17 12:15:14	37	0	1	0
      211	2023-08-17 12:16:53	37	1	1	0
      435	2023-08-17 12:17:54	37	1	1	0
      710	2023-08-17 12:17:57	37	1	1	0
     1283	2023-08-17 12:18:00	37	1	1	0
     1052	2023-08-17 12:18:11	37	1	1	0
     1539	2023-08-17 12:18:52	37	1	1	0
      653	2023-08-17 12:18:57	37	1	1	0
      176	2023-08-17 12:21:21	37	1	1	0
      910	2023-08-17 12:22:16	37	1	1	0
      710	2023-08-17 12:23:43	37	0	1	0
     1283	2023-08-17 12:27:01	37	0	1	0
      653	2023-08-17 12:27:05	37	0	1	0
      176	2023-08-17 12:27:10	37	0	1	0
      176	2023-08-17 12:27:11	37	0	1	0
      653	2023-08-17 12:27:15	37	0	1	0
     1539	2023-08-17 12:27:25	37	0	1	0
     1539	2023-08-17 12:27:31	37	0	1	0
     1052	2023-08-17 12:27:34	37	0	1	0
      435	2023-08-17 12:27:37	37	0	1	0
     2608	2023-08-17 12:28:07	37	1	1	0
      306	2023-08-17 12:36:47	37	0	1	0
      306	2023-08-17 12:36:51	37	0	1	0
      211	2023-08-17 12:38:53	37	0	1	0
     2608	2023-08-17 12:41:14	37	0	1	0
     1141	2023-08-17 12:42:11	37	1	1	0
      318	2023-08-17 12:42:20	37	0	1	0
     1871	2023-08-17 12:42:54	37	0	1	0
       61	2023-08-17 12:43:07	37	1	1	0
      132	2023-08-17 12:43:14	37	1	1	0
       51	2023-08-17 12:43:49	37	0	1	0
      910	2023-08-17 12:44:35	37	0	1	0
     1141	2023-08-17 12:49:55	37	0	1	0
       61	2023-08-17 12:56:38	37	0	1	0
      132	2023-08-17 12:58:01	37	0	1	0
     1129	2023-08-17 12:58:10	37	0	1	0
     1129	2023-08-17 12:58:12	37	0	1	0
     2891	2023-08-17 12:58:29	37	0	1	0
     2891	2023-08-17 12:58:35	37	0	1	0
     2891	2023-08-17 12:58:44	37	1	1	0
      533	2023-08-17 12:58:54	37	1	1	0
     2891	2023-08-17 12:59:11	37	0	1	0
      533	2023-08-17 13:00:04	37	0	1	0
       51	2023-08-17 15:07:50	37	1	1	0
     1052	2023-08-17 17:01:05	37	1	1	0
     1141	2023-08-17 17:01:09	37	1	1	0
     1141	2023-08-17 17:01:10	37	1	1	0
     2239	2023-08-17 17:01:15	37	1	1	0
      176	2023-08-17 17:01:19	37	1	1	0
      176	2023-08-17 17:01:21	37	1	1	0
      435	2023-08-17 17:01:25	37	1	1	0
     1283	2023-08-17 17:01:29	37	1	1	0
     1539	2023-08-17 17:01:32	37	1	1	0
     1539	2023-08-17 17:01:34	37	1	1	0
     2608	2023-08-17 17:01:39	37	1	1	0
      132	2023-08-17 17:01:44	37	1	1	0
     2891	2023-08-17 17:01:48	37	1	1	0
      533	2023-08-17 17:01:52	37	1	1	0
      710	2023-08-17 17:01:55	37	1	1	0
      653	2023-08-17 17:02:00	37	1	1	0
      318	2023-08-17 17:02:04	37	1	1	0
     1129	2023-08-17 17:02:07	37	1	1	0
     1129	2023-08-17 17:02:08	37	1	1	0
     2041	2023-08-17 17:02:11	37	1	1	0
     2041	2023-08-17 17:02:12	37	1	1	0
      528	2023-08-17 17:02:34	37	1	1	0
       61	2023-08-17 17:02:38	37	1	1	0
      306	2023-08-17 17:02:54	37	1	1	0
     1871	2023-08-17 17:03:05	37	1	1	0
      910	2023-08-17 17:03:10	37	1	1	0
      211	2023-08-17 17:03:45	37	1	1	0
      306	2023-08-17 17:04:00	37	1	1	0
      118	2023-08-17 17:42:10	37	1	1	0
      435	2023-08-18 06:28:19	37	0	1	0
      910	2023-08-18 07:24:02	37	0	1	0
     2239	2023-08-18 07:37:18	37	0	1	0
     1283	2023-08-18 07:41:58	37	0	1	0
      132	2023-08-18 07:44:13	37	0	1	0
      118	2023-08-18 07:49:22	37	0	1	0
     2891	2023-08-18 07:49:26	37	0	1	0
     2608	2023-08-18 07:49:49	37	0	1	0
      533	2023-08-18 07:51:48	37	0	1	0
       51	2023-08-18 07:54:20	37	0	1	0
     1129	2023-08-18 07:54:25	37	0	1	0
     1129	2023-08-18 07:54:27	37	0	1	0
      176	2023-08-18 07:55:33	37	0	1	0
      176	2023-08-18 07:55:35	37	0	1	0
      176	2023-08-18 07:55:37	37	0	1	0
      710	2023-08-18 07:55:46	37	0	1	0
     1658	2023-08-18 07:56:08	37	0	1	0
      528	2023-08-18 07:56:14	37	0	1	0
      211	2023-08-18 07:56:21	37	0	1	0
     1871	2023-08-18 07:58:22	37	0	1	0
      306	2023-08-18 07:58:33	37	0	1	0
       61	2023-08-18 07:59:26	37	0	1	0
      318	2023-08-18 08:01:26	37	0	1	0
     1052	2023-08-18 08:01:44	37	0	1	0
     1539	2023-08-18 08:05:17	37	0	1	0
     1539	2023-08-18 08:05:19	37	0	1	0
     2041	2023-08-18 08:08:04	37	0	1	0
     2041	2023-08-18 08:08:08	37	0	1	0
     1141	2023-08-18 08:12:13	37	0	1	0
     1141	2023-08-18 08:12:14	37	0	1	0
       61	2023-08-18 12:01:06	37	1	1	0
      211	2023-08-18 12:01:10	37	1	1	0
     1658	2023-08-18 12:01:15	37	1	1	0
      132	2023-08-18 12:01:20	37	1	1	0
     2239	2023-08-18 12:01:26	37	0	1	0
     2239	2023-08-18 12:01:31	37	1	1	0
     1871	2023-08-18 12:01:34	37	1	1	0
       51	2023-08-18 12:03:42	37	1	1	0
     2041	2023-08-18 12:03:49	37	1	1	0
      710	2023-08-18 12:04:22	37	1	1	0
     1129	2023-08-18 12:04:28	37	1	1	0
     1129	2023-08-18 12:04:30	37	1	1	0
      176	2023-08-18 12:05:36	37	1	1	0
     2041	2023-08-18 12:06:03	37	0	1	0
     2239	2023-08-18 12:06:08	37	0	1	0
      176	2023-08-18 12:06:19	37	0	1	0
      176	2023-08-18 12:06:20	37	0	1	0
      176	2023-08-18 12:06:27	37	1	1	0
      176	2023-08-18 12:06:29	37	1	1	0
      710	2023-08-18 12:07:32	37	0	1	0
      176	2023-08-18 12:10:49	37	0	1	0
      176	2023-08-18 12:10:51	37	0	1	0
      176	2023-08-18 12:10:52	37	0	1	0
     1658	2023-08-18 12:11:13	37	0	1	0
      435	2023-08-18 12:13:28	37	1	1	0
     1283	2023-08-18 12:13:34	37	1	1	0
     2608	2023-08-18 12:15:29	37	1	1	0
      306	2023-08-18 12:16:42	37	1	1	0
      118	2023-08-18 12:19:21	37	1	1	0
      306	2023-08-18 12:19:31	37	0	1	0
      211	2023-08-18 12:19:34	37	0	1	0
     1539	2023-08-18 12:26:29	37	1	1	0
     1539	2023-08-18 12:27:13	37	0	1	0
      435	2023-08-18 12:27:51	37	0	1	0
     1283	2023-08-18 12:28:13	37	0	1	0
      318	2023-08-18 12:33:51	37	1	1	0
      318	2023-08-18 12:35:09	37	0	1	0
     2608	2023-08-18 12:37:08	37	0	1	0
      910	2023-08-18 12:38:37	37	1	1	0
     1141	2023-08-18 12:40:00	37	1	1	0
       51	2023-08-18 12:40:14	37	0	1	0
     1871	2023-08-18 12:40:54	37	0	1	0
      118	2023-08-18 12:42:12	37	0	1	0
      528	2023-08-18 12:43:00	37	1	1	0
     1141	2023-08-18 12:44:15	37	0	1	0
      528	2023-08-18 12:44:19	37	0	1	0
       61	2023-08-18 12:45:06	37	0	1	0
      910	2023-08-18 12:45:19	37	0	1	0
     1129	2023-08-18 12:45:43	37	0	1	0
      118	2023-08-18 12:47:34	37	0	1	0
       61	2023-08-18 12:57:39	37	0	1	0
     1539	2023-08-18 17:01:02	37	1	1	0
      435	2023-08-18 17:01:50	37	1	1	0
      910	2023-08-18 17:02:02	37	1	1	0
      533	2023-08-18 17:02:24	37	0	1	0
      533	2023-08-18 17:02:30	37	1	1	0
     1141	2023-08-18 17:02:46	37	1	1	0
     1141	2023-08-18 17:02:47	37	1	1	0
      176	2023-08-18 17:02:55	37	1	1	0
      176	2023-08-18 17:03:00	37	1	1	0
      211	2023-08-18 17:03:22	37	1	1	0
     1283	2023-08-18 17:03:28	37	1	1	0
     2608	2023-08-18 17:03:33	37	1	1	0
     2239	2023-08-18 17:03:39	37	1	1	0
     1658	2023-08-18 17:04:05	37	1	1	0
       51	2023-08-18 17:04:22	37	1	1	0
      318	2023-08-18 17:04:28	37	1	1	0
     1129	2023-08-18 17:04:35	37	1	1	0
     1129	2023-08-18 17:04:37	37	1	1	0
      710	2023-08-18 17:04:41	37	1	1	0
     2041	2023-08-18 17:04:44	37	1	1	0
     2041	2023-08-18 17:04:46	37	1	1	0
     1052	2023-08-18 17:04:54	37	1	1	0
      528	2023-08-18 17:05:26	37	1	1	0
     2891	2023-08-18 17:06:59	37	0	1	0
      306	2023-08-18 17:07:17	37	1	1	0
      118	2023-08-18 17:07:44	37	1	1	0
       61	2023-08-18 17:07:55	37	1	1	0
     1871	2023-08-18 17:08:00	37	1	1	0
      435	2023-08-22 06:56:08	37	0	1	0
     1283	2023-08-22 07:30:37	37	0	1	0
     2041	2023-08-22 07:32:38	37	0	1	0
     2041	2023-08-22 07:32:39	37	0	1	0
      132	2023-08-22 07:39:20	37	0	1	0
      653	2023-08-22 07:40:15	37	0	1	0
      653	2023-08-22 07:40:18	37	0	1	0
     2239	2023-08-22 07:40:54	37	0	1	0
     2891	2023-08-22 07:43:33	37	0	1	0
       51	2023-08-22 07:48:27	37	0	1	0
     2608	2023-08-22 07:50:30	37	0	1	0
      211	2023-08-22 07:55:11	37	0	1	0
     1141	2023-08-22 07:55:58	37	0	1	0
     1141	2023-08-22 07:56:02	37	0	1	0
      528	2023-08-22 07:56:46	37	0	1	0
      318	2023-08-22 07:57:36	37	0	1	0
     1871	2023-08-22 07:59:05	37	0	1	0
      533	2023-08-22 07:59:23	37	0	1	0
      306	2023-08-22 07:59:31	37	0	1	0
     1052	2023-08-22 07:59:35	37	0	1	0
       61	2023-08-22 08:00:57	37	0	1	0
      710	2023-08-22 08:01:53	37	0	1	0
      710	2023-08-22 08:01:56	37	0	1	0
     1539	2023-08-22 08:02:20	37	0	1	0
     1129	2023-08-22 08:04:54	37	0	1	0
     1129	2023-08-22 08:04:57	37	0	1	0
      176	2023-08-22 08:10:53	37	0	1	0
      176	2023-08-22 08:10:54	37	0	1	0
     2239	2023-08-22 12:01:02	37	1	1	0
      533	2023-08-22 12:01:17	37	1	1	0
     1052	2023-08-22 12:05:38	37	1	1	0
     2239	2023-08-22 12:06:02	37	0	1	0
     1871	2023-08-22 12:07:12	37	1	1	0
      132	2023-08-22 12:07:18	37	1	1	0
     2891	2023-08-22 12:07:43	37	1	1	0
     1052	2023-08-22 12:09:53	37	0	1	0
     1141	2023-08-22 12:11:05	37	1	1	0
     2041	2023-08-22 12:12:18	37	1	1	0
      318	2023-08-22 12:13:27	37	1	1	0
     2041	2023-08-22 12:14:03	37	0	1	0
     2041	2023-08-22 12:14:05	37	0	1	0
      528	2023-08-22 12:14:52	37	1	1	0
      318	2023-08-22 12:15:05	37	0	1	0
     1283	2023-08-22 12:16:31	37	1	1	0
      653	2023-08-22 12:16:39	37	1	1	0
      435	2023-08-22 12:17:04	37	0	1	0
      435	2023-08-22 12:17:12	37	1	1	0
     2891	2023-08-22 12:20:13	37	0	1	0
       51	2023-08-22 12:22:48	37	1	1	0
       51	2023-08-22 12:23:10	37	0	1	0
      435	2023-08-22 12:23:30	37	0	1	0
      533	2023-08-22 12:23:37	37	0	1	0
     1539	2023-08-22 12:25:35	37	1	1	0
     1539	2023-08-22 12:26:03	37	0	1	0
     2608	2023-08-22 12:26:39	37	1	1	0
      211	2023-08-22 12:26:55	37	1	1	0
      710	2023-08-22 12:27:03	37	1	1	0
      306	2023-08-22 12:28:09	37	1	1	0
     1141	2023-08-22 12:29:10	37	0	1	0
      710	2023-08-22 12:29:16	37	0	1	0
      306	2023-08-22 12:30:53	37	0	1	0
     1283	2023-08-22 12:31:20	37	0	1	0
      653	2023-08-22 12:31:25	37	0	1	0
     1129	2023-08-22 12:33:30	37	1	1	0
     1129	2023-08-22 12:33:32	37	1	1	0
       61	2023-08-22 12:34:03	37	1	1	0
      132	2023-08-22 12:35:00	37	0	1	0
     1871	2023-08-22 12:36:43	37	0	1	0
       61	2023-08-22 12:37:39	37	1	1	0
       61	2023-08-22 12:37:48	37	0	1	0
      176	2023-08-22 12:39:41	37	1	1	0
      176	2023-08-22 12:39:42	37	1	1	0
      176	2023-08-22 12:40:10	37	0	1	0
      176	2023-08-22 12:40:12	37	0	1	0
      176	2023-08-22 12:40:14	37	0	1	0
      176	2023-08-22 12:40:16	37	0	1	0
     2608	2023-08-22 12:42:26	37	0	1	0
      211	2023-08-22 12:54:41	37	0	1	0
      528	2023-08-22 12:55:16	37	0	1	0
     2239	2023-08-22 17:01:05	37	1	1	0
      176	2023-08-22 17:03:28	37	1	1	0
      176	2023-08-22 17:03:29	37	1	1	0
     1539	2023-08-22 17:03:32	37	1	1	0
     1539	2023-08-22 17:03:34	37	1	1	0
     2041	2023-08-22 17:03:42	37	1	1	0
     2041	2023-08-22 17:03:44	37	1	1	0
     1052	2023-08-22 17:03:53	37	1	1	0
      533	2023-08-22 17:03:58	37	1	1	0
     2608	2023-08-22 17:04:04	37	1	1	0
      435	2023-08-22 17:04:13	37	1	1	0
     1283	2023-08-22 17:04:20	37	1	1	0
      653	2023-08-22 17:04:26	37	0	1	0
      653	2023-08-22 17:04:31	37	1	1	0
      653	2023-08-22 17:04:33	37	1	1	0
     1141	2023-08-22 17:04:38	37	1	1	0
     1141	2023-08-22 17:04:39	37	1	1	0
      318	2023-08-22 17:04:51	37	1	1	0
       51	2023-08-22 17:04:54	37	1	1	0
      132	2023-08-22 17:04:59	37	1	1	0
      528	2023-08-22 17:05:03	37	1	1	0
     1129	2023-08-22 17:05:05	37	1	1	0
     1129	2023-08-22 17:05:07	37	1	1	0
      211	2023-08-22 17:05:11	37	1	1	0
      710	2023-08-22 17:05:23	37	1	1	0
      306	2023-08-22 17:09:08	37	1	1	0
     2891	2023-08-22 17:09:13	37	1	1	0
       61	2023-08-22 17:09:23	37	1	1	0
     1871	2023-08-22 17:09:30	37	1	1	0
      435	2023-08-23 07:06:05	37	0	1	0
      132	2023-08-23 07:07:22	37	0	1	0
      318	2023-08-23 07:18:58	37	0	1	0
     1283	2023-08-23 07:24:57	37	0	1	0
     2239	2023-08-23 07:35:52	37	0	1	0
      653	2023-08-23 07:47:22	37	0	1	0
      653	2023-08-23 07:47:25	37	0	1	0
     2891	2023-08-23 07:47:34	37	0	1	0
      533	2023-08-23 07:49:36	37	0	1	0
      176	2023-08-23 07:50:11	37	0	1	0
      176	2023-08-23 07:50:13	37	0	1	0
      176	2023-08-23 07:50:15	37	0	1	0
      176	2023-08-23 07:50:17	37	0	1	0
       51	2023-08-23 07:52:41	37	0	1	0
      910	2023-08-23 07:56:18	37	0	1	0
       61	2023-08-23 07:57:10	37	0	1	0
     2041	2023-08-23 07:57:47	37	0	1	0
     2041	2023-08-23 07:57:49	37	0	1	0
      211	2023-08-23 07:58:09	37	0	1	0
     2608	2023-08-23 07:59:38	37	0	1	0
     1052	2023-08-23 08:00:03	37	0	1	0
     1129	2023-08-23 08:00:17	37	0	1	0
     1129	2023-08-23 08:00:19	37	0	1	0
     1141	2023-08-23 08:00:21	37	0	1	0
     1141	2023-08-23 08:00:22	37	0	1	0
     1871	2023-08-23 08:00:39	37	0	1	0
      528	2023-08-23 08:03:54	37	0	1	0
      710	2023-08-23 08:05:57	37	0	1	0
      306	2023-08-23 08:08:59	37	0	1	0
     1658	2023-08-23 08:12:15	37	0	1	0
     1052	2023-08-23 12:00:44	37	1	1	0
     2041	2023-08-23 12:00:49	37	1	1	0
     1052	2023-08-23 12:01:02	37	1	1	0
     2239	2023-08-23 12:01:05	37	1	1	0
     2041	2023-08-23 12:01:07	37	1	1	0
     1871	2023-08-23 12:01:14	37	1	1	0
     1658	2023-08-23 12:02:05	37	1	1	0
      435	2023-08-23 12:02:25	37	1	1	0
      910	2023-08-23 12:03:10	37	1	1	0
      653	2023-08-23 12:03:34	37	1	1	0
      176	2023-08-23 12:04:08	37	1	1	0
     2041	2023-08-23 12:04:30	37	0	1	0
     2041	2023-08-23 12:04:32	37	0	1	0
      176	2023-08-23 12:05:30	37	0	1	0
      176	2023-08-23 12:05:31	37	0	1	0
     1658	2023-08-23 12:05:43	37	0	1	0
     1052	2023-08-23 12:05:47	37	0	1	0
     2239	2023-08-23 12:06:36	37	0	1	0
     1283	2023-08-23 12:09:42	37	1	1	0
     2891	2023-08-23 12:11:20	37	0	1	0
     2891	2023-08-23 12:11:27	37	1	1	0
       51	2023-08-23 12:14:43	37	1	1	0
       51	2023-08-23 12:15:10	37	0	1	0
      910	2023-08-23 12:15:33	37	0	1	0
     1283	2023-08-23 12:15:39	37	0	1	0
     2891	2023-08-23 12:16:16	37	0	1	0
      710	2023-08-23 12:16:58	37	1	1	0
     2608	2023-08-23 12:17:15	37	1	1	0
      710	2023-08-23 12:20:10	37	0	1	0
      306	2023-08-23 12:22:33	37	1	1	0
      306	2023-08-23 12:24:39	37	0	1	0
     1871	2023-08-23 12:25:42	37	0	1	0
     1141	2023-08-23 12:30:27	37	1	1	0
      211	2023-08-23 12:33:05	37	1	1	0
     1283	2023-08-23 12:35:50	37	0	1	0
      435	2023-08-23 12:35:54	37	0	1	0
      653	2023-08-23 12:35:58	37	0	1	0
      653	2023-08-23 12:36:01	37	0	1	0
      318	2023-08-23 12:36:26	37	1	1	0
      528	2023-08-23 12:36:36	37	1	1	0
     1141	2023-08-23 12:41:00	37	0	1	0
     1129	2023-08-23 12:42:27	37	1	1	0
     1129	2023-08-23 12:42:29	37	1	1	0
      528	2023-08-23 12:45:01	37	0	1	0
      528	2023-08-23 12:45:02	37	0	1	0
     1129	2023-08-23 12:45:05	37	0	1	0
     1129	2023-08-23 12:45:07	37	0	1	0
      318	2023-08-23 12:45:11	37	0	1	0
     2608	2023-08-23 12:47:10	37	0	1	0
       61	2023-08-23 12:52:37	37	1	1	0
     2239	2023-08-23 17:03:05	37	1	1	0
     1141	2023-08-23 17:03:10	37	1	1	0
     1141	2023-08-23 17:03:11	37	1	1	0
     1658	2023-08-23 17:03:17	37	1	1	0
     2608	2023-08-23 17:03:23	37	1	1	0
      435	2023-08-23 17:03:27	37	1	1	0
     1052	2023-08-23 17:03:32	37	1	1	0
     1283	2023-08-23 17:03:36	37	1	1	0
      533	2023-08-23 17:03:40	37	1	1	0
       51	2023-08-23 17:03:45	37	1	1	0
      318	2023-08-23 17:03:50	37	1	1	0
      528	2023-08-23 17:03:55	37	1	1	0
       61	2023-08-23 17:03:58	37	1	1	0
      132	2023-08-23 17:04:03	37	1	1	0
     2891	2023-08-23 17:04:08	37	1	1	0
     2041	2023-08-23 17:04:14	37	1	1	0
     2041	2023-08-23 17:04:15	37	1	1	0
     2041	2023-08-23 17:04:16	37	1	1	0
      306	2023-08-23 17:04:20	37	1	1	0
      306	2023-08-23 17:04:21	37	1	1	0
      653	2023-08-23 17:04:24	37	1	1	0
      653	2023-08-23 17:04:26	37	1	1	0
      910	2023-08-23 17:04:30	37	1	1	0
      176	2023-08-23 17:04:35	37	1	1	0
      710	2023-08-23 17:05:54	37	1	1	0
     1871	2023-08-23 17:06:31	37	1	1	0
     1129	2023-08-23 17:06:35	37	1	1	0
     1129	2023-08-23 17:06:37	37	1	1	0
      211	2023-08-23 17:07:38	37	1	1	0
      211	2023-08-23 17:31:12	37	1	1	0
      435	2023-08-24 06:46:51	37	0	1	0
     1539	2023-08-24 07:40:48	37	0	1	0
     1539	2023-08-24 07:40:50	37	0	1	0
     1283	2023-08-24 07:42:08	37	0	1	0
     2041	2023-08-24 07:42:56	37	0	1	0
     2041	2023-08-24 07:43:00	37	0	1	0
      132	2023-08-24 07:44:16	37	0	1	0
     2239	2023-08-24 07:49:07	37	0	1	0
       51	2023-08-24 07:52:25	37	0	1	0
     2891	2023-08-24 07:52:36	37	0	1	0
      533	2023-08-24 07:53:34	37	0	1	0
      176	2023-08-24 07:54:05	37	0	1	0
      176	2023-08-24 07:54:08	37	0	1	0
     2608	2023-08-24 07:54:32	37	0	1	0
      306	2023-08-24 07:56:20	37	0	1	0
      306	2023-08-24 07:56:22	37	0	1	0
      653	2023-08-24 07:56:34	37	0	1	0
      653	2023-08-24 07:56:37	37	0	1	0
      318	2023-08-24 07:57:05	37	0	1	0
     1141	2023-08-24 07:58:05	37	0	1	0
     1141	2023-08-24 07:58:06	37	0	1	0
     1871	2023-08-24 07:58:54	37	0	1	0
     1129	2023-08-24 07:59:21	37	0	1	0
     1129	2023-08-24 07:59:23	37	0	1	0
       61	2023-08-24 07:59:29	37	0	1	0
     1658	2023-08-24 08:07:06	37	0	1	0
      528	2023-08-24 08:07:19	37	0	1	0
      710	2023-08-24 08:09:13	37	0	1	0
     1052	2023-08-24 08:24:33	37	0	1	0
      211	2023-08-24 09:00:28	37	0	1	0
     2239	2023-08-24 12:02:10	37	1	1	0
      710	2023-08-24 12:03:52	37	1	1	0
      710	2023-08-24 12:13:04	37	0	1	0
      318	2023-08-24 12:13:41	37	1	1	0
     1141	2023-08-24 12:13:49	37	1	1	0
     1539	2023-08-24 12:13:56	37	1	1	0
      653	2023-08-24 12:14:10	37	1	1	0
     2608	2023-08-24 12:14:34	37	1	1	0
     1871	2023-08-24 12:15:08	37	1	1	0
       51	2023-08-24 12:15:36	37	1	1	0
      132	2023-08-24 12:16:06	37	1	1	0
       51	2023-08-24 12:16:14	37	0	1	0
     1283	2023-08-24 12:16:38	37	1	1	0
     2891	2023-08-24 12:17:02	37	1	1	0
      306	2023-08-24 12:17:07	37	1	1	0
      435	2023-08-24 12:17:12	37	1	1	0
     2239	2023-08-24 12:18:33	37	0	1	0
     2891	2023-08-24 12:20:34	37	0	1	0
      306	2023-08-24 12:20:41	37	0	1	0
     1658	2023-08-24 12:22:00	37	1	1	0
      132	2023-08-24 12:22:56	37	0	1	0
     1283	2023-08-24 12:23:02	37	0	1	0
      533	2023-08-24 12:23:09	37	1	1	0
     1658	2023-08-24 12:24:40	37	0	1	0
      211	2023-08-24 12:24:47	37	1	1	0
      318	2023-08-24 12:28:22	37	0	1	0
     1141	2023-08-24 12:29:03	37	0	1	0
     2608	2023-08-24 12:36:25	37	0	1	0
      528	2023-08-24 12:38:11	37	1	1	0
      435	2023-08-24 12:38:30	37	0	1	0
      435	2023-08-24 12:38:41	37	0	1	0
      653	2023-08-24 12:38:44	37	0	1	0
     1539	2023-08-24 12:40:50	37	0	1	0
     2041	2023-08-24 12:43:38	37	1	1	0
     1052	2023-08-24 12:43:40	37	1	1	0
      533	2023-08-24 12:44:31	37	0	1	0
       61	2023-08-24 12:45:03	37	1	1	0
     2041	2023-08-24 12:46:54	37	0	1	0
     2041	2023-08-24 12:46:56	37	0	1	0
     1052	2023-08-24 12:46:58	37	0	1	0
       61	2023-08-24 12:49:38	37	0	1	0
      528	2023-08-24 12:50:17	37	0	1	0
      176	2023-08-24 12:52:37	37	1	1	0
      176	2023-08-24 12:52:43	37	1	1	0
      176	2023-08-24 12:53:09	37	0	1	0
      176	2023-08-24 12:53:14	37	0	1	0
     1871	2023-08-24 12:57:21	37	0	1	0
      211	2023-08-24 12:57:59	37	0	1	0
     2239	2023-08-24 17:02:01	37	1	1	0
     1539	2023-08-24 17:02:04	37	1	1	0
      176	2023-08-24 17:02:08	37	1	1	0
      176	2023-08-24 17:02:09	37	1	1	0
      653	2023-08-24 17:02:16	37	1	1	0
     1283	2023-08-24 17:02:20	37	1	1	0
     2041	2023-08-24 17:02:27	37	1	1	0
     2041	2023-08-24 17:02:28	37	1	1	0
      435	2023-08-24 17:02:39	37	1	1	0
      176	2023-08-24 17:02:42	37	1	1	0
      176	2023-08-24 17:02:43	37	1	1	0
     1052	2023-08-24 17:02:48	37	1	1	0
     1658	2023-08-24 17:02:54	37	1	1	0
      533	2023-08-24 17:02:59	37	1	1	0
     1141	2023-08-24 17:03:04	37	0	1	0
     1141	2023-08-24 17:03:08	37	1	1	0
     1141	2023-08-24 17:03:10	37	1	1	0
     2608	2023-08-24 17:03:15	37	1	1	0
       51	2023-08-24 17:03:32	37	1	1	0
     2891	2023-08-24 17:04:00	37	0	1	0
     2891	2023-08-24 17:04:04	37	1	1	0
      306	2023-08-24 17:04:45	37	1	1	0
      306	2023-08-24 17:05:49	37	1	1	0
      211	2023-08-24 17:05:55	37	1	1	0
      528	2023-08-24 17:07:00	37	1	1	0
      318	2023-08-24 17:08:09	37	1	1	0
      132	2023-08-24 17:08:13	37	1	1	0
       61	2023-08-24 17:08:25	37	1	1	0
      710	2023-08-24 17:08:31	37	1	1	0
     1871	2023-08-24 17:09:02	37	1	1	0
      435	2023-08-25 07:20:45	37	0	1	0
      910	2023-08-25 07:33:29	37	0	1	0
     2239	2023-08-25 07:34:17	37	0	1	0
     2041	2023-08-25 07:37:47	37	0	1	0
     2041	2023-08-25 07:37:49	37	0	1	0
     1283	2023-08-25 07:39:40	37	0	1	0
      533	2023-08-25 07:45:36	37	0	1	0
     1539	2023-08-25 07:47:26	37	0	1	0
     1539	2023-08-25 07:47:29	37	0	1	0
     2891	2023-08-25 07:50:53	37	0	1	0
      653	2023-08-25 07:50:58	37	0	1	0
      653	2023-08-25 07:51:01	37	0	1	0
      132	2023-08-25 07:51:05	37	0	1	0
      176	2023-08-25 07:53:51	37	0	1	0
      176	2023-08-25 07:53:55	37	0	1	0
       51	2023-08-25 07:54:00	37	0	1	0
     1658	2023-08-25 07:55:34	37	0	1	0
      211	2023-08-25 07:56:37	37	0	1	0
     1129	2023-08-25 07:57:59	37	0	1	0
     1129	2023-08-25 07:58:01	37	0	1	0
      528	2023-08-25 07:58:10	37	0	1	0
     1871	2023-08-25 07:58:24	37	0	1	0
     1052	2023-08-25 07:59:51	37	0	1	0
      318	2023-08-25 08:00:26	37	0	1	0
     1141	2023-08-25 08:00:53	37	0	1	0
     1141	2023-08-25 08:00:55	37	0	1	0
     2608	2023-08-25 08:05:00	37	0	1	0
     2608	2023-08-25 08:05:05	37	0	1	0
      306	2023-08-25 08:07:14	37	0	1	0
      710	2023-08-25 08:11:49	37	0	1	0
      176	2023-08-25 12:00:26	37	1	1	0
     1539	2023-08-25 12:01:48	37	1	1	0
     2239	2023-08-25 12:02:04	37	1	1	0
     1658	2023-08-25 12:02:11	37	1	1	0
      435	2023-08-25 12:03:22	37	1	1	0
      176	2023-08-25 12:03:31	37	0	1	0
      176	2023-08-25 12:03:33	37	0	1	0
      528	2023-08-25 12:03:42	37	1	1	0
     1052	2023-08-25 12:03:45	37	1	1	0
      533	2023-08-25 12:04:02	37	1	1	0
     1871	2023-08-25 12:04:08	37	1	1	0
      653	2023-08-25 12:04:27	37	1	1	0
     2041	2023-08-25 12:04:40	37	1	1	0
     1283	2023-08-25 12:05:36	37	1	1	0
     2891	2023-08-25 12:08:18	37	1	1	0
     2239	2023-08-25 12:09:25	37	0	1	0
     2041	2023-08-25 12:13:02	37	0	1	0
     2041	2023-08-25 12:13:03	37	0	1	0
     1052	2023-08-25 12:13:06	37	0	1	0
      528	2023-08-25 12:13:32	37	0	1	0
      910	2023-08-25 12:13:42	37	1	1	0
      306	2023-08-25 12:14:05	37	1	1	0
     2608	2023-08-25 12:14:13	37	1	1	0
      533	2023-08-25 12:16:36	37	0	1	0
     1141	2023-08-25 12:17:22	37	1	1	0
      910	2023-08-25 12:18:35	37	0	1	0
      306	2023-08-25 12:20:08	37	0	1	0
     1658	2023-08-25 12:20:14	37	0	1	0
       51	2023-08-25 12:21:48	37	1	1	0
      211	2023-08-25 12:21:54	37	1	1	0
       51	2023-08-25 12:22:06	37	0	1	0
      318	2023-08-25 12:22:20	37	1	1	0
      132	2023-08-25 12:22:31	37	1	1	0
      132	2023-08-25 12:24:06	37	0	1	0
      318	2023-08-25 12:24:10	37	0	1	0
      710	2023-08-25 12:24:34	37	1	1	0
      710	2023-08-25 12:26:03	37	0	1	0
     2608	2023-08-25 12:26:24	37	0	1	0
     1141	2023-08-25 12:27:18	37	0	1	0
     2891	2023-08-25 12:29:41	37	0	1	0
      435	2023-08-25 12:32:54	37	0	1	0
     1283	2023-08-25 12:33:04	37	0	1	0
      211	2023-08-25 12:33:09	37	0	1	0
     1539	2023-08-25 12:34:03	37	0	1	0
      653	2023-08-25 12:39:27	37	0	1	0
     1871	2023-08-25 12:39:31	37	0	1	0
     1129	2023-08-25 12:43:05	37	1	1	0
     1129	2023-08-25 12:43:07	37	1	1	0
     1129	2023-08-25 12:47:12	37	0	1	0
     1129	2023-08-25 12:47:14	37	0	1	0
      710	2023-08-25 16:03:13	37	1	1	0
      306	2023-08-25 17:01:06	37	1	1	0
      528	2023-08-25 17:01:09	37	1	1	0
     1658	2023-08-25 17:02:24	37	1	1	0
     2239	2023-08-25 17:02:31	37	1	1	0
      533	2023-08-25 17:02:35	37	1	1	0
     2608	2023-08-25 17:02:39	37	1	1	0
      435	2023-08-25 17:02:44	37	1	1	0
     1539	2023-08-25 17:02:48	37	1	1	0
     1283	2023-08-25 17:02:53	37	1	1	0
      653	2023-08-25 17:02:58	37	1	1	0
      132	2023-08-25 17:03:04	37	1	1	0
     2891	2023-08-25 17:03:33	37	0	1	0
     2891	2023-08-25 17:03:40	37	1	1	0
     2041	2023-08-25 17:03:49	37	1	1	0
     2041	2023-08-25 17:03:51	37	1	1	0
      318	2023-08-25 17:03:55	37	1	1	0
     1141	2023-08-25 17:04:00	37	1	1	0
     1141	2023-08-25 17:04:01	37	1	1	0
      211	2023-08-25 17:04:05	37	1	1	0
       51	2023-08-25 17:04:10	37	1	1	0
     1052	2023-08-25 17:04:14	37	1	1	0
      435	2023-08-25 17:04:19	37	1	1	0
      910	2023-08-25 17:04:24	37	1	1	0
      176	2023-08-25 17:04:29	37	1	1	0
      176	2023-08-25 17:04:31	37	1	1	0
     1129	2023-08-25 17:04:36	37	1	1	0
     1129	2023-08-25 17:04:38	37	1	1	0
     1871	2023-08-25 17:07:21	37	1	1	0
      176	2023-08-25 17:07:38	37	1	1	0
      176	2023-08-25 17:07:41	37	1	1	0
      435	2023-08-29 06:34:57	37	0	1	0
       51	2023-08-29 07:32:54	37	0	1	0
     1283	2023-08-29 07:33:28	37	0	1	0
     2041	2023-08-29 07:35:58	37	0	1	0
     2041	2023-08-29 07:35:59	37	0	1	0
      653	2023-08-29 07:36:18	37	0	1	0
      653	2023-08-29 07:36:21	37	0	1	0
     2891	2023-08-29 07:37:46	37	0	1	0
      132	2023-08-29 07:40:57	37	0	1	0
     2239	2023-08-29 07:43:39	37	0	1	0
     1539	2023-08-29 07:48:47	37	0	1	0
     1539	2023-08-29 07:48:49	37	0	1	0
      710	2023-08-29 07:50:46	37	0	1	0
      710	2023-08-29 07:50:48	37	0	1	0
     1658	2023-08-29 07:53:16	37	0	1	0
      176	2023-08-29 07:53:55	37	0	1	0
      176	2023-08-29 07:53:57	37	0	1	0
      910	2023-08-29 07:54:01	37	0	1	0
      910	2023-08-29 07:54:03	37	0	1	0
      306	2023-08-29 07:56:08	37	0	1	0
       61	2023-08-29 07:56:22	37	0	1	0
      533	2023-08-29 07:57:05	37	0	1	0
     1141	2023-08-29 07:58:19	37	0	1	0
     1141	2023-08-29 07:58:26	37	0	1	0
     1052	2023-08-29 07:58:29	37	0	1	0
      211	2023-08-29 07:58:48	37	0	1	0
      318	2023-08-29 08:00:07	37	0	1	0
     1129	2023-08-29 08:00:24	37	0	1	0
     1129	2023-08-29 08:00:26	37	0	1	0
     1871	2023-08-29 08:00:48	37	0	1	0
      528	2023-08-29 08:01:02	37	0	1	0
     2608	2023-08-29 08:10:48	37	0	1	0
     2041	2023-08-29 12:01:02	37	1	1	0
     2239	2023-08-29 12:01:10	37	1	1	0
     2041	2023-08-29 12:04:16	37	0	1	0
     2041	2023-08-29 12:04:18	37	0	1	0
     1539	2023-08-29 12:04:30	37	4	1	0
     1539	2023-08-29 12:04:38	37	1	1	0
     1658	2023-08-29 12:05:19	37	1	1	0
      132	2023-08-29 12:06:05	37	1	1	0
     1129	2023-08-29 12:06:11	37	1	1	0
     1129	2023-08-29 12:06:13	37	1	1	0
     2239	2023-08-29 12:06:19	37	0	1	0
       61	2023-08-29 12:07:38	37	1	1	0
     1871	2023-08-29 12:08:34	37	1	1	0
     1141	2023-08-29 12:10:16	37	1	1	0
      710	2023-08-29 12:10:58	37	1	1	0
      710	2023-08-29 12:12:05	37	0	1	0
     1052	2023-08-29 12:13:02	37	1	1	0
       51	2023-08-29 12:13:42	37	1	1	0
       51	2023-08-29 12:14:13	37	0	1	0
      653	2023-08-29 12:15:51	37	1	1	0
     1283	2023-08-29 12:15:54	37	1	1	0
      306	2023-08-29 12:15:59	37	1	1	0
     2891	2023-08-29 12:16:20	37	1	1	0
      435	2023-08-29 12:16:48	37	1	1	0
      533	2023-08-29 12:16:56	37	1	1	0
     1658	2023-08-29 12:17:25	37	0	1	0
     1871	2023-08-29 12:17:52	37	0	1	0
      528	2023-08-29 12:18:24	37	1	1	0
     1052	2023-08-29 12:18:38	37	0	1	0
      318	2023-08-29 12:18:47	37	1	1	0
      910	2023-08-29 12:20:31	37	1	1	0
      533	2023-08-29 12:20:40	37	0	1	0
      910	2023-08-29 12:22:05	37	0	1	0
     2608	2023-08-29 12:22:44	37	1	1	0
     1141	2023-08-29 12:26:12	37	0	1	0
     2891	2023-08-29 12:27:17	37	0	1	0
      306	2023-08-29 12:27:25	37	0	1	0
      211	2023-08-29 12:30:04	37	1	1	0
      211	2023-08-29 12:32:09	37	0	1	0
      318	2023-08-29 12:32:21	37	0	1	0
      528	2023-08-29 12:32:37	37	0	1	0
     1539	2023-08-29 12:33:11	37	0	1	0
      176	2023-08-29 12:36:07	37	1	1	0
      176	2023-08-29 12:36:08	37	1	1	0
      132	2023-08-29 12:40:00	37	0	1	0
     1129	2023-08-29 12:40:06	37	0	1	0
     1129	2023-08-29 12:40:08	37	0	1	0
     2608	2023-08-29 12:41:04	37	0	1	0
      435	2023-08-29 12:41:43	37	0	1	0
      653	2023-08-29 12:41:46	37	0	1	0
     1283	2023-08-29 12:41:50	37	0	1	0
      176	2023-08-29 12:42:32	37	0	1	0
      176	2023-08-29 12:42:33	37	0	1	0
     1129	2023-08-29 12:44:10	37	0	1	0
      653	2023-08-29 12:51:40	37	0	1	0
       61	2023-08-29 13:00:15	37	0	1	0
      306	2023-08-29 15:48:04	37	1	1	0
      306	2023-08-29 15:48:06	37	1	1	0
     2239	2023-08-29 17:03:49	37	1	1	0
     1141	2023-08-29 17:04:36	37	1	1	0
     1141	2023-08-29 17:04:38	37	1	1	0
      910	2023-08-29 17:04:42	37	1	1	0
     1539	2023-08-29 17:04:45	37	1	1	0
     1658	2023-08-29 17:04:49	37	1	1	0
     2608	2023-08-29 17:04:54	37	1	1	0
     2891	2023-08-29 17:05:03	37	1	1	0
     2041	2023-08-29 17:05:06	37	1	1	0
     2041	2023-08-29 17:05:07	37	1	1	0
      653	2023-08-29 17:05:11	37	1	1	0
      653	2023-08-29 17:05:13	37	1	1	0
      435	2023-08-29 17:05:30	37	1	1	0
      533	2023-08-29 17:05:50	37	1	1	0
     1283	2023-08-29 17:06:24	37	1	1	0
      211	2023-08-29 17:08:53	37	1	1	0
     1052	2023-08-29 17:09:39	37	1	1	0
      176	2023-08-29 17:09:43	37	1	1	0
      132	2023-08-29 17:10:09	37	1	1	0
       61	2023-08-29 17:10:54	37	1	1	0
      318	2023-08-29 17:11:05	37	1	1	0
      132	2023-08-29 17:11:27	37	1	1	0
     1129	2023-08-29 17:12:01	37	1	1	0
     1129	2023-08-29 17:12:03	37	1	1	0
      528	2023-08-29 17:12:46	37	1	1	0
      211	2023-08-29 17:12:54	37	1	1	0
       51	2023-08-29 17:13:08	37	1	1	0
      710	2023-08-29 17:17:20	37	1	1	0
     1871	2023-08-29 17:18:10	37	1	1	0
      435	2023-08-30 06:50:37	37	0	1	0
      653	2023-08-30 07:30:31	37	0	1	0
      653	2023-08-30 07:30:33	37	0	1	0
      533	2023-08-30 07:31:26	37	0	1	0
      211	2023-08-30 07:31:32	37	0	1	0
     2891	2023-08-30 07:32:28	37	0	1	0
     1283	2023-08-30 07:34:51	37	0	1	0
     2239	2023-08-30 07:39:31	37	0	1	0
     2608	2023-08-30 07:42:23	37	0	1	0
     2041	2023-08-30 07:45:17	37	0	1	0
     2041	2023-08-30 07:45:18	37	0	1	0
     1129	2023-08-30 07:50:30	37	0	1	0
     1129	2023-08-30 07:50:32	37	0	1	0
       51	2023-08-30 07:51:53	37	0	1	0
      132	2023-08-30 07:52:44	37	0	1	0
     1052	2023-08-30 07:55:23	37	0	1	0
      910	2023-08-30 07:55:42	37	0	1	0
      910	2023-08-30 07:55:44	37	0	1	0
     1539	2023-08-30 07:55:57	37	0	1	0
     1539	2023-08-30 07:55:58	37	0	1	0
      318	2023-08-30 07:57:20	37	0	1	0
     1871	2023-08-30 07:57:24	37	0	1	0
       61	2023-08-30 07:58:45	37	0	1	0
      710	2023-08-30 08:01:12	37	0	1	0
      710	2023-08-30 08:01:14	37	0	1	0
     1141	2023-08-30 08:02:34	37	0	1	0
     1141	2023-08-30 08:02:36	37	0	1	0
      528	2023-08-30 08:02:40	37	0	1	0
     1658	2023-08-30 08:12:45	37	0	1	0
     2891	2023-08-30 12:01:11	37	1	1	0
       51	2023-08-30 12:01:27	37	1	1	0
      910	2023-08-30 12:01:36	37	1	1	0
      211	2023-08-30 12:06:08	37	1	1	0
     1052	2023-08-30 12:07:55	37	1	1	0
      318	2023-08-30 12:08:42	37	1	1	0
     1871	2023-08-30 12:09:55	37	1	1	0
     1052	2023-08-30 12:10:16	37	0	1	0
     2239	2023-08-30 12:10:26	37	1	1	0
     2041	2023-08-30 12:16:26	37	1	1	0
      435	2023-08-30 12:16:32	37	1	1	0
      533	2023-08-30 12:16:37	37	1	1	0
     2608	2023-08-30 12:16:48	37	1	1	0
     2239	2023-08-30 12:17:47	37	0	1	0
     2041	2023-08-30 12:18:06	37	0	1	0
     2041	2023-08-30 12:18:07	37	0	1	0
     1283	2023-08-30 12:18:25	37	1	1	0
      653	2023-08-30 12:18:30	37	1	1	0
     1658	2023-08-30 12:18:39	37	1	1	0
      533	2023-08-30 12:21:33	37	0	1	0
     1658	2023-08-30 12:22:18	37	0	1	0
       51	2023-08-30 12:23:46	37	0	1	0
     2891	2023-08-30 12:24:13	37	0	1	0
      435	2023-08-30 12:25:32	37	0	1	0
      318	2023-08-30 12:26:41	37	0	1	0
       61	2023-08-30 12:26:55	37	1	1	0
     1141	2023-08-30 12:28:36	37	1	1	0
      710	2023-08-30 12:35:19	37	1	1	0
     2608	2023-08-30 12:37:06	37	0	1	0
     1283	2023-08-30 12:39:06	37	0	1	0
      435	2023-08-30 12:39:09	37	0	1	0
      653	2023-08-30 12:40:45	37	0	1	0
     1129	2023-08-30 12:41:48	37	1	1	0
     1129	2023-08-30 12:44:35	37	0	1	0
     1129	2023-08-30 12:44:37	37	0	1	0
     1871	2023-08-30 12:44:44	37	0	1	0
      211	2023-08-30 12:44:57	37	0	1	0
      528	2023-08-30 12:47:20	37	1	1	0
      710	2023-08-30 12:49:18	37	0	1	0
     1539	2023-08-30 12:50:42	37	1	1	0
     1539	2023-08-30 12:51:04	37	0	1	0
       61	2023-08-30 12:55:46	37	0	1	0
      528	2023-08-30 12:59:10	37	0	1	0
     1141	2023-08-30 12:59:25	37	0	1	0
     1539	2023-08-30 17:01:10	37	1	1	0
     1539	2023-08-30 17:01:12	37	1	1	0
      653	2023-08-30 17:01:16	37	1	1	0
      653	2023-08-30 17:01:18	37	1	1	0
     1283	2023-08-30 17:01:22	37	1	1	0
     1283	2023-08-30 17:01:24	37	1	1	0
      533	2023-08-30 17:01:29	37	1	1	0
     2239	2023-08-30 17:01:33	37	1	1	0
      132	2023-08-30 17:01:38	37	1	1	0
     1658	2023-08-30 17:01:42	37	1	1	0
     2608	2023-08-30 17:01:47	37	1	1	0
     1129	2023-08-30 17:01:51	37	1	1	0
     1129	2023-08-30 17:01:54	37	1	1	0
     2041	2023-08-30 17:01:57	37	1	1	0
     2041	2023-08-30 17:01:59	37	1	1	0
      710	2023-08-30 17:02:03	37	1	1	0
      318	2023-08-30 17:02:09	37	1	1	0
       51	2023-08-30 17:02:16	37	1	1	0
       51	2023-08-30 17:02:21	37	1	1	0
       61	2023-08-30 17:02:32	37	1	1	0
      435	2023-08-30 17:03:11	37	1	1	0
     1141	2023-08-30 17:03:14	37	1	1	0
     1141	2023-08-30 17:03:16	37	1	1	0
     1052	2023-08-30 17:04:14	37	1	1	0
     1871	2023-08-30 17:06:34	37	1	1	0
      528	2023-08-30 17:06:37	37	1	1	0
      528	2023-08-30 17:08:53	37	1	1	0
      211	2023-08-30 18:11:29	37	1	1	0
      435	2023-08-31 06:29:15	37	0	1	0
     2239	2023-08-31 07:25:56	37	0	1	0
      653	2023-08-31 07:29:38	37	0	1	0
      653	2023-08-31 07:29:41	37	0	1	0
     1283	2023-08-31 07:32:18	37	0	1	0
      533	2023-08-31 07:32:34	37	0	1	0
     2891	2023-08-31 07:35:27	37	0	1	0
      176	2023-08-31 07:43:32	37	0	1	0
      176	2023-08-31 07:43:34	37	0	1	0
      910	2023-08-31 07:49:36	37	0	1	0
       51	2023-08-31 07:50:04	37	0	1	0
      132	2023-08-31 07:51:37	37	0	1	0
     1871	2023-08-31 07:54:38	37	0	1	0
     1539	2023-08-31 07:55:23	37	0	1	0
      306	2023-08-31 07:56:51	37	0	1	0
       61	2023-08-31 07:57:20	37	0	1	0
     1052	2023-08-31 07:57:58	37	0	1	0
     2608	2023-08-31 07:58:04	37	0	1	0
     1141	2023-08-31 07:59:52	37	0	1	0
     1141	2023-08-31 07:59:54	37	0	1	0
     1129	2023-08-31 08:02:49	37	0	1	0
     1129	2023-08-31 08:02:51	37	0	1	0
      710	2023-08-31 08:04:02	37	0	1	0
      710	2023-08-31 08:04:05	37	0	1	0
      528	2023-08-31 08:05:35	37	0	1	0
      318	2023-08-31 08:06:12	37	0	1	0
      211	2023-08-31 08:15:43	37	0	1	0
     2239	2023-08-31 12:01:33	37	1	1	0
     2239	2023-08-31 12:05:51	37	0	1	0
     1141	2023-08-31 12:09:16	37	1	1	0
     1871	2023-08-31 12:14:32	37	1	1	0
      435	2023-08-31 12:19:20	37	1	1	0
      653	2023-08-31 12:19:31	37	1	1	0
      132	2023-08-31 12:21:11	37	1	1	0
     1283	2023-08-31 12:22:34	37	1	1	0
     1129	2023-08-31 12:22:37	37	1	1	0
     1129	2023-08-31 12:22:39	37	1	1	0
     2608	2023-08-31 12:23:05	37	1	1	0
      132	2023-08-31 12:23:16	37	0	1	0
      176	2023-08-31 12:23:38	37	1	1	0
      176	2023-08-31 12:23:39	37	1	1	0
      528	2023-08-31 12:24:35	37	1	1	0
      528	2023-08-31 12:26:17	37	0	1	0
      306	2023-08-31 12:26:50	37	1	1	0
     1539	2023-08-31 12:28:15	37	1	1	0
      306	2023-08-31 12:30:16	37	0	1	0
     2891	2023-08-31 12:30:27	37	1	1	0
       51	2023-08-31 12:34:49	37	1	1	0
       51	2023-08-31 12:35:09	37	0	1	0
     1539	2023-08-31 12:39:29	37	0	1	0
      435	2023-08-31 12:39:31	37	0	1	0
     1283	2023-08-31 12:39:38	37	0	1	0
      653	2023-08-31 12:39:45	37	0	1	0
     2891	2023-08-31 12:39:54	37	0	1	0
      176	2023-08-31 12:40:19	37	0	1	0
      176	2023-08-31 12:40:22	37	0	1	0
      710	2023-08-31 12:41:07	37	1	1	0
       61	2023-08-31 12:41:19	37	1	1	0
     1129	2023-08-31 12:41:41	37	0	1	0
     1129	2023-08-31 12:41:43	37	0	1	0
     1141	2023-08-31 12:41:46	37	0	1	0
      710	2023-08-31 12:42:24	37	0	1	0
     2608	2023-08-31 12:47:47	37	0	1	0
     1871	2023-08-31 12:50:29	37	0	1	0
      211	2023-08-31 12:55:49	37	1	1	0
      211	2023-08-31 12:57:04	37	0	1	0
     2239	2023-08-31 17:02:53	37	1	1	0
     1539	2023-08-31 17:04:51	37	1	1	0
      910	2023-08-31 17:05:20	37	1	1	0
      132	2023-08-31 17:07:08	37	1	1	0
      318	2023-08-31 17:07:18	37	1	1	0
      176	2023-08-31 17:07:22	37	1	1	0
      176	2023-08-31 17:07:25	37	1	1	0
      653	2023-08-31 17:07:30	37	1	1	0
      435	2023-08-31 17:07:36	37	1	1	0
      710	2023-08-31 17:07:55	37	0	1	0
      710	2023-08-31 17:08:04	37	1	1	0
     1141	2023-08-31 17:08:22	37	1	1	0
     1141	2023-08-31 17:08:23	37	1	1	0
     2608	2023-08-31 17:08:29	37	1	1	0
     1129	2023-08-31 17:08:32	37	1	1	0
     1129	2023-08-31 17:08:34	37	1	1	0
       51	2023-08-31 17:09:18	37	1	1	0
      533	2023-08-31 17:11:12	37	1	1	0
     2891	2023-08-31 17:12:20	37	1	1	0
      306	2023-08-31 17:12:25	37	1	1	0
      306	2023-08-31 17:12:27	37	1	1	0
       61	2023-08-31 17:12:44	37	1	1	0
      211	2023-08-31 17:17:24	37	1	1	0
     1871	2023-08-31 17:17:29	37	1	1	0
     1871	2023-08-31 17:18:17	37	1	1	0
      211	2023-08-31 17:18:24	37	4	1	0
      528	2023-08-31 17:19:19	37	1	1	0
     1052	2023-08-31 17:19:37	37	1	1	0
      528	2023-08-31 17:20:02	37	4	1	0
     1052	2023-08-31 17:20:30	37	4	1	0
     1283	2023-08-31 17:20:35	37	1	1	0
     1283	2023-08-31 17:21:04	37	4	1	0
      211	2023-08-31 19:20:07	37	5	1	0
      528	2023-08-31 19:20:11	37	5	1	0
     1052	2023-08-31 19:20:19	37	5	1	0
     1283	2023-08-31 19:20:33	37	5	1	0
      653	2023-09-01 06:18:26	37	0	1	0
      653	2023-09-01 06:18:28	37	0	1	0
     1871	2023-09-01 06:19:05	37	0	1	0
     2891	2023-09-01 06:19:44	37	0	1	0
      132	2023-09-01 06:34:43	37	0	1	0
       51	2023-09-01 06:35:32	37	0	1	0
     1539	2023-09-01 06:36:08	37	0	1	0
     1539	2023-09-01 06:36:10	37	0	1	0
      435	2023-09-01 06:37:01	37	0	1	0
     1141	2023-09-01 06:37:36	37	0	1	0
     1141	2023-09-01 06:37:37	37	0	1	0
      211	2023-09-01 06:43:59	37	0	1	0
     2608	2023-09-01 06:45:42	37	0	1	0
     2239	2023-09-01 06:47:07	37	0	1	0
      118	2023-09-01 07:07:45	37	0	1	0
      533	2023-09-01 07:09:11	37	0	1	0
     1052	2023-09-01 07:20:18	37	0	1	0
     2041	2023-09-01 07:20:21	37	0	1	0
       61	2023-09-01 07:20:25	37	0	1	0
      306	2023-09-01 07:21:21	37	0	1	0
     1283	2023-09-01 07:34:41	37	0	1	0
      318	2023-09-01 07:38:06	37	0	1	0
      176	2023-09-01 07:41:26	37	0	1	0
      176	2023-09-01 07:41:28	37	0	1	0
      710	2023-09-01 07:47:34	37	0	1	0
      710	2023-09-01 07:47:36	37	0	1	0
     1129	2023-09-01 07:48:45	37	0	1	0
     1129	2023-09-01 07:48:54	37	0	1	0
      528	2023-09-01 07:49:06	37	0	1	0
      910	2023-09-01 07:54:53	37	0	1	0
     1658	2023-09-01 08:01:57	37	0	1	0
