     2736	2023-07-31 06:47:50	38	0	1	0
      837	2023-07-31 07:01:59	38	0	25	0
      837	2023-07-31 07:02:06	38	0	25	0
      660	2023-07-31 07:22:06	38	0	1	0
      501	2023-07-31 07:27:41	38	0	1	0
     2031	2023-07-31 07:34:40	38	0	1	0
     2031	2023-07-31 07:34:41	38	0	1	0
     1875	2023-07-31 07:38:04	38	0	1	0
      186	2023-07-31 07:43:10	38	0	1	0
     2062	2023-07-31 07:49:08	38	0	1	0
      170	2023-07-31 07:49:44	38	0	1	0
      170	2023-07-31 07:49:50	38	0	1	0
      220	2023-07-31 07:53:08	38	0	1	0
      143	2023-07-31 07:53:30	38	0	1	0
      143	2023-07-31 07:53:31	38	0	1	0
     1083	2023-07-31 07:53:48	38	0	1	0
      197	2023-07-31 07:54:48	38	0	1	0
      197	2023-07-31 07:54:51	38	0	1	0
      104	2023-07-31 07:55:06	38	0	1	0
      273	2023-07-31 07:55:20	38	0	1	0
     1455	2023-07-31 07:55:27	38	0	1	0
     1904	2023-07-31 07:56:22	38	0	1	0
     1904	2023-07-31 07:56:24	38	0	1	0
      175	2023-07-31 07:58:27	38	0	1	0
     1034	2023-07-31 07:59:27	38	0	25	0
      131	2023-07-31 07:59:33	38	0	1	0
     2671	2023-07-31 08:01:58	38	0	1	0
     2671	2023-07-31 08:01:59	38	0	1	0
     1886	2023-07-31 08:03:45	38	0	1	0
     1624	2023-07-31 08:04:07	38	0	1	0
     1624	2023-07-31 08:04:09	38	0	1	0
     1885	2023-07-31 08:04:21	38	0	1	0
      511	2023-07-31 08:04:41	38	0	25	0
     2855	2023-07-31 08:07:13	38	0	1	0
     2671	2023-07-31 12:02:28	38	1	1	0
      501	2023-07-31 12:05:05	38	1	1	0
     1875	2023-07-31 12:05:10	38	1	1	0
     2855	2023-07-31 12:05:28	38	1	1	0
     1885	2023-07-31 12:05:58	38	1	1	0
      197	2023-07-31 12:06:11	38	1	1	0
      197	2023-07-31 12:06:14	38	1	1	0
     1083	2023-07-31 12:06:21	38	1	1	0
      104	2023-07-31 12:07:08	38	1	1	0
     1886	2023-07-31 12:11:41	38	1	1	0
     1455	2023-07-31 12:12:15	38	1	1	0
      175	2023-07-31 12:12:25	38	1	1	0
      837	2023-07-31 12:13:00	38	1	25	0
      837	2023-07-31 12:13:05	38	1	25	0
     2736	2023-07-31 12:13:38	38	1	1	0
     1624	2023-07-31 12:16:57	38	1	1	0
     1624	2023-07-31 12:16:58	38	1	1	0
      220	2023-07-31 12:17:06	38	1	1	0
     2031	2023-07-31 12:17:18	38	1	1	0
      131	2023-07-31 12:17:36	38	1	1	0
      220	2023-07-31 12:18:22	38	0	1	0
      170	2023-07-31 12:22:34	38	1	1	0
      131	2023-07-31 12:24:48	38	0	1	0
     1904	2023-07-31 12:26:33	38	1	1	0
     1904	2023-07-31 12:26:35	38	1	1	0
     1875	2023-07-31 12:26:43	38	0	1	0
      143	2023-07-31 12:27:04	38	1	1	0
      143	2023-07-31 12:27:10	38	1	1	0
     1886	2023-07-31 12:30:02	38	0	1	0
      104	2023-07-31 12:30:14	38	0	1	0
      104	2023-07-31 12:30:16	38	0	1	0
     2736	2023-07-31 12:30:41	38	0	1	0
     1885	2023-07-31 12:30:59	38	0	1	0
      170	2023-07-31 12:31:13	38	0	1	0
     2062	2023-07-31 12:31:20	38	1	1	0
     2062	2023-07-31 12:31:26	38	1	1	0
      501	2023-07-31 12:31:39	38	0	1	0
      837	2023-07-31 12:31:55	38	0	25	0
      186	2023-07-31 12:32:36	38	1	1	0
     1904	2023-07-31 12:32:43	38	0	1	0
     1904	2023-07-31 12:32:45	38	0	1	0
     2855	2023-07-31 12:34:37	38	0	1	0
      143	2023-07-31 12:34:59	38	0	1	0
      143	2023-07-31 12:35:00	38	0	1	0
     1455	2023-07-31 12:36:23	38	0	1	0
     2062	2023-07-31 12:37:50	38	0	1	0
     2062	2023-07-31 12:37:56	38	0	1	0
     2031	2023-07-31 12:38:02	38	0	1	0
      186	2023-07-31 12:38:41	38	0	1	0
      511	2023-07-31 12:41:39	38	1	25	0
      660	2023-07-31 12:41:48	38	1	1	0
      511	2023-07-31 12:42:45	38	0	25	0
      660	2023-07-31 12:42:50	38	0	1	0
     1083	2023-07-31 12:43:57	38	0	1	0
      197	2023-07-31 12:44:06	38	0	1	0
      197	2023-07-31 12:44:10	38	0	1	0
     2671	2023-07-31 12:45:30	38	0	1	0
     2671	2023-07-31 12:45:31	38	0	1	0
     1624	2023-07-31 12:45:38	38	0	1	0
     1624	2023-07-31 12:45:40	38	0	1	0
      175	2023-07-31 12:49:18	38	0	1	0
     1034	2023-07-31 12:55:00	38	1	25	0
     1034	2023-07-31 12:59:14	38	0	25	0
     2736	2023-07-31 17:01:12	38	1	1	0
     2736	2023-07-31 17:01:13	38	1	1	0
     1034	2023-07-31 17:02:10	38	1	25	0
      837	2023-07-31 17:02:18	38	1	25	0
      837	2023-07-31 17:02:22	38	1	25	0
     2031	2023-07-31 17:02:38	38	1	1	0
     2031	2023-07-31 17:02:46	38	1	1	0
     2671	2023-07-31 17:02:59	38	1	1	0
     2671	2023-07-31 17:03:01	38	1	1	0
      511	2023-07-31 17:03:17	38	1	25	0
      660	2023-07-31 17:03:26	38	1	1	0
     1885	2023-07-31 17:03:35	38	1	1	0
     2855	2023-07-31 17:05:07	38	1	1	0
      143	2023-07-31 17:05:13	38	1	1	0
      143	2023-07-31 17:05:14	38	1	1	0
      186	2023-07-31 17:05:28	38	1	1	0
      501	2023-07-31 17:06:14	38	1	1	0
     1455	2023-07-31 17:07:16	38	1	1	0
      104	2023-07-31 17:07:21	38	1	1	0
      170	2023-07-31 17:08:35	38	1	1	0
      170	2023-07-31 17:08:37	38	1	1	0
     1455	2023-07-31 17:08:50	38	1	1	0
      143	2023-07-31 17:08:58	38	1	1	0
      143	2023-07-31 17:08:59	38	1	1	0
     2062	2023-07-31 17:09:08	38	1	1	0
     2062	2023-07-31 17:09:13	38	1	1	0
     1624	2023-07-31 17:09:41	38	1	1	0
     1624	2023-07-31 17:09:43	38	1	1	0
      131	2023-07-31 17:10:54	38	1	1	0
     1904	2023-07-31 17:12:38	38	1	1	0
     1904	2023-07-31 17:12:42	38	1	1	0
     1886	2023-07-31 17:12:50	38	1	1	0
      197	2023-07-31 17:14:37	38	1	1	0
      197	2023-07-31 17:14:40	38	1	1	0
      175	2023-07-31 17:20:00	38	1	1	0
     1083	2023-07-31 17:21:07	38	1	1	0
     1083	2023-07-31 17:21:15	38	1	1	0
     1875	2023-07-31 17:29:37	38	1	1	0
      273	2023-07-31 18:04:03	38	1	1	0
      273	2023-07-31 18:04:10	38	1	1	0
      220	2023-07-31 19:35:26	38	1	1	0
      140	2023-07-31 19:35:31	38	1	1	0
     1875	2023-08-01 07:01:10	38	0	1	0
      837	2023-08-01 07:01:17	38	0	25	0
      837	2023-08-01 07:01:25	38	0	25	0
      660	2023-08-01 07:26:04	38	0	1	0
      186	2023-08-01 07:44:34	38	0	1	0
      170	2023-08-01 07:45:42	38	0	1	0
      170	2023-08-01 07:45:48	38	0	1	0
     2031	2023-08-01 07:47:32	38	0	1	0
     2031	2023-08-01 07:47:34	38	0	1	0
      220	2023-08-01 07:48:56	38	0	1	0
     1885	2023-08-01 07:51:15	38	0	1	0
      104	2023-08-01 07:52:46	38	0	1	0
      143	2023-08-01 07:54:55	38	0	1	0
      143	2023-08-01 07:55:00	38	0	1	0
      175	2023-08-01 07:56:03	38	0	1	0
     1904	2023-08-01 07:56:07	38	0	1	0
     1904	2023-08-01 07:56:10	38	0	1	0
     2736	2023-08-01 07:56:12	38	0	1	0
      501	2023-08-01 07:56:30	38	0	1	0
      197	2023-08-01 07:57:06	38	0	1	0
      197	2023-08-01 07:57:09	38	0	1	0
     2062	2023-08-01 07:59:24	38	0	1	0
      131	2023-08-01 07:59:33	38	0	1	0
     1886	2023-08-01 08:01:43	38	0	1	0
     1034	2023-08-01 08:03:26	38	0	1	0
     2671	2023-08-01 08:08:09	38	0	1	0
     1083	2023-08-01 08:08:39	38	0	1	0
      511	2023-08-01 08:09:40	38	0	25	0
     1455	2023-08-01 08:10:21	38	0	1	0
     2855	2023-08-01 08:20:25	38	0	1	0
     2736	2023-08-01 12:01:40	38	1	1	0
     2855	2023-08-01 12:02:06	38	1	1	0
      660	2023-08-01 12:03:26	38	1	1	0
     1886	2023-08-01 12:03:56	38	1	1	0
     1904	2023-08-01 12:05:32	38	1	1	0
     1904	2023-08-01 12:05:36	38	1	1	0
     1885	2023-08-01 12:06:28	38	1	1	0
     2062	2023-08-01 12:06:33	38	1	1	0
     2062	2023-08-01 12:06:39	38	1	1	0
     1904	2023-08-01 12:09:36	38	0	1	0
     1904	2023-08-01 12:09:43	38	0	1	0
      186	2023-08-01 12:09:53	38	0	1	0
      143	2023-08-01 12:10:10	38	1	1	0
      143	2023-08-01 12:10:12	38	1	1	0
     1875	2023-08-01 12:10:26	38	1	1	0
      220	2023-08-01 12:10:32	38	1	1	0
     2855	2023-08-01 12:11:36	38	0	1	0
      186	2023-08-01 12:11:48	38	0	1	0
      170	2023-08-01 12:12:00	38	1	1	0
      837	2023-08-01 12:12:07	38	1	25	0
     1455	2023-08-01 12:12:14	38	1	1	0
     2031	2023-08-01 12:12:24	38	1	1	0
     2736	2023-08-01 12:12:39	38	0	1	0
      220	2023-08-01 12:14:22	38	0	1	0
      143	2023-08-01 12:15:28	38	0	1	0
      143	2023-08-01 12:15:30	38	0	1	0
      131	2023-08-01 12:17:26	38	1	1	0
      501	2023-08-01 12:22:20	38	1	1	0
     1886	2023-08-01 12:25:55	38	0	1	0
      104	2023-08-01 12:27:23	38	1	1	0
      131	2023-08-01 12:31:20	38	0	1	0
     2062	2023-08-01 12:31:28	38	0	1	0
     2062	2023-08-01 12:31:34	38	0	1	0
     1875	2023-08-01 12:31:48	38	0	1	0
      197	2023-08-01 12:31:57	38	1	1	0
      197	2023-08-01 12:32:00	38	1	1	0
      197	2023-08-01 12:32:03	38	1	1	0
      660	2023-08-01 12:32:54	38	0	1	0
      511	2023-08-01 12:33:10	38	1	25	0
      837	2023-08-01 12:33:35	38	0	25	0
      104	2023-08-01 12:35:18	38	0	1	0
     1455	2023-08-01 12:36:00	38	0	1	0
     1083	2023-08-01 12:37:24	38	1	1	0
     2031	2023-08-01 12:37:34	38	0	1	0
      501	2023-08-01 12:38:36	38	0	1	0
      170	2023-08-01 12:38:42	38	0	1	0
      197	2023-08-01 12:38:54	38	0	1	0
      197	2023-08-01 12:38:57	38	0	1	0
     1885	2023-08-01 12:47:10	38	0	1	0
     1083	2023-08-01 12:48:54	38	0	1	0
      511	2023-08-01 12:52:16	38	0	25	0
     2671	2023-08-01 12:53:56	38	1	1	0
     2671	2023-08-01 12:55:05	38	0	1	0
     2671	2023-08-01 12:55:07	38	0	1	0
      186	2023-08-01 12:57:06	38	0	1	0
      197	2023-08-01 12:59:05	38	0	1	0
      197	2023-08-01 12:59:08	38	0	1	0
      837	2023-08-01 17:01:24	38	1	25	0
      837	2023-08-01 17:01:32	38	1	25	0
     2736	2023-08-01 17:01:37	38	1	1	0
     2736	2023-08-01 17:01:38	38	1	1	0
     1885	2023-08-01 17:01:44	38	1	1	0
      170	2023-08-01 17:01:50	38	1	1	0
      170	2023-08-01 17:01:56	38	1	1	0
      143	2023-08-01 17:02:02	38	1	1	0
      143	2023-08-01 17:02:03	38	1	1	0
     2031	2023-08-01 17:02:40	38	1	1	0
     2031	2023-08-01 17:02:41	38	1	1	0
     2671	2023-08-01 17:03:25	38	1	1	0
     2671	2023-08-01 17:03:27	38	1	1	0
      501	2023-08-01 17:04:53	38	1	1	0
     1455	2023-08-01 17:05:02	38	1	1	0
      186	2023-08-01 17:05:09	38	1	1	0
      104	2023-08-01 17:06:28	38	1	1	0
     1904	2023-08-01 17:08:29	38	1	1	0
     1904	2023-08-01 17:08:32	38	1	1	0
     1083	2023-08-01 17:09:24	38	1	1	0
     1083	2023-08-01 17:09:30	38	1	1	0
     1886	2023-08-01 17:09:38	38	1	1	0
      197	2023-08-01 17:09:44	38	1	1	0
      197	2023-08-01 17:09:53	38	1	1	0
     2062	2023-08-01 17:10:46	38	1	1	0
     2062	2023-08-01 17:10:51	38	1	1	0
      131	2023-08-01 17:10:57	38	1	1	0
      511	2023-08-01 17:12:40	38	1	25	0
      511	2023-08-01 17:12:42	38	1	25	0
      660	2023-08-01 17:14:21	38	1	1	0
      220	2023-08-01 17:16:00	38	1	1	0
     1875	2023-08-01 17:16:37	38	1	1	0
     1034	2023-08-01 17:18:40	38	1	25	0
     1034	2023-08-01 17:37:12	38	1	25	0
      175	2023-08-01 17:41:00	38	1	1	0
     2855	2023-08-01 18:33:26	38	1	1	0
      837	2023-08-02 07:00:34	38	0	25	0
      837	2023-08-02 07:00:38	38	0	25	0
      660	2023-08-02 07:27:13	38	0	1	0
     2031	2023-08-02 07:35:38	38	0	1	0
     2031	2023-08-02 07:35:40	38	0	1	0
      186	2023-08-02 07:42:35	38	0	1	0
     2736	2023-08-02 07:47:50	38	0	1	0
      501	2023-08-02 07:48:48	38	0	1	0
      220	2023-08-02 07:48:58	38	0	1	0
     1904	2023-08-02 07:53:25	38	0	1	0
     1904	2023-08-02 07:53:27	38	0	1	0
      170	2023-08-02 07:53:32	38	0	1	0
      170	2023-08-02 07:53:37	38	0	1	0
      143	2023-08-02 07:54:28	38	0	1	0
      143	2023-08-02 07:54:29	38	0	1	0
     1875	2023-08-02 07:54:45	38	0	1	0
      197	2023-08-02 07:54:57	38	0	1	0
      197	2023-08-02 07:55:00	38	0	1	0
     1624	2023-08-02 07:55:52	38	0	1	0
     1624	2023-08-02 07:55:54	38	0	1	0
     1886	2023-08-02 07:56:37	38	0	1	0
     2062	2023-08-02 07:56:42	38	0	1	0
      131	2023-08-02 07:57:13	38	0	1	0
      104	2023-08-02 07:57:33	38	0	1	0
      104	2023-08-02 07:57:34	38	0	1	0
     2671	2023-08-02 07:58:35	38	0	1	0
     2671	2023-08-02 07:58:36	38	0	1	0
     1034	2023-08-02 07:59:41	38	0	25	0
      175	2023-08-02 08:00:49	38	0	1	0
     1885	2023-08-02 08:03:35	38	0	1	0
     2855	2023-08-02 08:10:50	38	0	1	0
     1455	2023-08-02 08:21:57	38	0	1	0
      511	2023-08-02 08:38:44	38	0	25	0
      837	2023-08-02 12:01:17	38	1	25	0
     2031	2023-08-02 12:01:42	38	1	25	0
     2031	2023-08-02 12:01:46	38	1	25	0
     2736	2023-08-02 12:02:40	38	1	1	0
      170	2023-08-02 12:03:15	38	1	1	0
     2855	2023-08-02 12:03:24	38	1	1	0
     2671	2023-08-02 12:03:35	38	1	1	0
     2671	2023-08-02 12:03:36	38	1	1	0
     1455	2023-08-02 12:03:39	38	1	1	0
     1624	2023-08-02 12:04:44	38	1	1	0
     1624	2023-08-02 12:04:49	38	1	1	0
     1885	2023-08-02 12:04:56	38	1	1	0
      501	2023-08-02 12:06:05	38	1	1	0
      186	2023-08-02 12:06:11	38	1	1	0
      104	2023-08-02 12:06:23	38	1	1	0
      660	2023-08-02 12:11:58	38	1	1	0
      660	2023-08-02 12:12:18	38	1	1	0
      104	2023-08-02 12:16:41	38	0	1	0
     2736	2023-08-02 12:19:54	38	0	1	0
      511	2023-08-02 12:20:54	38	1	25	0
     1904	2023-08-02 12:21:21	38	1	1	0
     1904	2023-08-02 12:21:23	38	1	1	0
     1886	2023-08-02 12:22:17	38	1	1	0
     1875	2023-08-02 12:22:26	38	1	1	0
     2855	2023-08-02 12:24:52	38	0	1	0
     2671	2023-08-02 12:25:15	38	0	1	0
     2671	2023-08-02 12:25:16	38	0	1	0
     1875	2023-08-02 12:26:05	38	0	1	0
      837	2023-08-02 12:26:19	38	0	25	0
     2062	2023-08-02 12:26:37	38	1	1	0
     2062	2023-08-02 12:26:42	38	1	1	0
      186	2023-08-02 12:30:04	38	0	1	0
      501	2023-08-02 12:30:10	38	0	1	0
      143	2023-08-02 12:30:16	38	1	1	0
     1886	2023-08-02 12:32:20	38	0	1	0
      660	2023-08-02 12:32:28	38	0	1	0
      170	2023-08-02 12:33:09	38	0	1	0
      197	2023-08-02 12:33:26	38	1	1	0
      197	2023-08-02 12:33:29	38	1	1	0
      197	2023-08-02 12:34:50	38	0	1	0
      197	2023-08-02 12:34:52	38	0	1	0
      511	2023-08-02 12:35:25	38	0	25	0
     1904	2023-08-02 12:38:35	38	0	1	0
     1904	2023-08-02 12:38:38	38	0	1	0
      143	2023-08-02 12:39:10	38	0	1	0
      143	2023-08-02 12:39:12	38	0	1	0
     2031	2023-08-02 12:39:18	38	0	1	0
     2031	2023-08-02 12:39:19	38	0	1	0
     1885	2023-08-02 12:40:02	38	0	1	0
     2062	2023-08-02 12:40:36	38	0	25	0
     2062	2023-08-02 12:40:41	38	0	25	0
     1624	2023-08-02 12:42:15	38	0	1	0
     1624	2023-08-02 12:42:16	38	0	1	0
     2736	2023-08-02 17:02:03	38	1	1	0
     2736	2023-08-02 17:02:05	38	1	1	0
      837	2023-08-02 17:02:13	38	1	25	0
      837	2023-08-02 17:02:18	38	1	25	0
      170	2023-08-02 17:02:23	38	1	1	0
      170	2023-08-02 17:02:29	38	1	1	0
     1455	2023-08-02 17:02:34	38	1	1	0
      143	2023-08-02 17:02:40	38	1	1	0
      143	2023-08-02 17:02:42	38	1	1	0
     2031	2023-08-02 17:02:47	38	1	1	0
     2031	2023-08-02 17:02:48	38	1	1	0
     1455	2023-08-02 17:02:56	38	1	1	0
     2855	2023-08-02 17:03:05	38	1	1	0
     2671	2023-08-02 17:03:11	38	1	1	0
     2671	2023-08-02 17:03:12	38	1	1	0
     1885	2023-08-02 17:03:32	38	1	1	0
      186	2023-08-02 17:04:06	38	1	1	0
      501	2023-08-02 17:05:00	38	1	1	0
      104	2023-08-02 17:05:07	38	1	1	0
      104	2023-08-02 17:05:08	38	1	1	0
     1624	2023-08-02 17:05:13	38	1	1	0
     1624	2023-08-02 17:05:15	38	1	1	0
      660	2023-08-02 17:05:45	38	1	1	0
     2062	2023-08-02 17:06:27	38	1	1	0
     2062	2023-08-02 17:06:33	38	1	1	0
      197	2023-08-02 17:07:53	38	1	1	0
      197	2023-08-02 17:07:56	38	1	1	0
      511	2023-08-02 17:08:46	38	1	25	0
      220	2023-08-02 17:10:39	38	1	1	0
     1886	2023-08-02 17:11:04	38	1	1	0
      131	2023-08-02 17:11:52	38	1	1	0
     1904	2023-08-02 17:12:17	38	1	1	0
     1904	2023-08-02 17:12:19	38	1	1	0
     1875	2023-08-02 17:15:21	38	1	1	0
     1034	2023-08-02 17:18:46	38	1	25	0
      175	2023-08-02 17:18:55	38	1	1	0
      837	2023-08-03 07:01:02	38	0	25	0
      837	2023-08-03 07:01:05	38	0	25	0
      660	2023-08-03 07:17:03	38	0	1	0
     1455	2023-08-03 07:25:01	38	0	1	0
      501	2023-08-03 07:38:37	38	0	1	0
     2031	2023-08-03 07:40:26	38	0	1	0
     2031	2023-08-03 07:40:28	38	0	1	0
      186	2023-08-03 07:41:31	38	0	1	0
      170	2023-08-03 07:46:11	38	0	1	0
      170	2023-08-03 07:46:17	38	0	1	0
     1875	2023-08-03 07:52:03	38	0	1	0
      143	2023-08-03 07:52:09	38	0	1	0
      143	2023-08-03 07:52:10	38	0	1	0
      104	2023-08-03 07:55:22	38	0	1	0
     2062	2023-08-03 07:56:09	38	0	1	0
     1885	2023-08-03 07:56:24	38	0	1	0
     1624	2023-08-03 07:59:05	38	0	1	0
     1624	2023-08-03 07:59:07	38	0	1	0
      197	2023-08-03 07:59:11	38	0	1	0
      197	2023-08-03 07:59:13	38	0	1	0
     1034	2023-08-03 08:00:09	38	0	1	0
      175	2023-08-03 08:00:22	38	0	1	0
     1083	2023-08-03 08:02:51	38	0	1	0
      131	2023-08-03 08:03:56	38	0	1	0
      220	2023-08-03 08:06:18	38	0	1	0
     1904	2023-08-03 08:07:06	38	0	1	0
     1904	2023-08-03 08:07:09	38	0	1	0
     2736	2023-08-03 08:07:41	38	0	1	0
     1886	2023-08-03 08:15:46	38	0	1	0
      511	2023-08-03 08:27:43	38	0	25	0
     2671	2023-08-03 09:04:05	38	0	1	0
     2671	2023-08-03 09:04:06	38	0	1	0
      501	2023-08-03 12:03:07	38	1	1	0
     2671	2023-08-03 12:03:11	38	1	1	0
     2671	2023-08-03 12:03:15	38	1	1	0
     2736	2023-08-03 12:03:21	38	1	1	0
      131	2023-08-03 12:03:29	38	1	1	0
      197	2023-08-03 12:04:30	38	1	1	0
      197	2023-08-03 12:04:33	38	1	1	0
     1885	2023-08-03 12:05:08	38	1	1	0
     1624	2023-08-03 12:05:24	38	1	1	0
     1624	2023-08-03 12:05:25	38	1	1	0
     2671	2023-08-03 12:06:38	38	0	1	0
     2671	2023-08-03 12:06:41	38	0	1	0
      511	2023-08-03 12:10:14	38	1	25	0
      170	2023-08-03 12:11:11	38	1	1	0
      837	2023-08-03 12:11:36	38	1	25	0
     2031	2023-08-03 12:11:40	38	1	1	0
     2031	2023-08-03 12:11:41	38	1	1	0
      660	2023-08-03 12:11:49	38	1	1	0
     1034	2023-08-03 12:12:06	38	1	25	0
     1904	2023-08-03 12:12:20	38	1	1	0
     1904	2023-08-03 12:12:22	38	1	1	0
      660	2023-08-03 12:12:39	38	0	1	0
      175	2023-08-03 12:13:01	38	1	1	0
     1886	2023-08-03 12:13:06	38	1	1	0
      501	2023-08-03 12:13:31	38	0	1	0
     1083	2023-08-03 12:13:41	38	1	1	0
     2062	2023-08-03 12:20:31	38	1	1	0
     2062	2023-08-03 12:20:37	38	1	1	0
     2736	2023-08-03 12:22:03	38	0	1	0
      186	2023-08-03 12:23:35	38	1	1	0
     1886	2023-08-03 12:24:01	38	0	1	0
     1875	2023-08-03 12:24:09	38	1	1	0
      186	2023-08-03 12:24:52	38	0	1	0
      511	2023-08-03 12:25:07	38	0	25	0
      837	2023-08-03 12:25:37	38	0	25	0
      220	2023-08-03 12:29:10	38	1	1	0
      143	2023-08-03 12:29:16	38	1	1	0
      143	2023-08-03 12:29:18	38	1	1	0
     2062	2023-08-03 12:29:29	38	0	1	0
     2062	2023-08-03 12:29:35	38	0	1	0
     2031	2023-08-03 12:29:40	38	0	1	0
     2031	2023-08-03 12:29:42	38	0	1	0
     1624	2023-08-03 12:30:49	38	0	1	0
     1624	2023-08-03 12:30:50	38	0	1	0
     1885	2023-08-03 12:30:57	38	0	1	0
      170	2023-08-03 12:31:15	38	0	1	0
     1034	2023-08-03 12:32:58	38	0	25	0
      143	2023-08-03 12:34:20	38	0	1	0
      220	2023-08-03 12:37:02	38	0	1	0
     1455	2023-08-03 12:37:16	38	1	1	0
     1875	2023-08-03 12:37:25	38	0	1	0
      175	2023-08-03 12:41:20	38	0	1	0
     1083	2023-08-03 12:41:38	38	0	1	0
     1904	2023-08-03 12:42:48	38	0	1	0
     1904	2023-08-03 12:42:51	38	0	1	0
     1904	2023-08-03 12:45:49	38	0	1	0
     1904	2023-08-03 12:45:52	38	0	1	0
      197	2023-08-03 12:46:54	38	0	1	0
      197	2023-08-03 12:46:57	38	0	1	0
     2855	2023-08-03 12:51:03	38	0	1	0
     1455	2023-08-03 13:04:34	38	0	1	0
      837	2023-08-03 17:01:29	38	1	25	0
      837	2023-08-03 17:01:32	38	1	25	0
      837	2023-08-03 17:01:35	38	1	25	0
      660	2023-08-03 17:01:42	38	1	1	0
     2736	2023-08-03 17:01:45	38	1	1	0
     2736	2023-08-03 17:01:46	38	1	1	0
      511	2023-08-03 17:01:54	38	1	25	0
     2031	2023-08-03 17:02:01	38	1	1	0
     2031	2023-08-03 17:02:02	38	1	1	0
     2671	2023-08-03 17:02:07	38	1	1	0
     2671	2023-08-03 17:02:08	38	1	1	0
     2855	2023-08-03 17:02:18	38	1	1	0
      170	2023-08-03 17:02:24	38	1	1	0
      170	2023-08-03 17:02:30	38	1	1	0
      104	2023-08-03 17:02:36	38	1	1	0
      186	2023-08-03 17:02:43	38	1	1	0
     1455	2023-08-03 17:02:52	38	1	1	0
      143	2023-08-03 17:03:56	38	1	1	0
      143	2023-08-03 17:03:57	38	1	1	0
     1624	2023-08-03 17:04:03	38	1	1	0
     1624	2023-08-03 17:04:05	38	1	1	0
     1885	2023-08-03 17:04:12	38	1	1	0
     1886	2023-08-03 17:08:22	38	1	1	0
     1904	2023-08-03 17:10:17	38	1	1	0
     1904	2023-08-03 17:10:20	38	1	1	0
     2062	2023-08-03 17:10:26	38	1	1	0
     2062	2023-08-03 17:10:44	38	1	1	0
      143	2023-08-03 17:10:55	38	1	1	0
      220	2023-08-03 17:13:46	38	1	1	0
     1083	2023-08-03 17:14:02	38	1	1	0
     1083	2023-08-03 17:14:24	38	1	1	0
      197	2023-08-03 17:15:23	38	1	1	0
      197	2023-08-03 17:15:26	38	1	1	0
     1886	2023-08-03 17:17:12	38	1	1	0
      131	2023-08-03 17:17:15	38	1	1	0
     1875	2023-08-03 17:33:59	38	1	1	0
      501	2023-08-03 17:59:13	38	1	1	0
     1034	2023-08-03 18:09:35	38	1	25	0
      175	2023-08-03 18:09:54	38	1	1	0
      837	2023-08-04 07:01:07	38	0	25	0
      837	2023-08-04 07:01:11	38	0	25	0
      660	2023-08-04 07:33:11	38	0	1	0
     2736	2023-08-04 07:37:31	38	0	1	0
      186	2023-08-04 07:45:52	38	0	1	0
      170	2023-08-04 07:46:19	38	0	1	0
      170	2023-08-04 07:46:25	38	0	1	0
     1455	2023-08-04 07:47:06	38	0	1	0
     2031	2023-08-04 07:48:30	38	0	1	0
     2031	2023-08-04 07:48:32	38	0	1	0
      220	2023-08-04 07:49:28	38	0	1	0
     2062	2023-08-04 07:50:02	38	0	1	0
      175	2023-08-04 07:52:23	38	0	1	0
     1904	2023-08-04 07:53:01	38	0	1	0
     1904	2023-08-04 07:53:04	38	0	1	0
      501	2023-08-04 07:53:13	38	0	1	0
      104	2023-08-04 07:53:21	38	0	1	0
      104	2023-08-04 07:53:23	38	0	1	0
     1624	2023-08-04 07:55:02	38	0	1	0
     1624	2023-08-04 07:55:04	38	0	1	0
     2671	2023-08-04 07:58:08	38	0	1	0
     1083	2023-08-04 07:58:14	38	0	1	0
     1034	2023-08-04 08:00:21	38	0	1	0
      143	2023-08-04 08:01:50	38	0	1	0
      143	2023-08-04 08:02:08	38	0	1	0
      197	2023-08-04 08:03:06	38	0	1	0
      197	2023-08-04 08:03:09	38	0	1	0
     1885	2023-08-04 08:03:32	38	0	1	0
     2855	2023-08-04 08:07:43	38	0	1	0
      131	2023-08-04 08:25:06	38	0	1	0
      511	2023-08-04 08:38:23	38	0	25	0
      837	2023-08-04 12:01:30	38	1	25	0
     2736	2023-08-04 12:01:54	38	1	1	0
     2671	2023-08-04 12:02:06	38	1	1	0
      143	2023-08-04 12:02:32	38	1	1	0
      143	2023-08-04 12:02:34	38	1	1	0
     1455	2023-08-04 12:03:02	38	1	1	0
      660	2023-08-04 12:06:17	38	1	1	0
     1034	2023-08-04 12:08:12	38	1	25	0
     2855	2023-08-04 12:08:59	38	1	1	0
      511	2023-08-04 12:09:27	38	1	25	0
     2031	2023-08-04 12:09:31	38	1	1	0
     2031	2023-08-04 12:09:32	38	1	1	0
      501	2023-08-04 12:09:38	38	1	1	0
     1455	2023-08-04 12:09:49	38	1	1	0
     2671	2023-08-04 12:09:58	38	0	1	0
     2671	2023-08-04 12:09:59	38	0	1	0
     1904	2023-08-04 12:13:45	38	1	1	0
     1904	2023-08-04 12:13:47	38	1	1	0
      220	2023-08-04 12:14:27	38	1	1	0
      143	2023-08-04 12:14:45	38	0	1	0
      143	2023-08-04 12:14:46	38	0	1	0
      131	2023-08-04 12:15:08	38	1	1	0
      170	2023-08-04 12:16:23	38	1	1	0
      837	2023-08-04 12:16:52	38	0	25	0
     1034	2023-08-04 12:17:52	38	0	25	0
     1885	2023-08-04 12:22:23	38	1	1	0
     1624	2023-08-04 12:22:29	38	1	1	0
     1624	2023-08-04 12:22:30	38	1	1	0
      131	2023-08-04 12:22:44	38	0	1	0
     1904	2023-08-04 12:24:28	38	0	1	0
      660	2023-08-04 12:24:31	38	0	1	0
     1904	2023-08-04 12:24:32	38	0	1	0
      220	2023-08-04 12:24:38	38	0	1	0
     2736	2023-08-04 12:28:17	38	0	1	0
     1083	2023-08-04 12:30:17	38	1	1	0
     2855	2023-08-04 12:35:57	38	0	1	0
     1886	2023-08-04 12:36:31	38	0	1	0
      170	2023-08-04 12:36:59	38	0	1	0
     1455	2023-08-04 12:37:03	38	0	1	0
     1885	2023-08-04 12:37:31	38	0	1	0
      501	2023-08-04 12:41:25	38	0	1	0
      197	2023-08-04 12:44:57	38	1	1	0
      175	2023-08-04 12:45:03	38	1	1	0
     2062	2023-08-04 12:45:26	38	1	1	0
     2062	2023-08-04 12:45:31	38	1	1	0
     1624	2023-08-04 12:45:52	38	0	1	0
     1624	2023-08-04 12:45:54	38	0	1	0
      197	2023-08-04 12:45:59	38	0	1	0
      197	2023-08-04 12:46:01	38	0	1	0
      197	2023-08-04 12:46:04	38	0	1	0
      186	2023-08-04 12:46:17	38	1	1	0
      175	2023-08-04 12:46:50	38	0	1	0
     1083	2023-08-04 12:49:26	38	0	1	0
     2062	2023-08-04 12:49:46	38	0	1	0
     2062	2023-08-04 12:49:51	38	0	1	0
      186	2023-08-04 12:56:08	38	0	1	0
     1455	2023-08-04 17:01:15	38	1	1	0
      170	2023-08-04 17:01:21	38	1	1	0
      170	2023-08-04 17:01:27	38	1	1	0
      837	2023-08-04 17:01:33	38	1	25	0
      837	2023-08-04 17:01:39	38	1	25	0
     2062	2023-08-04 17:01:45	38	1	1	0
     2062	2023-08-04 17:01:51	38	1	1	0
      143	2023-08-04 17:01:57	38	1	1	0
      143	2023-08-04 17:01:59	38	1	1	0
     1624	2023-08-04 17:02:04	38	1	1	0
     1624	2023-08-04 17:02:06	38	1	1	0
      186	2023-08-04 17:02:11	38	1	1	0
     2736	2023-08-04 17:02:28	38	1	1	0
     2736	2023-08-04 17:02:29	38	1	1	0
     1904	2023-08-04 17:02:40	38	1	1	0
     1904	2023-08-04 17:02:42	38	1	1	0
     1083	2023-08-04 17:02:55	38	1	1	0
     1083	2023-08-04 17:03:00	38	1	1	0
     1885	2023-08-04 17:03:07	38	1	1	0
     1034	2023-08-04 17:03:23	38	1	25	0
     2671	2023-08-04 17:05:59	38	1	1	0
     2671	2023-08-04 17:06:00	38	1	1	0
      501	2023-08-04 17:06:36	38	1	1	0
     2855	2023-08-04 17:07:34	38	1	1	0
      131	2023-08-04 17:10:00	38	1	1	0
      197	2023-08-04 17:12:15	38	1	1	0
      197	2023-08-04 17:12:18	38	1	1	0
     1624	2023-08-04 17:12:50	38	1	1	0
      143	2023-08-04 17:13:22	38	1	1	0
     1886	2023-08-04 17:13:36	38	1	1	0
      220	2023-08-04 17:16:07	38	1	1	0
      175	2023-08-04 17:57:42	38	1	1	0
      660	2023-08-04 18:34:24	38	1	1	0
      837	2023-08-07 07:03:56	38	0	25	0
      837	2023-08-07 07:04:00	38	0	25	0
      660	2023-08-07 07:23:13	38	0	1	0
     1875	2023-08-07 07:29:11	38	0	1	0
      501	2023-08-07 07:31:25	38	0	1	0
      220	2023-08-07 07:36:28	38	0	1	0
     1885	2023-08-07 07:43:36	38	0	1	0
      197	2023-08-07 07:47:08	38	0	1	0
      197	2023-08-07 07:47:11	38	0	1	0
      170	2023-08-07 07:47:17	38	0	1	0
      170	2023-08-07 07:47:23	38	0	1	0
      131	2023-08-07 07:49:19	38	0	1	0
      273	2023-08-07 07:54:02	38	0	1	0
      104	2023-08-07 07:55:28	38	0	1	0
     1904	2023-08-07 07:57:07	38	0	1	0
     1904	2023-08-07 07:57:09	38	0	1	0
      175	2023-08-07 07:57:32	38	0	1	0
     1083	2023-08-07 07:58:01	38	0	1	0
      143	2023-08-07 07:59:52	38	0	1	0
      143	2023-08-07 07:59:57	38	0	1	0
     2062	2023-08-07 08:00:08	38	0	1	0
     1624	2023-08-07 08:03:37	38	0	1	0
     1624	2023-08-07 08:03:39	38	0	1	0
     1034	2023-08-07 08:03:44	38	0	25	0
     1886	2023-08-07 08:04:04	38	0	1	0
     2671	2023-08-07 08:07:18	38	0	1	0
     2671	2023-08-07 08:07:19	38	0	1	0
     2736	2023-08-07 08:19:05	38	0	1	0
     2855	2023-08-07 08:24:52	38	0	1	0
     1455	2023-08-07 08:28:14	38	0	1	0
      511	2023-08-07 08:49:00	38	0	25	0
     2736	2023-08-07 12:01:21	38	1	1	0
      170	2023-08-07 12:01:27	38	1	1	0
     1034	2023-08-07 12:01:53	38	1	25	0
     2062	2023-08-07 12:02:12	38	1	1	0
     2062	2023-08-07 12:02:17	38	1	1	0
      837	2023-08-07 12:02:28	38	1	25	0
      837	2023-08-07 12:02:40	38	1	25	0
     2671	2023-08-07 12:02:46	38	1	1	0
     1624	2023-08-07 12:05:33	38	1	1	0
     1624	2023-08-07 12:05:34	38	1	1	0
      660	2023-08-07 12:12:00	38	1	1	0
     1886	2023-08-07 12:14:07	38	1	1	0
     1904	2023-08-07 12:14:18	38	1	1	0
     1904	2023-08-07 12:14:21	38	1	1	0
     1875	2023-08-07 12:15:10	38	1	1	0
      197	2023-08-07 12:19:44	38	1	1	0
      197	2023-08-07 12:19:48	38	1	1	0
      104	2023-08-07 12:24:50	38	1	1	0
      104	2023-08-07 12:24:51	38	1	1	0
      175	2023-08-07 12:29:47	38	1	1	0
      220	2023-08-07 12:29:58	38	1	1	0
      143	2023-08-07 12:30:01	38	1	1	0
      220	2023-08-07 12:30:32	38	0	1	0
      170	2023-08-07 12:31:36	38	0	1	0
      837	2023-08-07 12:31:42	38	0	25	0
     2671	2023-08-07 12:32:11	38	0	1	0
     2671	2023-08-07 12:32:13	38	0	1	0
     1624	2023-08-07 12:32:25	38	0	1	0
     1624	2023-08-07 12:32:26	38	0	1	0
     1455	2023-08-07 12:32:30	38	1	1	0
     1886	2023-08-07 12:32:37	38	0	1	0
      660	2023-08-07 12:32:46	38	0	1	0
     2736	2023-08-07 12:32:55	38	0	1	0
     2062	2023-08-07 12:33:03	38	0	1	0
     2062	2023-08-07 12:33:08	38	0	1	0
     1875	2023-08-07 12:33:34	38	0	1	0
      143	2023-08-07 12:35:29	38	0	1	0
      143	2023-08-07 12:35:31	38	0	1	0
      104	2023-08-07 12:38:57	38	0	1	0
     1904	2023-08-07 12:39:20	38	0	1	0
     1904	2023-08-07 12:39:22	38	0	1	0
     1034	2023-08-07 12:40:10	38	0	25	0
      175	2023-08-07 12:43:54	38	0	1	0
      131	2023-08-07 12:44:15	38	1	1	0
      197	2023-08-07 12:44:22	38	0	1	0
      197	2023-08-07 12:44:24	38	0	1	0
     1455	2023-08-07 12:44:54	38	0	1	0
      131	2023-08-07 12:48:06	38	0	1	0
      511	2023-08-07 12:48:26	38	0	25	0
      511	2023-08-07 12:48:31	38	1	25	0
     1885	2023-08-07 17:01:18	38	1	1	0
      837	2023-08-07 17:01:55	38	1	25	0
      837	2023-08-07 17:01:59	38	1	25	0
      170	2023-08-07 17:02:12	38	1	1	0
     1455	2023-08-07 17:02:44	38	1	1	0
      104	2023-08-07 17:02:52	38	1	1	0
      170	2023-08-07 17:03:02	38	1	1	0
      501	2023-08-07 17:03:13	38	1	1	0
     1904	2023-08-07 17:03:28	38	1	1	0
     1904	2023-08-07 17:03:30	38	1	1	0
      143	2023-08-07 17:03:32	38	1	1	0
      143	2023-08-07 17:03:34	38	1	1	0
     1624	2023-08-07 17:03:39	38	1	1	0
     1624	2023-08-07 17:03:42	38	1	1	0
     2062	2023-08-07 17:03:56	38	1	1	0
     2062	2023-08-07 17:04:01	38	1	1	0
     2736	2023-08-07 17:05:05	38	1	1	0
     2736	2023-08-07 17:05:06	38	1	1	0
      660	2023-08-07 17:06:21	38	1	1	0
     2671	2023-08-07 17:06:25	38	1	1	0
     2671	2023-08-07 17:06:26	38	1	1	0
     1083	2023-08-07 17:06:32	38	1	1	0
     1083	2023-08-07 17:06:38	38	1	1	0
      131	2023-08-07 17:06:47	38	1	1	0
     2855	2023-08-07 17:07:03	38	1	1	0
      273	2023-08-07 17:08:07	38	1	1	0
      220	2023-08-07 17:10:01	38	1	1	0
     1886	2023-08-07 17:10:07	38	1	1	0
      511	2023-08-07 17:10:50	38	1	25	0
     1034	2023-08-07 17:15:57	38	1	25	0
     1875	2023-08-07 17:33:49	38	1	1	0
      197	2023-08-07 17:34:37	38	1	1	0
      197	2023-08-07 17:34:39	38	1	1	0
      175	2023-08-07 18:14:32	38	1	1	0
      837	2023-08-08 06:53:38	38	0	25	0
      837	2023-08-08 06:53:41	38	0	25	0
     1875	2023-08-08 07:06:10	38	0	1	0
      660	2023-08-08 07:26:49	38	0	1	0
      501	2023-08-08 07:40:35	38	0	1	0
      220	2023-08-08 07:41:42	38	0	1	0
     2736	2023-08-08 07:45:36	38	0	1	0
      186	2023-08-08 07:45:54	38	0	1	0
     1904	2023-08-08 07:50:19	38	0	1	0
     1904	2023-08-08 07:50:21	38	0	1	0
     1886	2023-08-08 07:53:19	38	0	1	0
      197	2023-08-08 07:54:06	38	0	1	0
      197	2023-08-08 07:54:09	38	0	1	0
     1624	2023-08-08 07:55:57	38	0	1	0
     1624	2023-08-08 07:55:59	38	0	1	0
     1885	2023-08-08 07:56:05	38	0	1	0
     2062	2023-08-08 07:57:15	38	0	1	0
      131	2023-08-08 07:57:23	38	0	1	0
      104	2023-08-08 07:57:41	38	0	1	0
      104	2023-08-08 07:57:43	38	0	1	0
      143	2023-08-08 07:57:59	38	0	1	0
      143	2023-08-08 07:58:01	38	0	1	0
      273	2023-08-08 07:58:44	38	0	1	0
     2855	2023-08-08 07:59:19	38	0	1	0
      511	2023-08-08 07:59:28	38	0	25	0
     2031	2023-08-08 08:01:26	38	0	1	0
     2031	2023-08-08 08:01:27	38	0	1	0
     1034	2023-08-08 08:01:42	38	0	1	0
      175	2023-08-08 08:04:05	38	0	1	0
     2671	2023-08-08 08:04:16	38	0	1	0
     2671	2023-08-08 08:04:17	38	0	1	0
     1083	2023-08-08 08:04:23	38	0	1	0
     1455	2023-08-08 08:28:35	38	0	1	0
      131	2023-08-08 12:02:55	38	1	1	0
     2855	2023-08-08 12:03:45	38	1	1	0
      837	2023-08-08 12:05:25	38	1	25	0
     2031	2023-08-08 12:06:38	38	1	1	0
     2031	2023-08-08 12:06:39	38	1	1	0
      660	2023-08-08 12:12:10	38	1	1	0
     1885	2023-08-08 12:12:58	38	1	1	0
     2855	2023-08-08 12:13:50	38	0	1	0
     1624	2023-08-08 12:14:01	38	1	1	0
     1624	2023-08-08 12:14:03	38	1	1	0
     2671	2023-08-08 12:14:11	38	1	1	0
     2671	2023-08-08 12:14:12	38	1	1	0
      501	2023-08-08 12:15:05	38	1	1	0
      837	2023-08-08 12:18:43	38	0	25	0
      511	2023-08-08 12:19:36	38	0	25	0
      104	2023-08-08 12:21:26	38	1	1	0
      104	2023-08-08 12:21:27	38	1	1	0
     1886	2023-08-08 12:22:23	38	1	1	0
      131	2023-08-08 12:26:28	38	0	1	0
     1885	2023-08-08 12:30:05	38	0	1	0
     2671	2023-08-08 12:30:56	38	0	1	0
     2671	2023-08-08 12:30:58	38	0	1	0
     1886	2023-08-08 12:31:29	38	0	1	0
     2031	2023-08-08 12:35:50	38	0	1	0
     2031	2023-08-08 12:35:52	38	0	1	0
     1455	2023-08-08 12:36:48	38	1	1	0
      501	2023-08-08 12:37:31	38	0	1	0
      660	2023-08-08 12:38:37	38	0	1	0
     1455	2023-08-08 12:38:55	38	0	1	0
      197	2023-08-08 12:39:06	38	1	1	0
      197	2023-08-08 12:39:11	38	1	1	0
     1875	2023-08-08 12:39:17	38	1	1	0
      143	2023-08-08 12:39:22	38	1	1	0
      143	2023-08-08 12:39:24	38	1	1	0
      104	2023-08-08 12:39:32	38	0	1	0
      104	2023-08-08 12:39:34	38	0	1	0
      175	2023-08-08 12:39:54	38	1	1	0
      197	2023-08-08 12:40:21	38	0	1	0
      197	2023-08-08 12:40:24	38	0	1	0
      175	2023-08-08 12:42:54	38	0	1	0
      511	2023-08-08 12:43:18	38	0	25	0
     1875	2023-08-08 12:43:40	38	0	1	0
      143	2023-08-08 12:44:34	38	0	1	0
      143	2023-08-08 12:44:35	38	0	1	0
     1034	2023-08-08 12:46:59	38	1	25	0
     2062	2023-08-08 12:48:03	38	1	1	0
     2062	2023-08-08 12:48:08	38	1	1	0
     1034	2023-08-08 12:48:30	38	0	25	0
      186	2023-08-08 12:48:44	38	1	1	0
     1904	2023-08-08 12:49:39	38	1	1	0
     1904	2023-08-08 12:49:42	38	1	1	0
     1455	2023-08-08 12:49:46	38	0	1	0
     1624	2023-08-08 12:49:52	38	0	1	0
     1624	2023-08-08 12:49:56	38	0	1	0
     2062	2023-08-08 12:50:12	38	0	1	0
     2062	2023-08-08 12:50:18	38	0	1	0
      186	2023-08-08 12:50:40	38	0	1	0
     1904	2023-08-08 12:51:17	38	0	1	0
     1904	2023-08-08 12:51:19	38	0	1	0
     1083	2023-08-08 12:56:39	38	1	1	0
     1083	2023-08-08 12:59:53	38	0	1	0
     1885	2023-08-08 16:14:51	38	1	1	0
     2855	2023-08-08 17:01:58	38	1	1	0
      837	2023-08-08 17:02:35	38	1	25	0
      837	2023-08-08 17:02:40	38	1	25	0
     2671	2023-08-08 17:02:44	38	1	1	0
     2671	2023-08-08 17:02:45	38	1	1	0
      660	2023-08-08 17:03:04	38	1	1	0
      273	2023-08-08 17:03:19	38	1	1	0
      186	2023-08-08 17:03:31	38	1	1	0
     1455	2023-08-08 17:03:44	38	1	1	0
     2031	2023-08-08 17:04:24	38	1	1	0
     2031	2023-08-08 17:04:25	38	1	1	0
      511	2023-08-08 17:04:44	38	1	25	0
     1624	2023-08-08 17:06:00	38	1	1	0
     1624	2023-08-08 17:06:01	38	1	1	0
     2062	2023-08-08 17:06:17	38	1	1	0
     2062	2023-08-08 17:06:22	38	1	1	0
      104	2023-08-08 17:07:00	38	1	1	0
      104	2023-08-08 17:07:02	38	1	1	0
      131	2023-08-08 17:12:02	38	1	1	0
      220	2023-08-08 17:14:50	38	1	1	0
     1904	2023-08-08 17:14:55	38	1	1	0
     1904	2023-08-08 17:14:57	38	1	1	0
      143	2023-08-08 17:15:02	38	1	1	0
      143	2023-08-08 17:15:04	38	1	1	0
     1886	2023-08-08 17:16:14	38	1	1	0
     1875	2023-08-08 17:17:16	38	1	1	0
     2736	2023-08-08 17:19:37	38	1	1	0
     1083	2023-08-08 17:31:16	38	1	1	0
     1083	2023-08-08 17:31:23	38	1	1	0
      197	2023-08-08 17:31:29	38	1	1	0
      197	2023-08-08 17:31:31	38	1	1	0
     1034	2023-08-08 17:45:03	38	1	25	0
     1034	2023-08-08 17:47:03	38	1	25	0
      175	2023-08-08 17:51:09	38	1	1	0
      501	2023-08-08 18:20:43	38	1	1	0
      837	2023-08-09 07:00:04	38	0	25	0
      837	2023-08-09 07:00:08	38	0	25	0
      186	2023-08-09 07:35:01	38	0	1	0
      501	2023-08-09 07:37:11	38	0	1	0
      660	2023-08-09 07:47:11	38	0	1	0
      220	2023-08-09 07:50:16	38	0	1	0
     1886	2023-08-09 07:51:14	38	0	1	0
     1455	2023-08-09 07:52:53	38	0	1	0
     1624	2023-08-09 07:52:59	38	0	1	0
     1624	2023-08-09 07:53:00	38	0	1	0
      143	2023-08-09 07:53:04	38	0	1	0
      143	2023-08-09 07:53:07	38	0	1	0
     1904	2023-08-09 07:54:39	38	0	1	0
     1904	2023-08-09 07:54:41	38	0	1	0
     2736	2023-08-09 07:54:46	38	0	1	0
     1875	2023-08-09 07:59:39	38	0	1	0
      104	2023-08-09 07:59:57	38	0	1	0
      104	2023-08-09 07:59:58	38	0	1	0
     1034	2023-08-09 08:00:47	38	0	1	0
     2671	2023-08-09 08:02:34	38	0	1	0
     2671	2023-08-09 08:02:35	38	0	1	0
      197	2023-08-09 08:03:11	38	0	1	0
      197	2023-08-09 08:03:13	38	0	1	0
     1083	2023-08-09 08:03:45	38	0	1	0
     1885	2023-08-09 08:04:43	38	0	1	0
     2855	2023-08-09 08:05:58	38	0	1	0
      273	2023-08-09 08:10:33	38	0	1	0
      175	2023-08-09 08:15:21	38	0	1	0
      511	2023-08-09 09:15:46	38	0	25	0
     2671	2023-08-09 12:04:41	38	1	1	0
     1904	2023-08-09 12:05:11	38	1	1	0
     1904	2023-08-09 12:05:14	38	1	1	0
      660	2023-08-09 12:05:22	38	1	1	0
     2736	2023-08-09 12:05:29	38	1	1	0
     1875	2023-08-09 12:05:38	38	1	1	0
      220	2023-08-09 12:06:24	38	1	1	0
      501	2023-08-09 12:06:39	38	1	1	0
      837	2023-08-09 12:07:55	38	1	25	0
     1455	2023-08-09 12:09:24	38	1	1	0
      175	2023-08-09 12:12:48	38	1	1	0
     1885	2023-08-09 12:15:22	38	1	1	0
      660	2023-08-09 12:16:18	38	0	1	0
      186	2023-08-09 12:26:03	38	1	1	0
      197	2023-08-09 12:28:02	38	1	1	0
      197	2023-08-09 12:28:05	38	1	1	0
      175	2023-08-09 12:28:43	38	0	1	0
     2671	2023-08-09 12:30:30	38	0	1	0
     2671	2023-08-09 12:30:35	38	0	1	0
     2736	2023-08-09 12:31:04	38	0	1	0
      837	2023-08-09 12:31:11	38	0	25	0
     1624	2023-08-09 12:32:23	38	1	1	0
     1624	2023-08-09 12:32:25	38	1	1	0
      511	2023-08-09 12:32:48	38	1	25	0
      186	2023-08-09 12:33:00	38	0	1	0
     1624	2023-08-09 12:33:07	38	0	1	0
     1624	2023-08-09 12:33:08	38	0	1	0
      220	2023-08-09 12:33:33	38	0	1	0
     1875	2023-08-09 12:33:41	38	0	1	0
     2855	2023-08-09 12:34:10	38	1	1	0
     1885	2023-08-09 12:34:41	38	1	1	0
      511	2023-08-09 12:35:45	38	0	25	0
     1904	2023-08-09 12:37:40	38	0	1	0
     1904	2023-08-09 12:37:42	38	0	1	0
      501	2023-08-09 12:44:27	38	0	1	0
     1624	2023-08-09 12:46:58	38	0	1	0
     2855	2023-08-09 12:47:21	38	0	1	0
     1455	2023-08-09 12:47:26	38	0	1	0
     1083	2023-08-09 12:50:22	38	1	1	0
      197	2023-08-09 12:50:31	38	0	1	0
      197	2023-08-09 12:50:34	38	0	1	0
     1034	2023-08-09 12:52:22	38	1	25	0
     1083	2023-08-09 12:55:04	38	0	1	0
     1034	2023-08-09 12:55:23	38	0	25	0
      131	2023-08-09 13:10:48	38	0	1	0
      273	2023-08-09 17:01:17	38	1	1	0
      660	2023-08-09 17:01:20	38	1	1	0
     1034	2023-08-09 17:02:05	38	1	25	0
      837	2023-08-09 17:02:12	38	1	25	0
      837	2023-08-09 17:02:16	38	1	25	0
     2736	2023-08-09 17:02:25	38	1	1	0
     2736	2023-08-09 17:02:26	38	1	1	0
     2671	2023-08-09 17:02:27	38	1	1	0
     2671	2023-08-09 17:02:29	38	1	1	0
     1885	2023-08-09 17:02:35	38	1	1	0
     2855	2023-08-09 17:02:53	38	1	1	0
      501	2023-08-09 17:02:59	38	1	1	0
      511	2023-08-09 17:04:19	38	1	25	0
      104	2023-08-09 17:04:24	38	1	1	0
     1455	2023-08-09 17:04:38	38	1	1	0
     1624	2023-08-09 17:04:44	38	1	1	0
     1624	2023-08-09 17:04:45	38	1	1	0
      186	2023-08-09 17:05:02	38	1	1	0
      143	2023-08-09 17:05:08	38	1	1	0
      143	2023-08-09 17:05:10	38	1	1	0
      197	2023-08-09 17:08:59	38	1	1	0
      197	2023-08-09 17:09:01	38	1	1	0
      197	2023-08-09 17:09:03	38	1	1	0
     1083	2023-08-09 17:09:11	38	1	1	0
     1083	2023-08-09 17:09:17	38	1	1	0
     1886	2023-08-09 17:18:05	38	1	1	0
      220	2023-08-09 17:18:12	38	1	1	0
     1904	2023-08-09 17:18:15	38	1	1	0
     1904	2023-08-09 17:18:20	38	1	1	0
     1875	2023-08-09 17:36:47	38	1	1	0
      131	2023-08-09 18:02:15	38	1	1	0
      175	2023-08-09 18:04:09	38	1	1	0
      837	2023-08-10 06:59:31	38	0	25	0
      837	2023-08-10 06:59:34	38	0	25	0
     2031	2023-08-10 07:11:29	38	0	1	0
     2031	2023-08-10 07:11:30	38	0	1	0
      186	2023-08-10 07:43:12	38	0	1	0
     1904	2023-08-10 07:50:24	38	0	1	0
     1904	2023-08-10 07:50:26	38	0	1	0
      501	2023-08-10 07:50:35	38	0	1	0
     1624	2023-08-10 07:50:48	38	0	1	0
     1624	2023-08-10 07:50:50	38	0	1	0
     1875	2023-08-10 07:51:13	38	0	1	0
      511	2023-08-10 07:52:58	38	0	25	0
     1083	2023-08-10 07:54:18	38	0	1	0
      660	2023-08-10 07:55:59	38	0	1	0
      104	2023-08-10 07:56:39	38	0	1	0
      104	2023-08-10 07:56:40	38	0	1	0
      131	2023-08-10 07:56:58	38	0	1	0
      143	2023-08-10 07:57:40	38	0	1	0
      143	2023-08-10 07:57:43	38	0	1	0
     1886	2023-08-10 07:57:50	38	0	1	0
      197	2023-08-10 07:58:00	38	0	1	0
      197	2023-08-10 07:58:04	38	0	1	0
      197	2023-08-10 07:58:07	38	0	1	0
      220	2023-08-10 07:58:26	38	0	1	0
     2062	2023-08-10 07:58:31	38	0	1	0
     1885	2023-08-10 07:59:01	38	0	1	0
     1034	2023-08-10 07:59:24	38	0	1	0
     2671	2023-08-10 08:03:52	38	0	1	0
     2671	2023-08-10 08:03:54	38	0	1	0
     1455	2023-08-10 08:11:10	38	0	1	0
      273	2023-08-10 08:13:54	38	0	1	0
     2736	2023-08-10 08:17:07	38	0	1	0
     2855	2023-08-10 08:19:23	38	0	1	0
      175	2023-08-10 08:25:18	38	0	1	0
     1083	2023-08-10 12:01:51	38	1	1	0
      837	2023-08-10 12:02:10	38	1	25	0
     2671	2023-08-10 12:02:18	38	1	1	0
     2671	2023-08-10 12:02:19	38	1	1	0
     1624	2023-08-10 12:04:04	38	1	1	0
     1624	2023-08-10 12:04:06	38	1	1	0
     2736	2023-08-10 12:04:12	38	1	1	0
      501	2023-08-10 12:04:39	38	1	1	0
     1885	2023-08-10 12:04:58	38	1	1	0
     1455	2023-08-10 12:14:43	38	1	1	0
      837	2023-08-10 12:19:05	38	0	25	0
      175	2023-08-10 12:20:04	38	1	1	0
      186	2023-08-10 12:20:29	38	1	1	0
     2736	2023-08-10 12:20:38	38	0	1	0
     2855	2023-08-10 12:21:33	38	1	1	0
     1034	2023-08-10 12:23:57	38	1	25	0
     2062	2023-08-10 12:24:12	38	1	1	0
     2062	2023-08-10 12:24:17	38	1	1	0
      511	2023-08-10 12:26:02	38	1	25	0
      660	2023-08-10 12:26:25	38	1	1	0
     2671	2023-08-10 12:27:30	38	1	1	0
     2671	2023-08-10 12:27:50	38	0	1	0
     2671	2023-08-10 12:27:51	38	0	1	0
     1034	2023-08-10 12:31:38	38	0	25	0
     1624	2023-08-10 12:35:10	38	0	1	0
     1624	2023-08-10 12:35:11	38	0	1	0
     1875	2023-08-10 12:35:43	38	1	1	0
     1455	2023-08-10 12:35:53	38	0	1	0
      660	2023-08-10 12:35:59	38	0	1	0
     1455	2023-08-10 12:36:14	38	1	1	0
     1875	2023-08-10 12:37:54	38	0	1	0
      175	2023-08-10 12:38:15	38	0	1	0
      501	2023-08-10 12:38:56	38	0	1	0
     1083	2023-08-10 12:40:52	38	0	1	0
     2062	2023-08-10 12:40:58	38	0	1	0
     2062	2023-08-10 12:41:03	38	0	1	0
      186	2023-08-10 12:41:12	38	0	1	0
     1904	2023-08-10 12:41:20	38	1	1	0
     1904	2023-08-10 12:41:22	38	1	1	0
     1904	2023-08-10 12:43:31	38	0	1	0
     1904	2023-08-10 12:43:34	38	0	1	0
     1885	2023-08-10 12:44:08	38	0	1	0
      511	2023-08-10 12:48:54	38	0	25	0
     2855	2023-08-10 12:49:21	38	0	1	0
     1885	2023-08-10 17:02:01	38	1	1	0
      104	2023-08-10 17:02:24	38	1	1	0
      104	2023-08-10 17:02:25	38	1	1	0
      837	2023-08-10 17:02:31	38	1	25	0
      837	2023-08-10 17:02:34	38	1	25	0
     1455	2023-08-10 17:02:45	38	1	1	0
      186	2023-08-10 17:02:55	38	1	1	0
     2671	2023-08-10 17:03:01	38	1	1	0
     2671	2023-08-10 17:03:03	38	1	1	0
     2736	2023-08-10 17:03:21	38	1	1	0
     2736	2023-08-10 17:03:22	38	1	1	0
     2855	2023-08-10 17:03:37	38	1	1	0
     2062	2023-08-10 17:03:53	38	1	1	0
     2062	2023-08-10 17:03:59	38	1	1	0
     1624	2023-08-10 17:04:05	38	1	1	0
     1624	2023-08-10 17:04:06	38	1	1	0
     1083	2023-08-10 17:05:22	38	1	1	0
     1083	2023-08-10 17:05:28	38	1	1	0
      273	2023-08-10 17:05:35	38	1	1	0
      197	2023-08-10 17:05:45	38	1	1	0
      197	2023-08-10 17:05:48	38	1	1	0
      660	2023-08-10 17:05:54	38	1	1	0
      501	2023-08-10 17:06:56	38	1	1	0
      511	2023-08-10 17:10:48	38	1	25	0
      220	2023-08-10 17:13:55	38	1	1	0
     1904	2023-08-10 17:14:08	38	1	1	0
     1904	2023-08-10 17:14:11	38	1	1	0
     1875	2023-08-10 17:25:49	38	1	1	0
      175	2023-08-10 17:27:08	38	1	1	0
     2031	2023-08-10 17:29:26	38	1	1	0
     2031	2023-08-10 17:29:45	38	1	1	0
     2031	2023-08-10 17:29:47	38	1	1	0
      143	2023-08-10 17:29:50	38	1	1	0
      143	2023-08-10 17:29:51	38	1	1	0
     1886	2023-08-10 17:29:56	38	1	1	0
      131	2023-08-10 17:31:20	38	1	1	0
      837	2023-08-11 06:59:56	38	0	25	0
      837	2023-08-11 07:00:00	38	0	25	0
     2736	2023-08-11 07:38:48	38	0	1	0
     2031	2023-08-11 07:41:30	38	0	1	0
     2031	2023-08-11 07:41:31	38	0	1	0
     1455	2023-08-11 07:43:43	38	0	1	0
      186	2023-08-11 07:46:15	38	0	1	0
      501	2023-08-11 07:46:22	38	0	1	0
     1624	2023-08-11 07:53:28	38	0	1	0
     1624	2023-08-11 07:53:29	38	0	1	0
      175	2023-08-11 07:54:23	38	0	1	0
      273	2023-08-11 07:55:36	38	0	1	0
     2855	2023-08-11 07:57:16	38	0	1	0
     1885	2023-08-11 07:58:33	38	0	1	0
      197	2023-08-11 07:58:41	38	0	1	0
      197	2023-08-11 07:58:43	38	0	1	0
      104	2023-08-11 07:58:56	38	0	1	0
     1904	2023-08-11 07:59:16	38	0	1	0
     1904	2023-08-11 07:59:18	38	0	1	0
      143	2023-08-11 07:59:26	38	0	1	0
      143	2023-08-11 07:59:30	38	0	1	0
     1875	2023-08-11 08:00:05	38	0	1	0
     1034	2023-08-11 08:00:15	38	0	25	0
     1886	2023-08-11 08:05:37	38	0	1	0
     2062	2023-08-11 08:07:49	38	0	1	0
     2671	2023-08-11 08:10:09	38	0	1	0
     2671	2023-08-11 08:10:10	38	0	1	0
      131	2023-08-11 08:18:32	38	0	1	0
      511	2023-08-11 08:18:44	38	0	25	0
      220	2023-08-11 08:23:52	38	0	1	0
     1885	2023-08-11 12:01:20	38	1	1	0
     1624	2023-08-11 12:01:46	38	1	1	0
     1624	2023-08-11 12:01:47	38	1	1	0
     2671	2023-08-11 12:02:08	38	1	1	0
     2671	2023-08-11 12:02:10	38	1	1	0
      837	2023-08-11 12:02:17	38	1	25	0
     2736	2023-08-11 12:11:31	38	1	1	0
      501	2023-08-11 12:11:41	38	1	1	0
      186	2023-08-11 12:13:00	38	1	1	0
      511	2023-08-11 12:15:05	38	1	25	0
     2671	2023-08-11 12:15:41	38	0	1	0
     2671	2023-08-11 12:15:42	38	0	1	0
     2855	2023-08-11 12:17:23	38	1	1	0
     2062	2023-08-11 12:19:12	38	1	1	0
     2062	2023-08-11 12:19:17	38	1	1	0
      511	2023-08-11 12:19:27	38	1	25	0
      131	2023-08-11 12:19:54	38	1	1	0
      186	2023-08-11 12:20:09	38	0	1	0
      837	2023-08-11 12:21:46	38	0	25	0
     2736	2023-08-11 12:21:55	38	0	1	0
      175	2023-08-11 12:24:17	38	1	1	0
      197	2023-08-11 12:24:22	38	1	1	0
      197	2023-08-11 12:24:25	38	1	1	0
     1455	2023-08-11 12:24:38	38	1	1	0
     1904	2023-08-11 12:29:03	38	1	1	0
     1904	2023-08-11 12:29:05	38	1	1	0
      186	2023-08-11 12:29:42	38	0	1	0
     1455	2023-08-11 12:29:56	38	0	1	0
     2062	2023-08-11 12:30:02	38	0	1	0
     2062	2023-08-11 12:30:09	38	0	1	0
     1624	2023-08-11 12:30:25	38	0	1	0
     1624	2023-08-11 12:30:27	38	0	1	0
     1904	2023-08-11 12:30:43	38	0	1	0
     1904	2023-08-11 12:30:45	38	0	1	0
      104	2023-08-11 12:33:58	38	1	1	0
      511	2023-08-11 12:35:07	38	0	25	0
     1083	2023-08-11 12:37:49	38	0	1	0
     1885	2023-08-11 12:39:30	38	0	1	0
     2855	2023-08-11 12:40:47	38	0	1	0
      131	2023-08-11 12:43:32	38	0	1	0
      197	2023-08-11 12:50:20	38	0	1	0
      197	2023-08-11 12:50:23	38	0	1	0
      175	2023-08-11 12:54:36	38	0	1	0
      175	2023-08-11 13:00:16	38	0	1	0
      837	2023-08-11 17:01:04	38	1	25	0
      837	2023-08-11 17:01:08	38	1	25	0
     1624	2023-08-11 17:01:12	38	1	1	0
     1624	2023-08-11 17:01:14	38	1	1	0
     2736	2023-08-11 17:01:18	38	1	1	0
     2736	2023-08-11 17:01:19	38	1	1	0
     1455	2023-08-11 17:01:23	38	1	1	0
     1904	2023-08-11 17:02:50	38	1	1	0
     1904	2023-08-11 17:02:52	38	1	1	0
     2855	2023-08-11 17:03:10	38	1	1	0
     2671	2023-08-11 17:03:16	38	1	1	0
     2671	2023-08-11 17:03:17	38	1	1	0
      273	2023-08-11 17:03:33	38	1	1	0
      104	2023-08-11 17:04:30	38	1	1	0
      104	2023-08-11 17:04:31	38	1	1	0
      273	2023-08-11 17:04:45	38	1	1	0
     1083	2023-08-11 17:05:04	38	1	1	0
     1083	2023-08-11 17:05:10	38	1	1	0
      186	2023-08-11 17:05:15	38	1	1	0
      131	2023-08-11 17:06:08	38	1	1	0
     2062	2023-08-11 17:07:53	38	1	1	0
     2062	2023-08-11 17:07:59	38	1	1	0
      197	2023-08-11 17:09:19	38	1	1	0
      197	2023-08-11 17:09:22	38	1	1	0
     1904	2023-08-11 17:09:42	38	1	1	0
     1904	2023-08-11 17:09:44	38	1	1	0
      511	2023-08-11 17:09:55	38	1	25	0
     1034	2023-08-11 17:13:06	38	1	25	0
      175	2023-08-11 17:35:19	38	1	1	0
     1885	2023-08-11 17:43:47	38	1	1	0
      501	2023-08-11 17:44:07	38	1	1	0
     1875	2023-08-11 17:45:17	38	1	1	0
      220	2023-08-11 17:49:30	38	1	1	0
      143	2023-08-11 17:49:36	38	1	1	0
      143	2023-08-11 17:49:37	38	1	1	0
     1886	2023-08-11 17:49:40	38	1	1	0
     2031	2023-08-11 17:50:17	38	1	1	0
     2031	2023-08-11 17:50:18	38	1	1	0
      143	2023-08-11 17:54:06	38	1	1	0
      143	2023-08-11 17:54:07	38	1	1	0
     1886	2023-08-11 17:54:28	38	1	1	0
      837	2023-08-14 07:04:45	38	0	25	0
      837	2023-08-14 07:04:49	38	0	25	0
      660	2023-08-14 07:24:23	38	0	1	0
     2031	2023-08-14 07:30:09	38	0	1	0
     2031	2023-08-14 07:30:13	38	0	1	0
     1875	2023-08-14 07:39:48	38	0	1	0
     1455	2023-08-14 07:43:39	38	0	1	0
      186	2023-08-14 07:46:29	38	0	1	0
     1886	2023-08-14 07:47:27	38	0	1	0
      197	2023-08-14 07:47:32	38	0	1	0
      197	2023-08-14 07:47:35	38	0	1	0
      143	2023-08-14 07:51:49	38	0	1	0
      143	2023-08-14 07:51:50	38	0	1	0
     2671	2023-08-14 07:52:02	38	0	1	0
     2671	2023-08-14 07:52:03	38	0	1	0
     1885	2023-08-14 07:56:51	38	0	1	0
     1904	2023-08-14 07:58:34	38	0	1	0
     1904	2023-08-14 07:58:36	38	0	1	0
     1624	2023-08-14 07:58:53	38	0	1	0
     1624	2023-08-14 07:58:55	38	0	1	0
      104	2023-08-14 08:00:07	38	0	1	0
      104	2023-08-14 08:00:08	38	0	1	0
     2062	2023-08-14 08:01:05	38	0	1	0
     2855	2023-08-14 08:03:13	38	0	1	0
     2736	2023-08-14 08:05:51	38	0	1	0
      273	2023-08-14 08:06:48	38	0	1	0
      131	2023-08-14 08:08:22	38	0	1	0
     1034	2023-08-14 08:09:49	38	0	25	0
     2671	2023-08-14 12:01:02	38	1	1	0
      143	2023-08-14 12:01:07	38	1	1	0
      143	2023-08-14 12:01:08	38	1	1	0
      837	2023-08-14 12:01:33	38	1	25	0
     1875	2023-08-14 12:01:42	38	1	1	0
     1886	2023-08-14 12:01:53	38	1	1	0
      104	2023-08-14 12:04:03	38	1	1	0
      104	2023-08-14 12:04:04	38	1	1	0
      131	2023-08-14 12:04:58	38	1	1	0
     1624	2023-08-14 12:05:29	38	1	1	0
     1624	2023-08-14 12:05:30	38	1	1	0
     2736	2023-08-14 12:05:40	38	1	1	0
     2031	2023-08-14 12:08:57	38	1	1	0
     1885	2023-08-14 12:12:08	38	1	1	0
     2855	2023-08-14 12:13:24	38	1	1	0
      131	2023-08-14 12:17:02	38	0	1	0
      186	2023-08-14 12:18:07	38	1	1	0
     2062	2023-08-14 12:18:35	38	1	1	0
     2062	2023-08-14 12:18:40	38	1	1	0
     1875	2023-08-14 12:24:20	38	0	1	0
     1886	2023-08-14 12:24:26	38	0	1	0
      186	2023-08-14 12:27:24	38	0	1	0
      104	2023-08-14 12:27:44	38	0	1	0
      104	2023-08-14 12:27:45	38	0	1	0
     2736	2023-08-14 12:27:51	38	0	1	0
     1904	2023-08-14 12:29:06	38	1	1	0
     1904	2023-08-14 12:29:08	38	1	1	0
     2671	2023-08-14 12:30:30	38	0	1	0
      197	2023-08-14 12:31:32	38	1	1	0
      197	2023-08-14 12:31:35	38	1	1	0
     2031	2023-08-14 12:31:53	38	0	1	0
      143	2023-08-14 12:32:06	38	0	1	0
      143	2023-08-14 12:32:07	38	0	1	0
     1904	2023-08-14 12:33:29	38	0	1	0
     1904	2023-08-14 12:33:32	38	0	1	0
     1455	2023-08-14 12:33:38	38	1	1	0
     1885	2023-08-14 12:35:38	38	0	1	0
     1624	2023-08-14 12:35:44	38	0	1	0
     1624	2023-08-14 12:35:47	38	0	1	0
     1455	2023-08-14 12:37:14	38	0	1	0
     2855	2023-08-14 12:38:48	38	0	1	0
      197	2023-08-14 12:38:54	38	0	1	0
      197	2023-08-14 12:38:57	38	0	1	0
      837	2023-08-14 12:40:20	38	0	25	0
     2062	2023-08-14 12:40:38	38	0	1	0
     2062	2023-08-14 12:40:43	38	0	1	0
     1034	2023-08-14 12:49:28	38	1	25	0
     1034	2023-08-14 12:55:35	38	0	25	0
     2031	2023-08-14 17:02:30	38	1	1	0
     2031	2023-08-14 17:02:31	38	1	1	0
      837	2023-08-14 17:02:41	38	1	25	0
      837	2023-08-14 17:02:46	38	1	25	0
     2736	2023-08-14 17:04:04	38	1	1	0
     2736	2023-08-14 17:04:06	38	1	1	0
     1034	2023-08-14 17:04:15	38	1	25	0
      273	2023-08-14 17:04:37	38	1	1	0
      273	2023-08-14 17:04:40	38	1	1	0
     1455	2023-08-14 17:05:17	38	1	1	0
     1885	2023-08-14 17:05:27	38	1	1	0
      186	2023-08-14 17:05:40	38	1	1	0
      131	2023-08-14 17:06:05	38	1	1	0
     2671	2023-08-14 17:06:25	38	1	1	0
     2671	2023-08-14 17:06:27	38	1	1	0
     2062	2023-08-14 17:07:47	38	1	1	0
     2062	2023-08-14 17:07:53	38	1	1	0
      197	2023-08-14 17:09:21	38	1	1	0
      197	2023-08-14 17:09:24	38	1	1	0
      104	2023-08-14 17:09:29	38	1	1	0
      104	2023-08-14 17:09:30	38	1	1	0
     1624	2023-08-14 17:11:14	38	1	1	0
     1624	2023-08-14 17:11:16	38	1	1	0
     1904	2023-08-14 17:11:53	38	1	1	0
     1904	2023-08-14 17:11:55	38	1	1	0
      143	2023-08-14 17:12:34	38	1	1	0
      143	2023-08-14 17:12:36	38	1	1	0
     1886	2023-08-14 17:12:54	38	1	1	0
     1875	2023-08-14 17:25:50	38	1	1	0
     1875	2023-08-14 17:26:09	38	1	1	0
     2855	2023-08-14 17:42:34	38	1	1	0
      660	2023-08-14 20:26:11	38	1	1	0
      837	2023-08-15 07:02:08	38	0	25	0
      837	2023-08-15 07:02:12	38	0	25	0
     2031	2023-08-15 07:29:25	38	0	1	0
     2031	2023-08-15 07:29:27	38	0	1	0
     1875	2023-08-15 07:37:50	38	0	1	0
     1885	2023-08-15 07:40:39	38	0	1	0
      186	2023-08-15 07:43:28	38	0	1	0
      104	2023-08-15 07:47:48	38	0	1	0
      104	2023-08-15 07:47:49	38	0	1	0
      131	2023-08-15 07:48:29	38	0	1	0
     2736	2023-08-15 07:48:54	38	0	1	0
     1904	2023-08-15 07:52:00	38	0	1	0
     1904	2023-08-15 07:52:03	38	0	1	0
     2855	2023-08-15 07:55:02	38	0	1	0
      197	2023-08-15 07:56:42	38	0	1	0
      197	2023-08-15 07:56:47	38	0	1	0
      660	2023-08-15 07:57:50	38	0	1	0
     1624	2023-08-15 07:58:20	38	0	1	0
     1624	2023-08-15 07:58:22	38	0	1	0
     1083	2023-08-15 07:58:47	38	0	1	0
      143	2023-08-15 07:59:04	38	0	1	0
      143	2023-08-15 07:59:05	38	0	1	0
      273	2023-08-15 08:00:08	38	0	1	0
     1455	2023-08-15 08:01:03	38	0	1	0
     1886	2023-08-15 08:02:32	38	0	1	0
     2671	2023-08-15 08:03:09	38	0	1	0
     2671	2023-08-15 08:03:10	38	0	1	0
     2062	2023-08-15 08:10:55	38	0	1	0
      104	2023-08-15 12:00:11	38	1	1	0
      104	2023-08-15 12:00:12	38	1	1	0
     2736	2023-08-15 12:01:06	38	1	1	0
     2855	2023-08-15 12:03:16	38	1	1	0
      660	2023-08-15 12:05:25	38	1	1	0
     2671	2023-08-15 12:05:56	38	1	1	0
      837	2023-08-15 12:06:07	38	1	25	0
     1624	2023-08-15 12:06:13	38	1	1	0
     1624	2023-08-15 12:06:15	38	1	1	0
      186	2023-08-15 12:06:53	38	1	1	0
     2062	2023-08-15 12:07:19	38	1	1	0
     2062	2023-08-15 12:07:25	38	1	1	0
     1885	2023-08-15 12:11:45	38	1	1	0
      131	2023-08-15 12:14:10	38	1	1	0
     2736	2023-08-15 12:15:54	38	0	1	0
     2031	2023-08-15 12:16:15	38	1	1	0
      837	2023-08-15 12:17:06	38	0	25	0
      131	2023-08-15 12:23:59	38	0	1	0
     2855	2023-08-15 12:24:39	38	0	1	0
     1455	2023-08-15 12:26:40	38	1	1	0
     1886	2023-08-15 12:27:54	38	1	1	0
      143	2023-08-15 12:28:10	38	1	1	0
      143	2023-08-15 12:28:12	38	1	1	0
      660	2023-08-15 12:29:34	38	0	1	0
     1083	2023-08-15 12:30:49	38	1	1	0
     2671	2023-08-15 12:32:27	38	0	1	0
     2671	2023-08-15 12:32:28	38	0	1	0
     1885	2023-08-15 12:32:36	38	0	1	0
     1624	2023-08-15 12:32:51	38	0	1	0
     1624	2023-08-15 12:32:53	38	0	1	0
      104	2023-08-15 12:33:00	38	0	1	0
      104	2023-08-15 12:33:01	38	0	1	0
     1886	2023-08-15 12:36:47	38	0	1	0
     1904	2023-08-15 12:39:09	38	1	1	0
     1904	2023-08-15 12:39:19	38	1	1	0
     1455	2023-08-15 12:39:36	38	0	1	0
      197	2023-08-15 12:39:43	38	1	1	0
      197	2023-08-15 12:39:45	38	1	1	0
     2031	2023-08-15 12:40:00	38	0	1	0
     1083	2023-08-15 12:40:19	38	0	1	0
      197	2023-08-15 12:40:24	38	0	1	0
      197	2023-08-15 12:40:30	38	0	1	0
      143	2023-08-15 12:47:45	38	0	1	0
      143	2023-08-15 12:47:48	38	0	1	0
     1904	2023-08-15 12:47:56	38	0	1	0
     1904	2023-08-15 12:47:58	38	0	1	0
     2062	2023-08-15 12:54:06	38	0	1	0
     2062	2023-08-15 12:54:11	38	0	1	0
      186	2023-08-15 12:54:17	38	0	1	0
      660	2023-08-15 17:01:03	38	1	1	0
      837	2023-08-15 17:01:38	38	1	25	0
      837	2023-08-15 17:01:43	38	1	25	0
     2031	2023-08-15 17:02:37	38	1	1	0
     2031	2023-08-15 17:02:38	38	1	1	0
     2736	2023-08-15 17:02:46	38	1	1	0
     2736	2023-08-15 17:02:47	38	1	1	0
     1885	2023-08-15 17:02:54	38	1	1	0
     2671	2023-08-15 17:03:01	38	1	1	0
     2671	2023-08-15 17:03:02	38	1	1	0
      273	2023-08-15 17:03:08	38	1	1	0
      186	2023-08-15 17:03:17	38	1	1	0
     2855	2023-08-15 17:03:22	38	1	1	0
     1455	2023-08-15 17:03:28	38	1	1	0
     1624	2023-08-15 17:04:19	38	1	1	0
     1624	2023-08-15 17:04:21	38	1	1	0
     2062	2023-08-15 17:04:37	38	1	1	0
     2062	2023-08-15 17:04:42	38	1	1	0
      131	2023-08-15 17:07:26	38	1	1	0
     1083	2023-08-15 17:08:00	38	1	1	0
     1083	2023-08-15 17:08:06	38	1	1	0
      197	2023-08-15 17:08:12	38	1	1	0
      197	2023-08-15 17:08:14	38	1	1	0
     1886	2023-08-15 17:10:17	38	1	1	0
     1904	2023-08-15 17:10:23	38	1	1	0
     1904	2023-08-15 17:10:26	38	1	1	0
      143	2023-08-15 17:10:47	38	1	1	0
      143	2023-08-15 17:10:49	38	1	1	0
      104	2023-08-15 17:15:50	38	1	1	0
      104	2023-08-15 17:15:51	38	1	1	0
     1875	2023-08-15 17:18:22	38	1	1	0
      837	2023-08-16 06:55:52	38	0	25	0
      837	2023-08-16 06:55:55	38	0	25	0
     2736	2023-08-16 07:21:15	38	0	1	0
     2031	2023-08-16 07:26:33	38	0	1	0
     2031	2023-08-16 07:26:34	38	0	1	0
     1875	2023-08-16 07:30:32	38	0	1	0
      186	2023-08-16 07:43:22	38	0	1	0
     1886	2023-08-16 07:53:11	38	0	1	0
     1455	2023-08-16 07:53:42	38	0	1	0
      197	2023-08-16 07:55:14	38	0	1	0
      197	2023-08-16 07:55:16	38	0	1	0
     2855	2023-08-16 07:56:03	38	0	1	0
     1083	2023-08-16 07:58:15	38	0	1	0
     2062	2023-08-16 07:58:26	38	0	1	0
      143	2023-08-16 07:58:41	38	0	1	0
      143	2023-08-16 07:58:42	38	0	1	0
     1885	2023-08-16 07:58:53	38	0	1	0
     1904	2023-08-16 07:59:36	38	0	1	0
     1904	2023-08-16 07:59:38	38	0	1	0
      511	2023-08-16 08:01:59	38	0	25	0
      660	2023-08-16 08:02:05	38	0	1	0
     1034	2023-08-16 08:02:36	38	0	25	0
      131	2023-08-16 08:02:51	38	0	1	0
      104	2023-08-16 08:05:55	38	0	1	0
      104	2023-08-16 08:05:56	38	0	1	0
     1624	2023-08-16 08:06:06	38	0	1	0
     1624	2023-08-16 08:06:07	38	0	1	0
      273	2023-08-16 08:06:49	38	0	1	0
     2671	2023-08-16 08:23:40	38	0	1	0
     2671	2023-08-16 08:23:41	38	0	1	0
      837	2023-08-16 12:01:05	38	1	25	0
     2671	2023-08-16 12:01:32	38	1	1	0
     2736	2023-08-16 12:01:41	38	1	1	0
      197	2023-08-16 12:06:46	38	1	1	0
      197	2023-08-16 12:06:48	38	1	1	0
     1886	2023-08-16 12:06:51	38	1	1	0
     1904	2023-08-16 12:07:25	38	1	1	0
     1904	2023-08-16 12:07:27	38	0	1	0
     1904	2023-08-16 12:07:33	38	1	1	0
     1624	2023-08-16 12:08:06	38	1	1	0
     1624	2023-08-16 12:08:09	38	1	1	0
     1875	2023-08-16 12:08:21	38	1	1	0
     1885	2023-08-16 12:09:01	38	1	1	0
     2031	2023-08-16 12:13:12	38	1	1	0
      660	2023-08-16 12:14:32	38	1	1	0
      511	2023-08-16 12:16:11	38	1	25	0
      837	2023-08-16 12:17:44	38	0	25	0
     1083	2023-08-16 12:17:59	38	1	1	0
     2736	2023-08-16 12:20:48	38	0	1	0
      143	2023-08-16 12:20:55	38	1	1	0
      143	2023-08-16 12:20:56	38	1	1	0
     1886	2023-08-16 12:23:02	38	0	1	0
      186	2023-08-16 12:23:21	38	1	1	0
     1455	2023-08-16 12:26:51	38	1	1	0
      186	2023-08-16 12:28:18	38	0	1	0
     2062	2023-08-16 12:28:52	38	1	1	0
     2062	2023-08-16 12:28:58	38	1	1	0
     1885	2023-08-16 12:30:14	38	0	1	0
      143	2023-08-16 12:30:27	38	0	1	0
      143	2023-08-16 12:30:30	38	0	1	0
      197	2023-08-16 12:31:19	38	0	1	0
      197	2023-08-16 12:31:22	38	0	1	0
      660	2023-08-16 12:33:34	38	0	1	0
      511	2023-08-16 12:34:03	38	0	25	0
     1624	2023-08-16 12:38:02	38	0	1	0
     1624	2023-08-16 12:38:04	38	0	1	0
     1904	2023-08-16 12:38:08	38	0	1	0
     1904	2023-08-16 12:38:10	38	0	1	0
     2671	2023-08-16 12:38:53	38	0	1	0
     2671	2023-08-16 12:38:54	38	0	1	0
     1875	2023-08-16 12:39:00	38	0	1	0
     2855	2023-08-16 12:40:56	38	1	1	0
      131	2023-08-16 12:44:16	38	1	1	0
     1083	2023-08-16 12:44:57	38	0	1	0
     1455	2023-08-16 12:45:48	38	0	1	0
      104	2023-08-16 12:46:36	38	1	1	0
      104	2023-08-16 12:46:38	38	1	1	0
      131	2023-08-16 12:48:50	38	0	1	0
      104	2023-08-16 12:50:18	38	0	1	0
      104	2023-08-16 12:50:19	38	0	1	0
     2031	2023-08-16 12:53:01	38	0	1	0
     1034	2023-08-16 12:55:31	38	1	25	0
     1034	2023-08-16 12:58:55	38	0	25	0
     2062	2023-08-16 12:59:22	38	0	1	0
     2855	2023-08-16 12:59:53	38	0	1	0
     1885	2023-08-16 17:01:28	38	1	1	0
      837	2023-08-16 17:01:48	38	1	25	0
      837	2023-08-16 17:01:51	38	1	25	0
     2031	2023-08-16 17:02:22	38	1	1	0
     1455	2023-08-16 17:02:37	38	1	1	0
      273	2023-08-16 17:02:50	38	1	1	0
      511	2023-08-16 17:02:59	38	1	25	0
      131	2023-08-16 17:03:47	38	1	1	0
     1034	2023-08-16 17:04:01	38	1	25	0
      186	2023-08-16 17:04:50	38	1	1	0
      660	2023-08-16 17:04:54	38	1	1	0
      186	2023-08-16 17:06:15	38	1	1	0
     2855	2023-08-16 17:08:03	38	1	1	0
     2671	2023-08-16 17:08:19	38	1	1	0
     2671	2023-08-16 17:08:20	38	1	1	0
      197	2023-08-16 17:15:14	38	1	1	0
      197	2023-08-16 17:15:17	38	1	1	0
     1083	2023-08-16 17:15:25	38	1	1	0
     1083	2023-08-16 17:15:31	38	1	1	0
     2062	2023-08-16 17:15:37	38	1	1	0
     2062	2023-08-16 17:15:43	38	1	1	0
      143	2023-08-16 17:18:46	38	1	1	0
      143	2023-08-16 17:18:48	38	1	1	0
     1904	2023-08-16 17:37:47	38	1	1	0
     1904	2023-08-16 17:37:50	38	1	1	0
     1886	2023-08-16 17:39:29	38	1	1	0
     1875	2023-08-16 17:40:32	38	1	1	0
     1886	2023-08-16 19:36:56	38	1	1	0
     2736	2023-08-16 22:35:57	38	1	1	0
     2736	2023-08-16 22:35:58	38	1	1	0
      837	2023-08-17 06:56:51	38	0	25	0
      837	2023-08-17 06:56:52	38	0	25	0
      660	2023-08-17 07:10:57	38	0	1	0
     2031	2023-08-17 07:27:45	38	0	1	0
     2031	2023-08-17 07:27:47	38	0	1	0
      186	2023-08-17 07:44:06	38	0	1	0
      501	2023-08-17 07:44:20	38	0	1	0
     2736	2023-08-17 07:47:09	38	0	1	0
      220	2023-08-17 07:50:21	38	0	1	0
     2062	2023-08-17 07:51:50	38	0	1	0
     1624	2023-08-17 07:54:55	38	0	1	0
     1624	2023-08-17 07:54:57	38	0	1	0
     1885	2023-08-17 07:57:55	38	0	1	0
     1034	2023-08-17 08:00:22	38	0	25	0
     1034	2023-08-17 08:00:25	38	0	1	0
      197	2023-08-17 08:00:39	38	0	1	0
      197	2023-08-17 08:00:44	38	0	1	0
      273	2023-08-17 08:04:34	38	0	1	0
      175	2023-08-17 08:05:49	38	0	1	0
     1083	2023-08-17 08:07:58	38	0	1	0
     2671	2023-08-17 08:10:10	38	0	1	0
     2671	2023-08-17 08:10:11	38	0	1	0
      511	2023-08-17 08:13:27	38	0	25	0
     1455	2023-08-17 08:23:29	38	0	1	0
     2671	2023-08-17 12:02:13	38	1	1	0
     2671	2023-08-17 12:02:14	38	1	1	0
     1624	2023-08-17 12:02:21	38	1	1	0
     1624	2023-08-17 12:02:22	38	1	1	0
      837	2023-08-17 12:02:33	38	1	25	0
     2736	2023-08-17 12:02:40	38	1	1	0
     1885	2023-08-17 12:08:44	38	1	1	0
      220	2023-08-17 12:09:28	38	1	1	0
      186	2023-08-17 12:09:39	38	1	1	0
     2671	2023-08-17 12:14:39	38	0	1	0
     2671	2023-08-17 12:14:40	38	0	1	0
      186	2023-08-17 12:17:32	38	0	1	0
      837	2023-08-17 12:18:56	38	0	25	0
     1455	2023-08-17 12:26:48	38	1	1	0
     1624	2023-08-17 12:27:37	38	0	1	0
     1624	2023-08-17 12:27:39	38	0	1	0
      197	2023-08-17 12:28:50	38	1	1	0
      197	2023-08-17 12:28:53	38	1	1	0
     1455	2023-08-17 12:29:26	38	0	1	0
     1083	2023-08-17 12:29:32	38	1	1	0
     2062	2023-08-17 12:30:11	38	1	1	0
     2062	2023-08-17 12:30:17	38	1	1	0
     2062	2023-08-17 12:31:25	38	0	1	0
     2062	2023-08-17 12:31:31	38	0	1	0
     1083	2023-08-17 12:34:10	38	0	1	0
      220	2023-08-17 12:34:22	38	0	1	0
      501	2023-08-17 12:34:32	38	0	1	0
     1885	2023-08-17 12:35:16	38	0	1	0
     2736	2023-08-17 12:37:33	38	0	1	0
      197	2023-08-17 12:41:19	38	0	1	0
      197	2023-08-17 12:41:21	38	0	1	0
     1034	2023-08-17 12:53:38	38	1	25	0
     1034	2023-08-17 13:00:35	38	0	1	0
     1885	2023-08-17 17:01:19	38	1	1	0
      837	2023-08-17 17:01:46	38	1	25	0
      837	2023-08-17 17:01:50	38	1	25	0
     2736	2023-08-17 17:02:09	38	1	1	0
     2736	2023-08-17 17:02:10	38	1	1	0
      660	2023-08-17 17:02:24	38	1	1	0
      273	2023-08-17 17:03:35	38	1	1	0
      501	2023-08-17 17:03:43	38	1	1	0
      273	2023-08-17 17:04:00	38	1	1	0
     1083	2023-08-17 17:04:09	38	1	1	0
     1083	2023-08-17 17:04:15	38	1	1	0
     1455	2023-08-17 17:04:21	38	1	1	0
     1624	2023-08-17 17:04:27	38	1	1	0
     1624	2023-08-17 17:04:29	38	1	1	0
      220	2023-08-17 17:05:00	38	1	1	0
     2671	2023-08-17 17:05:05	38	1	1	0
     2671	2023-08-17 17:05:06	38	1	1	0
     2062	2023-08-17 17:06:29	38	1	1	0
     2062	2023-08-17 17:06:35	38	1	1	0
      186	2023-08-17 17:06:41	38	1	1	0
      197	2023-08-17 17:06:47	38	1	1	0
      197	2023-08-17 17:06:50	38	1	1	0
     1034	2023-08-17 17:07:53	38	1	25	0
      511	2023-08-17 17:11:43	38	1	25	0
      837	2023-08-18 06:54:58	38	0	25	0
      837	2023-08-18 06:55:03	38	0	25	0
     2736	2023-08-18 07:27:17	38	0	1	0
      220	2023-08-18 07:42:47	38	0	1	0
     1885	2023-08-18 07:44:53	38	0	1	0
      104	2023-08-18 07:46:10	38	0	1	0
     1624	2023-08-18 07:46:39	38	0	1	0
     1624	2023-08-18 07:46:41	38	0	1	0
      186	2023-08-18 07:51:17	38	0	1	0
     1083	2023-08-18 07:52:43	38	0	1	0
      197	2023-08-18 07:53:40	38	0	1	0
      197	2023-08-18 07:53:43	38	0	1	0
     1034	2023-08-18 07:54:04	38	0	25	0
     1455	2023-08-18 07:55:25	38	0	1	0
      511	2023-08-18 07:56:31	38	0	25	0
      660	2023-08-18 07:57:52	38	0	1	0
      143	2023-08-18 07:58:23	38	0	1	0
      143	2023-08-18 07:58:25	38	0	1	0
      143	2023-08-18 07:59:06	38	0	1	0
      143	2023-08-18 07:59:09	38	0	1	0
     2671	2023-08-18 07:59:43	38	0	1	0
     2671	2023-08-18 07:59:44	38	0	1	0
      273	2023-08-18 07:59:52	38	0	1	0
     2062	2023-08-18 08:00:05	38	0	1	0
     2855	2023-08-18 08:03:14	38	0	1	0
      501	2023-08-18 08:13:04	38	0	1	0
      511	2023-08-18 12:01:46	38	0	25	0
      511	2023-08-18 12:01:54	38	1	25	0
      660	2023-08-18 12:02:01	38	1	1	0
     2671	2023-08-18 12:02:10	38	1	1	0
     2671	2023-08-18 12:02:11	38	1	1	0
      660	2023-08-18 12:03:02	38	0	1	0
      220	2023-08-18 12:03:33	38	1	1	0
     2736	2023-08-18 12:03:50	38	1	1	0
     2855	2023-08-18 12:05:03	38	1	1	0
     1885	2023-08-18 12:05:27	38	1	1	0
      104	2023-08-18 12:05:38	38	1	1	0
      104	2023-08-18 12:05:39	38	1	1	0
     1624	2023-08-18 12:14:15	38	1	1	0
     1624	2023-08-18 12:14:17	38	1	1	0
     2855	2023-08-18 12:16:26	38	0	1	0
      837	2023-08-18 12:21:12	38	1	25	0
      220	2023-08-18 12:25:21	38	0	1	0
      143	2023-08-18 12:27:07	38	1	1	0
      143	2023-08-18 12:27:09	38	1	1	0
      186	2023-08-18 12:27:16	38	1	1	0
     2062	2023-08-18 12:27:23	38	1	1	0
     2062	2023-08-18 12:27:31	38	1	1	0
      501	2023-08-18 12:29:40	38	1	1	0
     1083	2023-08-18 12:29:47	38	1	1	0
     1034	2023-08-18 12:31:42	38	1	25	0
     1624	2023-08-18 12:31:55	38	0	1	0
     1624	2023-08-18 12:32:00	38	0	1	0
      837	2023-08-18 12:32:12	38	0	25	0
      143	2023-08-18 12:32:19	38	0	1	0
      143	2023-08-18 12:32:20	38	0	1	0
     1034	2023-08-18 12:37:20	38	0	25	0
      186	2023-08-18 12:37:32	38	0	1	0
     2062	2023-08-18 12:37:38	38	0	1	0
     2062	2023-08-18 12:37:44	38	0	1	0
     2736	2023-08-18 12:37:47	38	0	1	0
      501	2023-08-18 12:37:54	38	0	1	0
      197	2023-08-18 12:38:33	38	1	1	0
      197	2023-08-18 12:38:36	38	1	1	0
     1455	2023-08-18 12:38:40	38	1	1	0
     1083	2023-08-18 12:38:50	38	0	1	0
     1885	2023-08-18 12:39:50	38	0	1	0
      104	2023-08-18 12:42:37	38	0	1	0
      104	2023-08-18 12:42:38	38	0	1	0
     1455	2023-08-18 12:48:50	38	0	1	0
      197	2023-08-18 12:49:09	38	0	1	0
      197	2023-08-18 12:49:12	38	0	1	0
      104	2023-08-18 13:07:29	38	0	1	0
      104	2023-08-18 13:07:30	38	0	1	0
      273	2023-08-18 14:33:36	38	1	1	0
      837	2023-08-18 17:01:04	38	1	25	0
      837	2023-08-18 17:01:08	38	1	25	0
      220	2023-08-18 17:01:13	38	1	1	0
     1885	2023-08-18 17:01:19	38	1	1	0
      186	2023-08-18 17:01:26	38	1	1	0
     1455	2023-08-18 17:01:32	38	1	1	0
     1624	2023-08-18 17:01:54	38	1	1	0
     1624	2023-08-18 17:01:55	38	1	1	0
      660	2023-08-18 17:02:07	38	1	1	0
     2736	2023-08-18 17:02:15	38	1	1	0
     2736	2023-08-18 17:02:17	38	1	1	0
      143	2023-08-18 17:02:18	38	1	1	0
      143	2023-08-18 17:02:23	38	1	1	0
     1083	2023-08-18 17:02:29	38	1	1	0
     1083	2023-08-18 17:02:36	38	1	1	0
     2855	2023-08-18 17:02:42	38	1	1	0
     1034	2023-08-18 17:02:46	38	1	25	0
     2062	2023-08-18 17:02:51	38	1	1	0
     2062	2023-08-18 17:02:54	38	1	1	0
      197	2023-08-18 17:03:23	38	1	1	0
      197	2023-08-18 17:03:26	38	1	1	0
      104	2023-08-18 17:03:50	38	1	1	0
      104	2023-08-18 17:03:51	38	1	1	0
      501	2023-08-18 19:19:58	38	1	1	0
      837	2023-08-22 06:58:00	38	0	25	0
      837	2023-08-22 06:58:04	38	0	25	0
     2031	2023-08-22 07:24:42	38	0	1	0
     2031	2023-08-22 07:24:43	38	0	1	0
      660	2023-08-22 07:29:00	38	0	1	0
     2736	2023-08-22 07:38:35	38	0	1	0
      501	2023-08-22 07:38:46	38	0	1	0
     1875	2023-08-22 07:45:48	38	0	1	0
      104	2023-08-22 07:50:02	38	0	1	0
      104	2023-08-22 07:50:03	38	0	1	0
      131	2023-08-22 07:50:17	38	0	1	0
      220	2023-08-22 07:52:45	38	0	1	0
      143	2023-08-22 07:55:08	38	0	1	0
      143	2023-08-22 07:55:09	38	0	1	0
     1083	2023-08-22 07:56:43	38	0	1	0
     1904	2023-08-22 07:58:27	38	0	1	0
     1904	2023-08-22 07:58:29	38	0	1	0
     1034	2023-08-22 07:59:35	38	0	25	0
     1624	2023-08-22 08:00:01	38	0	1	0
     1624	2023-08-22 08:00:03	38	0	1	0
      175	2023-08-22 08:01:19	38	0	1	0
     2855	2023-08-22 08:01:22	38	0	1	0
     2671	2023-08-22 08:01:33	38	0	1	0
     2671	2023-08-22 08:01:34	38	0	1	0
     1885	2023-08-22 08:03:26	38	0	1	0
     2062	2023-08-22 08:08:12	38	0	1	0
      273	2023-08-22 08:10:15	38	0	1	0
     1455	2023-08-22 08:53:13	38	0	1	0
     1885	2023-08-22 12:01:55	38	1	1	0
      273	2023-08-22 12:02:40	38	1	1	0
     2736	2023-08-22 12:02:57	38	1	1	0
     2671	2023-08-22 12:03:04	38	1	1	0
     2671	2023-08-22 12:03:06	38	1	1	0
      837	2023-08-22 12:03:32	38	1	25	0
      501	2023-08-22 12:03:44	38	1	1	0
      104	2023-08-22 12:03:49	38	1	1	0
      104	2023-08-22 12:03:51	38	1	1	0
      220	2023-08-22 12:04:05	38	1	1	0
      143	2023-08-22 12:04:32	38	1	1	0
      143	2023-08-22 12:04:34	38	1	1	0
      220	2023-08-22 12:06:35	38	0	1	0
     2062	2023-08-22 12:06:58	38	1	1	0
     2062	2023-08-22 12:07:04	38	1	1	0
     1904	2023-08-22 12:08:05	38	1	1	0
     1904	2023-08-22 12:08:07	38	1	1	0
     1083	2023-08-22 12:09:50	38	0	1	0
     1083	2023-08-22 12:10:14	38	1	1	0
      660	2023-08-22 12:10:22	38	1	1	0
     1875	2023-08-22 12:11:01	38	1	1	0
      143	2023-08-22 12:14:08	38	0	1	0
      143	2023-08-22 12:14:09	38	0	1	0
      837	2023-08-22 12:14:37	38	0	25	0
     2855	2023-08-22 12:14:43	38	1	1	0
      131	2023-08-22 12:16:12	38	1	1	0
     1455	2023-08-22 12:16:17	38	1	1	0
     2031	2023-08-22 12:21:31	38	1	1	0
     1034	2023-08-22 12:23:16	38	1	25	0
     2855	2023-08-22 12:23:30	38	0	1	0
     1034	2023-08-22 12:25:04	38	0	25	0
      131	2023-08-22 12:25:10	38	0	1	0
     1875	2023-08-22 12:27:51	38	0	1	0
     2031	2023-08-22 12:30:15	38	0	1	0
     2671	2023-08-22 12:30:52	38	0	1	0
     2671	2023-08-22 12:30:57	38	0	1	0
     2736	2023-08-22 12:31:05	38	0	1	0
      660	2023-08-22 12:35:43	38	0	1	0
     1624	2023-08-22 12:35:53	38	1	1	0
     1624	2023-08-22 12:35:54	38	1	1	0
     1455	2023-08-22 12:36:11	38	0	1	0
      175	2023-08-22 12:36:35	38	1	1	0
      175	2023-08-22 12:37:10	38	0	1	0
     1624	2023-08-22 12:37:35	38	0	1	0
     1624	2023-08-22 12:37:37	38	0	1	0
      273	2023-08-22 12:37:47	38	0	1	0
     1904	2023-08-22 12:39:52	38	0	1	0
     1904	2023-08-22 12:39:55	38	0	1	0
      501	2023-08-22 12:46:19	38	0	1	0
     2062	2023-08-22 12:46:26	38	0	1	0
     2062	2023-08-22 12:46:32	38	0	1	0
      104	2023-08-22 12:48:17	38	0	1	0
      104	2023-08-22 12:48:19	38	0	1	0
     1885	2023-08-22 12:50:41	38	0	1	0
     1083	2023-08-22 13:00:40	38	0	1	0
     2062	2023-08-22 15:51:41	38	1	1	0
     2062	2023-08-22 15:51:46	38	1	1	0
      837	2023-08-22 17:01:05	38	1	25	0
      837	2023-08-22 17:01:09	38	1	25	0
     2031	2023-08-22 17:01:21	38	1	25	0
     2031	2023-08-22 17:01:23	38	1	1	0
      273	2023-08-22 17:01:47	38	1	1	0
     1885	2023-08-22 17:01:55	38	1	1	0
     2736	2023-08-22 17:02:06	38	1	1	0
     2736	2023-08-22 17:02:07	38	1	1	0
      660	2023-08-22 17:02:52	38	1	1	0
     1624	2023-08-22 17:03:01	38	1	1	0
     1624	2023-08-22 17:03:03	38	1	1	0
     1455	2023-08-22 17:03:28	38	1	1	0
     2855	2023-08-22 17:04:02	38	1	1	0
     2671	2023-08-22 17:04:10	38	1	1	0
     2671	2023-08-22 17:04:11	38	1	1	0
      501	2023-08-22 17:05:20	38	1	1	0
     1904	2023-08-22 17:05:38	38	1	1	0
     1904	2023-08-22 17:05:42	38	1	1	0
      143	2023-08-22 17:07:03	38	1	1	0
      143	2023-08-22 17:07:05	38	1	1	0
     1083	2023-08-22 17:07:22	38	1	1	0
     1083	2023-08-22 17:07:38	38	1	1	0
      220	2023-08-22 17:07:44	38	1	1	0
      131	2023-08-22 17:08:37	38	1	1	0
      175	2023-08-22 17:15:07	38	1	1	0
      104	2023-08-22 17:36:07	38	1	1	0
      104	2023-08-22 17:36:08	38	1	1	0
     1034	2023-08-22 17:36:16	38	1	25	0
     1875	2023-08-22 17:54:53	38	1	1	0
      837	2023-08-23 07:02:07	38	0	25	0
      837	2023-08-23 07:02:10	38	0	25	0
     2031	2023-08-23 07:18:37	38	0	1	0
     2031	2023-08-23 07:18:38	38	0	1	0
      660	2023-08-23 07:31:04	38	0	1	0
     1875	2023-08-23 07:44:11	38	0	1	0
     1886	2023-08-23 07:46:15	38	0	1	0
      186	2023-08-23 07:49:02	38	0	1	0
      220	2023-08-23 07:52:09	38	0	1	0
      143	2023-08-23 07:52:51	38	0	1	0
      143	2023-08-23 07:52:53	38	0	1	0
      501	2023-08-23 07:53:07	38	0	1	0
     1904	2023-08-23 07:54:09	38	0	1	0
     1904	2023-08-23 07:54:10	38	0	1	0
      511	2023-08-23 07:54:14	38	0	25	0
     2062	2023-08-23 07:55:16	38	0	1	0
      104	2023-08-23 07:56:05	38	0	1	0
      104	2023-08-23 07:56:06	38	0	1	0
      273	2023-08-23 07:56:41	38	0	1	0
     2671	2023-08-23 07:57:17	38	0	1	0
     2671	2023-08-23 07:57:19	38	0	1	0
     1885	2023-08-23 07:57:56	38	0	1	0
      175	2023-08-23 07:59:53	38	0	1	0
     1034	2023-08-23 08:00:48	38	0	1	0
     1034	2023-08-23 08:00:51	38	0	1	0
     2736	2023-08-23 08:03:06	38	0	1	0
     1624	2023-08-23 08:04:18	38	0	1	0
      131	2023-08-23 08:04:56	38	0	1	0
     2855	2023-08-23 08:11:10	38	0	1	0
     1083	2023-08-23 08:20:08	38	0	1	0
     1455	2023-08-23 08:31:24	38	0	1	0
     1885	2023-08-23 12:01:06	38	1	1	0
      660	2023-08-23 12:01:19	38	1	1	0
     1875	2023-08-23 12:02:27	38	1	1	0
     2736	2023-08-23 12:02:35	38	1	1	0
      175	2023-08-23 12:05:24	38	1	1	0
     2855	2023-08-23 12:08:10	38	1	1	0
      837	2023-08-23 12:08:58	38	1	25	0
      501	2023-08-23 12:11:42	38	1	1	0
      273	2023-08-23 12:15:41	38	1	1	0
     1886	2023-08-23 12:20:03	38	1	1	0
      220	2023-08-23 12:20:16	38	1	1	0
     1904	2023-08-23 12:20:33	38	1	1	0
     1904	2023-08-23 12:20:36	38	1	1	0
      143	2023-08-23 12:20:44	38	1	1	0
      143	2023-08-23 12:20:46	38	1	1	0
      837	2023-08-23 12:21:17	38	0	25	0
      273	2023-08-23 12:21:26	38	0	1	0
      220	2023-08-23 12:21:33	38	0	1	0
     1624	2023-08-23 12:21:56	38	1	1	0
     1624	2023-08-23 12:21:57	38	1	1	0
     2031	2023-08-23 12:22:24	38	1	1	0
     1083	2023-08-23 12:22:30	38	1	1	0
      143	2023-08-23 12:22:52	38	0	1	0
      143	2023-08-23 12:22:53	38	0	1	0
     2736	2023-08-23 12:25:38	38	0	1	0
      186	2023-08-23 12:25:50	38	1	1	0
     1886	2023-08-23 12:25:58	38	0	1	0
     2062	2023-08-23 12:26:06	38	1	1	0
     2062	2023-08-23 12:26:10	38	1	1	0
     1455	2023-08-23 12:26:29	38	1	1	0
      131	2023-08-23 12:26:49	38	1	1	0
     2031	2023-08-23 12:27:36	38	0	1	0
     2855	2023-08-23 12:27:40	38	0	1	0
     1885	2023-08-23 12:30:13	38	0	1	0
      131	2023-08-23 12:30:43	38	0	1	0
      175	2023-08-23 12:30:59	38	0	1	0
     1875	2023-08-23 12:31:05	38	0	1	0
      170	2023-08-23 12:31:18	38	0	1	0
      143	2023-08-23 12:31:24	38	0	1	0
     1455	2023-08-23 12:31:31	38	0	1	0
      511	2023-08-23 12:31:44	38	1	25	0
     1083	2023-08-23 12:32:30	38	0	1	0
     1904	2023-08-23 12:32:36	38	0	1	0
     1904	2023-08-23 12:32:39	38	0	1	0
      660	2023-08-23 12:33:05	38	0	1	0
     1624	2023-08-23 12:33:11	38	0	1	0
     1624	2023-08-23 12:33:12	38	0	1	0
      501	2023-08-23 12:33:55	38	0	1	0
      511	2023-08-23 12:35:01	38	0	25	0
      186	2023-08-23 12:42:03	38	0	1	0
     2062	2023-08-23 12:42:10	38	0	1	0
     2062	2023-08-23 12:42:15	38	0	1	0
     2671	2023-08-23 12:46:39	38	1	1	0
     2671	2023-08-23 13:08:00	38	0	1	0
      501	2023-08-23 16:06:16	38	1	1	0
     1455	2023-08-23 17:00:16	38	1	1	0
      273	2023-08-23 17:01:04	38	1	1	0
      837	2023-08-23 17:01:10	38	1	25	0
      837	2023-08-23 17:01:13	38	1	25	0
     1885	2023-08-23 17:01:19	38	1	1	0
      170	2023-08-23 17:01:25	38	1	1	0
      170	2023-08-23 17:01:30	38	1	1	0
     2855	2023-08-23 17:01:36	38	1	1	0
     2031	2023-08-23 17:01:41	38	1	1	0
     2031	2023-08-23 17:01:42	38	1	1	0
     2671	2023-08-23 17:01:45	38	1	1	0
     2671	2023-08-23 17:01:46	38	1	1	0
      186	2023-08-23 17:01:52	38	1	1	0
     1083	2023-08-23 17:03:42	38	1	1	0
     1083	2023-08-23 17:03:48	38	1	1	0
     2062	2023-08-23 17:03:54	38	1	1	0
     2062	2023-08-23 17:03:59	38	1	1	0
     1034	2023-08-23 17:04:49	38	1	25	0
     1624	2023-08-23 17:06:53	38	1	1	0
     1624	2023-08-23 17:06:54	38	1	1	0
      104	2023-08-23 17:12:08	38	1	1	0
      104	2023-08-23 17:12:09	38	1	1	0
      220	2023-08-23 17:12:15	38	1	1	0
     1904	2023-08-23 17:16:27	38	1	1	0
     1904	2023-08-23 17:16:30	38	1	1	0
      175	2023-08-23 17:17:43	38	1	1	0
     1886	2023-08-23 17:17:55	38	1	1	0
      143	2023-08-23 17:18:01	38	1	1	0
      143	2023-08-23 17:18:03	38	1	1	0
      131	2023-08-23 17:18:09	38	1	1	0
      511	2023-08-23 17:21:34	38	1	25	0
      660	2023-08-23 17:21:46	38	1	1	0
     1875	2023-08-23 17:24:31	38	1	1	0
     2736	2023-08-23 22:20:31	38	1	1	0
     2736	2023-08-23 22:20:33	38	1	1	0
      837	2023-08-24 07:05:24	38	0	25	0
      837	2023-08-24 07:05:29	38	0	25	0
     2031	2023-08-24 07:24:22	38	0	1	0
      501	2023-08-24 07:29:49	38	0	1	0
      186	2023-08-24 07:43:44	38	0	1	0
      170	2023-08-24 07:48:17	38	0	1	0
      170	2023-08-24 07:48:23	38	0	1	0
     1886	2023-08-24 07:52:07	38	0	1	0
      131	2023-08-24 07:52:36	38	0	1	0
     2855	2023-08-24 07:52:51	38	0	1	0
      143	2023-08-24 07:55:18	38	0	1	0
      143	2023-08-24 07:55:20	38	0	1	0
     1904	2023-08-24 07:55:26	38	0	1	0
     1904	2023-08-24 07:55:29	38	0	1	0
      220	2023-08-24 07:55:46	38	0	1	0
     1885	2023-08-24 07:56:03	38	0	1	0
     2671	2023-08-24 07:56:19	38	0	1	0
     2671	2023-08-24 07:56:20	38	0	1	0
     2736	2023-08-24 07:57:21	38	0	1	0
     2062	2023-08-24 07:57:27	38	0	1	0
     1083	2023-08-24 07:57:51	38	0	1	0
      175	2023-08-24 07:59:12	38	0	1	0
     1875	2023-08-24 07:59:28	38	0	1	0
     1624	2023-08-24 07:59:50	38	0	1	0
     1624	2023-08-24 07:59:52	38	0	1	0
      660	2023-08-24 07:59:56	38	0	1	0
      660	2023-08-24 08:00:07	38	0	1	0
     1034	2023-08-24 08:00:51	38	0	1	0
      273	2023-08-24 08:05:26	38	0	1	0
      104	2023-08-24 08:08:48	38	0	1	0
      104	2023-08-24 08:08:49	38	0	1	0
     1455	2023-08-24 08:25:36	38	0	1	0
     2736	2023-08-24 12:02:24	38	1	1	0
     2671	2023-08-24 12:02:39	38	1	1	0
     2855	2023-08-24 12:04:34	38	1	1	0
      131	2023-08-24 12:07:21	38	1	1	0
      837	2023-08-24 12:10:35	38	1	25	0
     1885	2023-08-24 12:10:48	38	1	1	0
     1034	2023-08-24 12:11:06	38	1	25	0
      131	2023-08-24 12:11:34	38	0	1	0
      170	2023-08-24 12:11:44	38	1	1	0
     1455	2023-08-24 12:11:50	38	1	1	0
      660	2023-08-24 12:12:55	38	1	1	0
      660	2023-08-24 12:13:58	38	0	1	0
     2736	2023-08-24 12:15:04	38	0	1	0
      186	2023-08-24 12:16:01	38	1	1	0
      104	2023-08-24 12:16:07	38	1	1	0
      104	2023-08-24 12:16:08	38	1	1	0
     2031	2023-08-24 12:16:48	38	1	1	0
     1083	2023-08-24 12:17:06	38	1	1	0
     2062	2023-08-24 12:19:49	38	1	1	0
     2062	2023-08-24 12:19:55	38	1	1	0
      501	2023-08-24 12:20:27	38	1	1	0
      837	2023-08-24 12:20:59	38	0	25	0
      837	2023-08-24 12:21:08	38	0	25	0
      143	2023-08-24 12:21:34	38	1	1	0
      143	2023-08-24 12:21:36	38	1	1	0
     1886	2023-08-24 12:22:11	38	1	1	0
     1875	2023-08-24 12:22:49	38	1	1	0
     2671	2023-08-24 12:23:02	38	0	1	0
     2671	2023-08-24 12:23:03	38	0	1	0
      186	2023-08-24 12:25:25	38	0	1	0
     1904	2023-08-24 12:25:34	38	1	1	0
     1904	2023-08-24 12:25:36	38	1	1	0
      220	2023-08-24 12:28:24	38	1	1	0
     2062	2023-08-24 12:29:59	38	0	1	0
     2062	2023-08-24 12:30:05	38	0	1	0
      170	2023-08-24 12:30:20	38	0	1	0
      220	2023-08-24 12:30:42	38	0	1	0
     2855	2023-08-24 12:30:59	38	0	1	0
     1885	2023-08-24 12:31:49	38	0	1	0
      143	2023-08-24 12:34:31	38	0	1	0
      143	2023-08-24 12:34:32	38	0	1	0
      501	2023-08-24 12:34:39	38	0	1	0
     1886	2023-08-24 12:34:43	38	0	1	0
     1904	2023-08-24 12:36:17	38	0	1	0
     1904	2023-08-24 12:36:19	38	0	1	0
     1875	2023-08-24 12:37:14	38	0	1	0
      175	2023-08-24 12:40:52	38	1	1	0
     1083	2023-08-24 12:40:59	38	0	1	0
     1455	2023-08-24 12:42:10	38	0	1	0
     1034	2023-08-24 12:43:22	38	0	25	0
      175	2023-08-24 12:45:46	38	0	1	0
      511	2023-08-24 12:46:09	38	0	25	0
     2031	2023-08-24 17:01:14	38	1	1	0
     2031	2023-08-24 17:01:15	38	1	1	0
      170	2023-08-24 17:01:22	38	1	1	0
      170	2023-08-24 17:01:30	38	1	1	0
      660	2023-08-24 17:01:35	38	1	1	0
     1455	2023-08-24 17:01:38	38	1	1	0
      837	2023-08-24 17:01:44	38	1	25	0
      837	2023-08-24 17:01:51	38	1	25	0
      273	2023-08-24 17:01:56	38	1	1	0
     1885	2023-08-24 17:02:02	38	1	1	0
     2671	2023-08-24 17:02:23	38	1	1	0
     2671	2023-08-24 17:02:24	38	1	1	0
     2062	2023-08-24 17:02:40	38	1	1	0
     2062	2023-08-24 17:02:46	38	1	1	0
      511	2023-08-24 17:02:59	38	1	25	0
      511	2023-08-24 17:03:02	38	1	25	0
      186	2023-08-24 17:03:21	38	1	1	0
      186	2023-08-24 17:03:38	38	1	1	0
      104	2023-08-24 17:03:55	38	1	1	0
      104	2023-08-24 17:03:56	38	1	1	0
     2855	2023-08-24 17:06:42	38	1	1	0
     1904	2023-08-24 17:07:38	38	1	1	0
     1904	2023-08-24 17:07:41	38	1	1	0
      501	2023-08-24 17:07:47	38	1	1	0
      220	2023-08-24 17:07:53	38	1	1	0
      143	2023-08-24 17:08:03	38	1	1	0
      143	2023-08-24 17:08:04	38	1	1	0
     1886	2023-08-24 17:09:41	38	1	1	0
     2736	2023-08-24 17:10:56	38	1	1	0
     2736	2023-08-24 17:10:57	38	1	1	0
      131	2023-08-24 17:13:49	38	1	1	0
     1083	2023-08-24 17:30:01	38	1	1	0
     1034	2023-08-24 17:32:13	38	1	25	0
     1875	2023-08-24 17:32:39	38	1	1	0
      175	2023-08-24 17:34:11	38	1	1	0
      837	2023-08-25 07:02:21	38	0	25	0
      837	2023-08-25 07:02:25	38	0	25	0
      660	2023-08-25 07:29:06	38	0	1	0
      186	2023-08-25 07:39:14	38	0	1	0
      131	2023-08-25 07:43:07	38	0	1	0
      170	2023-08-25 07:50:35	38	0	1	0
      170	2023-08-25 07:50:42	38	0	1	0
      220	2023-08-25 07:55:11	38	0	1	0
     1904	2023-08-25 07:55:56	38	0	1	0
     1904	2023-08-25 07:55:58	38	0	1	0
     1886	2023-08-25 07:56:11	38	0	1	0
      143	2023-08-25 07:57:53	38	0	1	0
      143	2023-08-25 07:57:55	38	0	1	0
      175	2023-08-25 07:58:29	38	0	1	0
     2736	2023-08-25 07:59:03	38	0	1	0
     1083	2023-08-25 07:59:47	38	0	1	0
     1034	2023-08-25 07:59:51	38	0	25	0
     1034	2023-08-25 07:59:58	38	0	25	0
     2855	2023-08-25 08:00:34	38	0	1	0
     2062	2023-08-25 08:06:34	38	0	1	0
     1875	2023-08-25 08:09:46	38	0	1	0
     2671	2023-08-25 08:10:30	38	0	1	0
     2671	2023-08-25 08:10:31	38	0	1	0
      273	2023-08-25 08:20:06	38	0	1	0
      104	2023-08-25 08:21:01	38	0	1	0
      104	2023-08-25 08:21:02	38	0	1	0
     1455	2023-08-25 08:22:00	38	0	1	0
      175	2023-08-25 12:01:13	38	1	1	0
     1083	2023-08-25 12:02:24	38	1	1	0
      170	2023-08-25 12:02:35	38	1	1	0
     2736	2023-08-25 12:02:42	38	1	1	0
      104	2023-08-25 12:07:35	38	1	1	0
      143	2023-08-25 12:08:38	38	1	1	0
      143	2023-08-25 12:08:40	38	1	1	0
     2855	2023-08-25 12:10:02	38	1	1	0
     2671	2023-08-25 12:12:05	38	1	1	0
      186	2023-08-25 12:13:51	38	1	1	0
     2062	2023-08-25 12:14:06	38	1	1	0
     2062	2023-08-25 12:14:12	38	1	1	0
     1904	2023-08-25 12:14:31	38	1	1	0
     1904	2023-08-25 12:14:34	38	1	1	0
      837	2023-08-25 12:14:46	38	1	25	0
      660	2023-08-25 12:14:59	38	1	1	0
     1083	2023-08-25 12:15:14	38	0	1	0
     1886	2023-08-25 12:16:12	38	1	1	0
      220	2023-08-25 12:16:38	38	1	1	0
      660	2023-08-25 12:19:22	38	1	1	0
     2855	2023-08-25 12:27:16	38	0	1	0
      660	2023-08-25 12:28:06	38	0	1	0
      837	2023-08-25 12:28:14	38	0	25	0
     1455	2023-08-25 12:28:26	38	1	1	0
      143	2023-08-25 12:28:40	38	0	1	0
      143	2023-08-25 12:28:44	38	0	1	0
      220	2023-08-25 12:30:50	38	0	1	0
     1886	2023-08-25 12:31:31	38	0	1	0
     2736	2023-08-25 12:31:49	38	0	1	0
     1875	2023-08-25 12:32:09	38	1	1	0
      170	2023-08-25 12:32:41	38	0	1	0
     2062	2023-08-25 12:33:03	38	0	1	0
     2062	2023-08-25 12:33:06	38	0	1	0
     2671	2023-08-25 12:33:10	38	0	1	0
     2671	2023-08-25 12:33:11	38	0	1	0
     1455	2023-08-25 12:37:29	38	0	1	0
      186	2023-08-25 12:39:26	38	1	1	0
      220	2023-08-25 12:40:17	38	0	1	0
     1875	2023-08-25 12:40:23	38	0	1	0
     1904	2023-08-25 12:41:18	38	0	1	0
     1904	2023-08-25 12:41:20	38	0	1	0
      186	2023-08-25 12:46:17	38	0	1	0
      104	2023-08-25 12:49:09	38	0	1	0
      104	2023-08-25 12:49:10	38	0	1	0
      175	2023-08-25 12:50:29	38	0	1	0
     1455	2023-08-25 12:50:40	38	0	1	0
      660	2023-08-25 17:01:09	38	1	1	0
      837	2023-08-25 17:01:46	38	1	25	0
      837	2023-08-25 17:01:50	38	1	25	0
     2736	2023-08-25 17:02:05	38	1	1	0
     2736	2023-08-25 17:02:07	38	1	1	0
      273	2023-08-25 17:03:07	38	1	1	0
     2855	2023-08-25 17:03:12	38	1	1	0
     2671	2023-08-25 17:03:31	38	1	1	0
     2671	2023-08-25 17:03:33	38	1	1	0
      170	2023-08-25 17:05:06	38	1	1	0
      170	2023-08-25 17:05:11	38	1	1	0
     1455	2023-08-25 17:05:14	38	1	1	0
      186	2023-08-25 17:05:22	38	1	1	0
     1083	2023-08-25 17:05:51	38	1	1	0
     1083	2023-08-25 17:05:57	38	1	1	0
     2062	2023-08-25 17:06:27	38	1	1	0
     2062	2023-08-25 17:06:33	38	1	1	0
     1904	2023-08-25 17:07:51	38	1	1	0
     1904	2023-08-25 17:07:54	38	1	1	0
      143	2023-08-25 17:08:21	38	1	1	0
      143	2023-08-25 17:08:25	38	1	1	0
      220	2023-08-25 17:08:44	38	1	1	0
     1886	2023-08-25 17:12:05	38	1	1	0
      104	2023-08-25 17:24:39	38	1	1	0
      104	2023-08-25 17:24:56	38	1	1	0
     1875	2023-08-25 17:31:53	38	1	1	0
     1034	2023-08-25 17:39:04	38	1	25	0
      175	2023-08-25 17:48:26	38	1	1	0
     1034	2023-08-25 17:48:29	38	1	25	0
      837	2023-08-29 07:01:25	38	0	25	0
      837	2023-08-29 07:01:29	38	0	25	0
     1034	2023-08-29 07:19:43	38	0	25	0
     2031	2023-08-29 07:29:03	38	0	1	0
     2031	2023-08-29 07:29:04	38	0	1	0
      197	2023-08-29 07:31:52	38	0	1	0
      197	2023-08-29 07:31:54	38	0	1	0
      501	2023-08-29 07:33:26	38	0	1	0
     2062	2023-08-29 07:35:25	38	0	1	0
      220	2023-08-29 07:35:44	38	0	1	0
     1904	2023-08-29 07:42:28	38	0	1	0
     1904	2023-08-29 07:42:31	38	0	1	0
      170	2023-08-29 07:43:25	38	0	1	0
      170	2023-08-29 07:43:31	38	0	1	0
     1886	2023-08-29 07:46:32	38	0	1	0
     1886	2023-08-29 07:46:38	38	0	1	0
      186	2023-08-29 07:47:23	38	0	1	0
      175	2023-08-29 07:49:04	38	0	1	0
      273	2023-08-29 07:50:31	38	0	1	0
      143	2023-08-29 07:51:30	38	0	1	0
      143	2023-08-29 07:51:32	38	0	1	0
     1455	2023-08-29 07:56:32	38	0	1	0
     2671	2023-08-29 07:56:42	38	0	1	0
     2671	2023-08-29 07:56:43	38	0	1	0
     2736	2023-08-29 07:59:13	38	0	1	0
     1083	2023-08-29 08:00:15	38	0	1	0
     2855	2023-08-29 08:03:27	38	0	1	0
      104	2023-08-29 08:05:54	38	0	1	0
      170	2023-08-29 12:02:47	38	1	1	0
     1886	2023-08-29 12:02:54	38	1	1	0
     2671	2023-08-29 12:03:18	38	1	1	0
     2671	2023-08-29 12:03:19	38	1	1	0
     2855	2023-08-29 12:04:15	38	1	1	0
     2736	2023-08-29 12:04:38	38	1	1	0
      501	2023-08-29 12:05:39	38	1	1	0
     1904	2023-08-29 12:08:14	38	1	1	0
     1904	2023-08-29 12:08:17	38	1	1	0
      197	2023-08-29 12:09:15	38	1	1	0
      197	2023-08-29 12:09:18	38	1	1	0
     2062	2023-08-29 12:09:54	38	1	1	0
     2062	2023-08-29 12:10:00	38	1	1	0
      186	2023-08-29 12:12:52	38	1	1	0
      143	2023-08-29 12:13:50	38	1	1	0
      143	2023-08-29 12:13:52	38	1	1	0
      186	2023-08-29 12:15:51	38	0	1	0
      143	2023-08-29 12:16:47	38	0	1	0
      143	2023-08-29 12:16:49	38	0	1	0
      837	2023-08-29 12:20:22	38	1	25	0
     1455	2023-08-29 12:24:53	38	1	1	0
     2031	2023-08-29 12:25:47	38	1	1	0
      220	2023-08-29 12:29:51	38	1	1	0
     2671	2023-08-29 12:30:52	38	0	1	0
     2671	2023-08-29 12:30:53	38	0	1	0
     1875	2023-08-29 12:31:49	38	0	1	0
     2736	2023-08-29 12:32:10	38	0	1	0
     2855	2023-08-29 12:32:31	38	0	1	0
     1455	2023-08-29 12:32:36	38	1	1	0
      220	2023-08-29 12:33:52	38	0	1	0
      501	2023-08-29 12:34:24	38	0	1	0
      837	2023-08-29 12:34:37	38	0	25	0
      197	2023-08-29 12:35:41	38	0	1	0
      197	2023-08-29 12:35:44	38	0	1	0
      170	2023-08-29 12:38:16	38	0	1	0
     2062	2023-08-29 12:42:13	38	0	1	0
     2062	2023-08-29 12:42:19	38	0	1	0
     1904	2023-08-29 12:42:24	38	0	1	0
     1904	2023-08-29 12:42:26	38	0	1	0
      186	2023-08-29 12:42:32	38	0	1	0
     1886	2023-08-29 12:42:40	38	0	1	0
     2031	2023-08-29 12:43:17	38	0	1	0
      175	2023-08-29 12:44:13	38	1	1	0
     1083	2023-08-29 12:57:30	38	1	1	0
     1455	2023-08-29 12:57:33	38	0	1	0
      175	2023-08-29 12:57:39	38	0	1	0
     1083	2023-08-29 12:59:22	38	0	1	0
     2031	2023-08-29 17:01:05	38	1	1	0
      837	2023-08-29 17:01:11	38	1	25	0
      837	2023-08-29 17:01:14	38	1	25	0
      170	2023-08-29 17:01:21	38	1	1	0
      170	2023-08-29 17:01:29	38	1	1	0
     1455	2023-08-29 17:01:33	38	1	1	0
     2671	2023-08-29 17:02:28	38	1	1	0
     2671	2023-08-29 17:02:29	38	1	1	0
      186	2023-08-29 17:03:44	38	1	1	0
     2855	2023-08-29 17:03:58	38	1	1	0
      197	2023-08-29 17:07:16	38	1	1	0
      197	2023-08-29 17:07:19	38	1	1	0
     2062	2023-08-29 17:08:21	38	1	1	0
     2062	2023-08-29 17:08:27	38	1	1	0
      220	2023-08-29 17:08:33	38	1	1	0
     1886	2023-08-29 17:08:45	38	1	1	0
      143	2023-08-29 17:08:51	38	1	1	0
      143	2023-08-29 17:08:53	38	1	1	0
      501	2023-08-29 17:12:10	38	1	1	0
     1875	2023-08-29 17:20:11	38	1	1	0
     1904	2023-08-29 17:22:59	38	1	1	0
     1904	2023-08-29 17:23:02	38	1	1	0
     1886	2023-08-29 17:23:08	38	1	1	0
     1083	2023-08-29 17:24:21	38	1	1	0
     2736	2023-08-29 17:24:38	38	1	1	0
     2736	2023-08-29 17:24:39	38	1	1	0
      175	2023-08-29 17:27:50	38	1	1	0
      837	2023-08-30 07:00:05	38	0	25	0
      837	2023-08-30 07:00:08	38	0	25	0
     1034	2023-08-30 07:01:36	38	0	25	0
     2031	2023-08-30 07:15:32	38	0	1	0
      197	2023-08-30 07:24:44	38	0	1	0
      197	2023-08-30 07:24:47	38	0	1	0
      660	2023-08-30 07:31:14	38	0	1	0
      501	2023-08-30 07:38:02	38	0	1	0
     1455	2023-08-30 07:39:15	38	0	1	0
     1624	2023-08-30 07:45:50	38	0	1	0
     1624	2023-08-30 07:45:52	38	0	1	0
      186	2023-08-30 07:46:16	38	0	1	0
      170	2023-08-30 07:46:56	38	0	1	0
      170	2023-08-30 07:47:02	38	0	1	0
      220	2023-08-30 07:49:07	38	0	1	0
      143	2023-08-30 07:49:38	38	0	1	0
      143	2023-08-30 07:49:40	38	0	1	0
     2062	2023-08-30 07:50:37	38	0	1	0
      175	2023-08-30 07:52:24	38	0	1	0
     1886	2023-08-30 07:53:26	38	0	1	0
      273	2023-08-30 07:58:45	38	0	1	0
     2671	2023-08-30 07:59:29	38	0	1	0
     2671	2023-08-30 07:59:30	38	0	1	0
      104	2023-08-30 08:00:15	38	0	1	0
      104	2023-08-30 08:00:16	38	0	1	0
     2855	2023-08-30 08:00:25	38	0	1	0
     1875	2023-08-30 08:00:41	38	0	1	0
     1083	2023-08-30 08:01:02	38	0	1	0
     1904	2023-08-30 08:01:09	38	0	1	0
     1904	2023-08-30 08:01:12	38	0	1	0
     2736	2023-08-30 08:02:33	38	0	1	0
      104	2023-08-30 12:01:28	38	1	1	0
     2736	2023-08-30 12:02:11	38	1	1	0
     1904	2023-08-30 12:03:05	38	1	1	0
     1904	2023-08-30 12:03:07	38	1	1	0
      220	2023-08-30 12:03:18	38	1	1	0
      837	2023-08-30 12:03:45	38	1	25	0
     2671	2023-08-30 12:03:54	38	1	1	0
     2671	2023-08-30 12:03:56	38	1	1	0
     2855	2023-08-30 12:04:07	38	1	1	0
      186	2023-08-30 12:04:13	38	1	1	0
     2062	2023-08-30 12:04:20	38	1	1	0
     2062	2023-08-30 12:04:26	38	1	1	0
     1886	2023-08-30 12:05:46	38	1	1	0
      273	2023-08-30 12:07:34	38	1	1	0
      220	2023-08-30 12:07:44	38	0	1	0
     1904	2023-08-30 12:08:02	38	0	1	0
     1904	2023-08-30 12:08:04	38	0	1	0
      273	2023-08-30 12:08:10	38	0	1	0
      143	2023-08-30 12:08:16	38	1	1	0
      143	2023-08-30 12:08:18	38	1	1	0
     1886	2023-08-30 12:16:14	38	0	1	0
      837	2023-08-30 12:17:54	38	0	25	0
     1624	2023-08-30 12:18:04	38	1	1	0
     1624	2023-08-30 12:18:05	38	1	1	0
     1455	2023-08-30 12:18:11	38	1	1	0
      197	2023-08-30 12:18:50	38	1	1	0
      197	2023-08-30 12:18:53	38	1	1	0
     2031	2023-08-30 12:19:06	38	1	1	0
     2031	2023-08-30 12:19:07	38	1	1	0
     2736	2023-08-30 12:20:28	38	0	1	0
      143	2023-08-30 12:22:39	38	0	1	0
      143	2023-08-30 12:22:47	38	0	1	0
     2855	2023-08-30 12:23:11	38	0	1	0
     1875	2023-08-30 12:24:42	38	1	1	0
      175	2023-08-30 12:25:18	38	1	1	0
      186	2023-08-30 12:28:23	38	0	1	0
      175	2023-08-30 12:30:17	38	0	1	0
     2062	2023-08-30 12:33:10	38	0	1	0
     2062	2023-08-30 12:33:15	38	0	1	0
     1455	2023-08-30 12:37:43	38	0	1	0
     2031	2023-08-30 12:41:50	38	0	1	0
     1875	2023-08-30 12:44:34	38	0	1	0
     2671	2023-08-30 12:46:56	38	0	1	0
     2671	2023-08-30 12:46:57	38	0	1	0
     1624	2023-08-30 12:53:26	38	0	1	0
     1624	2023-08-30 12:53:28	38	0	1	0
      197	2023-08-30 12:54:45	38	0	1	0
      197	2023-08-30 12:54:48	38	0	1	0
      170	2023-08-30 12:55:34	38	1	1	0
     1083	2023-08-30 12:57:40	38	1	1	0
      170	2023-08-30 12:58:31	38	0	1	0
      501	2023-08-30 12:59:02	38	1	1	0
      501	2023-08-30 12:59:13	38	0	1	0
     1083	2023-08-30 12:59:41	38	0	1	0
      501	2023-08-30 13:00:04	38	0	1	0
      143	2023-08-30 13:00:09	38	0	1	0
      837	2023-08-30 17:01:03	38	1	25	0
      837	2023-08-30 17:01:07	38	1	25	0
     2031	2023-08-30 17:01:10	38	1	1	0
     2031	2023-08-30 17:01:12	38	1	1	0
      170	2023-08-30 17:01:18	38	1	1	0
      170	2023-08-30 17:01:24	38	1	1	0
     2855	2023-08-30 17:01:59	38	1	1	0
      273	2023-08-30 17:02:13	38	1	1	0
      186	2023-08-30 17:02:28	38	1	1	0
     2671	2023-08-30 17:03:38	38	1	1	0
     1455	2023-08-30 17:03:47	38	1	1	0
      501	2023-08-30 17:03:53	38	1	1	0
     2736	2023-08-30 17:04:03	38	1	1	0
     2736	2023-08-30 17:04:05	38	1	1	0
     1624	2023-08-30 17:05:28	38	1	1	0
     1624	2023-08-30 17:05:29	38	1	1	0
     2062	2023-08-30 17:05:36	38	1	1	0
     2062	2023-08-30 17:05:42	38	1	1	0
      143	2023-08-30 17:05:56	38	1	1	0
      143	2023-08-30 17:05:58	38	1	1	0
      143	2023-08-30 17:07:24	38	1	1	0
      143	2023-08-30 17:07:27	38	1	1	0
     1886	2023-08-30 17:07:44	38	1	1	0
      220	2023-08-30 17:07:57	38	1	1	0
     1083	2023-08-30 17:09:00	38	1	1	0
     1083	2023-08-30 17:09:13	38	1	1	0
      197	2023-08-30 17:09:31	38	1	1	0
      197	2023-08-30 17:09:36	38	1	1	0
      660	2023-08-30 17:10:31	38	1	1	0
      104	2023-08-30 17:25:36	38	1	1	0
      104	2023-08-30 17:25:37	38	1	1	0
     1875	2023-08-30 17:25:58	38	1	1	0
     1904	2023-08-30 17:26:05	38	1	1	0
     1904	2023-08-30 17:26:08	38	1	1	0
      175	2023-08-30 18:13:50	38	1	1	0
      837	2023-08-31 06:52:15	38	0	25	0
      837	2023-08-31 06:52:22	38	0	25	0
      660	2023-08-31 07:19:34	38	0	1	0
      197	2023-08-31 07:22:41	38	0	1	0
      197	2023-08-31 07:22:43	38	0	1	0
      220	2023-08-31 07:40:29	38	0	1	0
      273	2023-08-31 07:46:35	38	0	1	0
     2031	2023-08-31 07:48:02	38	0	1	0
     2031	2023-08-31 07:48:06	38	0	1	0
      186	2023-08-31 07:49:56	38	0	1	0
      170	2023-08-31 07:51:06	38	0	1	0
      170	2023-08-31 07:51:12	38	0	1	0
      143	2023-08-31 07:52:47	38	0	1	0
      143	2023-08-31 07:52:48	38	0	1	0
      104	2023-08-31 07:54:37	38	0	1	0
      104	2023-08-31 07:54:38	38	0	1	0
     2671	2023-08-31 07:55:29	38	0	1	0
     2671	2023-08-31 07:55:30	38	0	1	0
      501	2023-08-31 07:56:45	38	0	1	0
     1886	2023-08-31 07:58:27	38	0	1	0
     1083	2023-08-31 07:58:38	38	0	1	0
     1455	2023-08-31 08:02:01	38	0	1	0
      175	2023-08-31 08:03:21	38	0	1	0
     2736	2023-08-31 08:03:26	38	0	1	0
     1904	2023-08-31 08:05:21	38	0	1	0
     1904	2023-08-31 08:05:23	38	0	1	0
     1624	2023-08-31 08:06:20	38	0	1	0
     1624	2023-08-31 08:06:22	38	0	1	0
     1875	2023-08-31 08:10:49	38	0	1	0
     2062	2023-08-31 08:14:50	38	0	1	0
     2855	2023-08-31 08:28:42	38	0	1	0
      170	2023-08-31 12:01:44	38	1	1	0
     2736	2023-08-31 12:02:10	38	1	1	0
     1904	2023-08-31 12:03:06	38	1	1	0
     1904	2023-08-31 12:03:09	38	1	1	0
      220	2023-08-31 12:03:15	38	1	1	0
     1875	2023-08-31 12:03:22	38	1	1	0
      197	2023-08-31 12:03:40	38	1	1	0
      197	2023-08-31 12:03:43	38	1	1	0
     2671	2023-08-31 12:05:52	38	1	1	0
     2671	2023-08-31 12:05:59	38	1	1	0
     2062	2023-08-31 12:06:54	38	1	1	0
     2062	2023-08-31 12:07:00	38	1	1	0
      837	2023-08-31 12:08:58	38	1	25	0
      837	2023-08-31 12:09:05	38	1	25	0
     2031	2023-08-31 12:09:14	38	1	1	0
      220	2023-08-31 12:14:12	38	0	1	0
      186	2023-08-31 12:15:03	38	1	1	0
     1904	2023-08-31 12:17:39	38	0	1	0
     1904	2023-08-31 12:17:40	38	0	1	0
      186	2023-08-31 12:18:30	38	0	1	0
      104	2023-08-31 12:23:35	38	1	1	0
      104	2023-08-31 12:23:36	38	1	1	0
     2736	2023-08-31 12:27:55	38	0	1	0
     1875	2023-08-31 12:28:40	38	0	1	0
     2671	2023-08-31 12:31:15	38	0	1	0
     2671	2023-08-31 12:31:16	38	0	1	0
     1455	2023-08-31 12:32:06	38	1	1	0
     1455	2023-08-31 12:33:36	38	0	1	0
      837	2023-08-31 12:35:43	38	0	25	0
      170	2023-08-31 12:43:06	38	0	1	0
     2031	2023-08-31 12:43:50	38	0	1	0
     2062	2023-08-31 12:44:02	38	0	1	0
     2062	2023-08-31 12:44:06	38	0	1	0
      143	2023-08-31 12:45:41	38	1	1	0
      197	2023-08-31 12:46:03	38	0	1	0
      197	2023-08-31 12:46:06	38	0	1	0
      143	2023-08-31 12:47:41	38	0	1	0
      143	2023-08-31 12:47:43	38	0	1	0
     1624	2023-08-31 12:50:46	38	1	1	0
     1624	2023-08-31 12:50:48	38	1	1	0
     1624	2023-08-31 12:52:07	38	0	1	0
     1624	2023-08-31 12:52:09	38	0	1	0
      104	2023-08-31 12:58:14	38	0	1	0
      104	2023-08-31 12:58:15	38	0	1	0
     2031	2023-08-31 17:01:35	38	1	1	0
     2031	2023-08-31 17:01:36	38	1	1	0
     2671	2023-08-31 17:02:10	38	1	1	0
     2671	2023-08-31 17:02:12	38	1	1	0
      660	2023-08-31 17:02:18	38	1	1	0
     2855	2023-08-31 17:02:24	38	1	1	0
     1624	2023-08-31 17:02:36	38	1	1	0
     1624	2023-08-31 17:02:38	38	1	1	0
      170	2023-08-31 17:02:56	38	1	1	0
      170	2023-08-31 17:03:02	38	1	1	0
      837	2023-08-31 17:03:10	38	1	25	0
      837	2023-08-31 17:03:13	38	1	25	0
      104	2023-08-31 17:03:18	38	1	1	0
      104	2023-08-31 17:03:19	38	1	1	0
     1455	2023-08-31 17:03:25	38	1	1	0
     1083	2023-08-31 17:04:25	38	1	1	0
     1083	2023-08-31 17:04:31	38	1	1	0
      273	2023-08-31 17:05:23	38	1	1	0
     2736	2023-08-31 17:05:30	38	1	1	0
     2736	2023-08-31 17:05:32	38	1	1	0
      186	2023-08-31 17:05:50	38	1	1	0
      143	2023-08-31 17:07:08	38	1	1	0
      143	2023-08-31 17:07:13	38	1	1	0
     1904	2023-08-31 17:07:24	38	1	1	0
     1904	2023-08-31 17:07:28	38	1	1	0
      220	2023-08-31 17:07:34	38	1	1	0
     2062	2023-08-31 17:09:55	38	1	1	0
     2062	2023-08-31 17:10:02	38	1	1	0
      197	2023-08-31 17:16:42	38	1	1	0
      197	2023-08-31 17:16:46	38	1	1	0
     1875	2023-08-31 17:22:37	38	1	1	0
      175	2023-08-31 17:23:47	38	1	1	0
      501	2023-08-31 22:01:26	38	1	1	0
     2736	2023-09-01 06:02:21	38	0	1	0
     1904	2023-09-01 06:05:36	38	0	1	0
     1904	2023-09-01 06:05:38	38	0	1	0
      170	2023-09-01 06:22:11	38	0	1	0
      170	2023-09-01 06:22:23	38	0	1	0
      104	2023-09-01 06:24:41	38	0	1	0
      104	2023-09-01 06:24:42	38	0	1	0
     2855	2023-09-01 06:40:02	38	0	1	0
      837	2023-09-01 06:46:57	38	0	25	0
      837	2023-09-01 06:47:00	38	0	25	0
      220	2023-09-01 06:49:54	38	0	1	0
     1034	2023-09-01 06:51:30	38	0	25	0
      273	2023-09-01 06:57:43	38	0	1	0
     1624	2023-09-01 07:01:47	38	0	1	0
     1624	2023-09-01 07:01:48	38	0	1	0
      131	2023-09-01 07:05:47	38	0	1	0
     1886	2023-09-01 07:19:27	38	0	1	0
      501	2023-09-01 07:19:51	38	0	1	0
      186	2023-09-01 07:22:00	38	0	1	0
     2031	2023-09-01 07:22:05	38	0	1	0
     2062	2023-09-01 07:22:11	38	0	1	0
     1455	2023-09-01 07:22:36	38	0	1	0
      197	2023-09-01 07:22:46	38	0	1	0
      197	2023-09-01 07:22:49	38	0	1	0
      175	2023-09-01 07:23:30	38	0	1	0
      143	2023-09-01 07:25:26	38	0	1	0
      143	2023-09-01 07:25:27	38	0	1	0
     1875	2023-09-01 07:25:37	38	0	1	0
      660	2023-09-01 07:25:44	38	0	1	0
     1083	2023-09-01 07:41:19	38	0	1	0
     2671	2023-09-01 07:46:50	38	0	1	0
      511	2023-09-01 08:18:49	38	0	25	0
