      129	2023-07-31 07:20:36	39	0	1	0
      129	2023-07-31 07:20:39	39	0	1	0
      377	2023-07-31 07:25:42	39	0	1	0
       43	2023-07-31 07:26:17	39	0	1	0
     2425	2023-07-31 07:30:32	39	0	1	0
       80	2023-07-31 07:32:06	39	0	1	0
      124	2023-07-31 07:33:30	39	0	1	0
      649	2023-07-31 07:44:28	39	0	1	0
      649	2023-07-31 07:44:30	39	0	1	0
      251	2023-07-31 07:47:32	39	0	1	0
       96	2023-07-31 07:47:38	39	0	1	0
       96	2023-07-31 07:47:41	39	0	1	0
     2248	2023-07-31 07:48:20	39	0	1	0
      750	2023-07-31 07:50:59	39	0	1	0
       31	2023-07-31 07:53:22	39	0	1	0
      652	2023-07-31 07:53:45	39	0	1	0
      123	2023-07-31 07:53:49	39	0	1	0
       23	2023-07-31 07:55:23	39	0	1	0
      525	2023-07-31 07:55:44	39	0	1	0
      281	2023-07-31 07:57:31	39	0	1	0
       86	2023-07-31 08:11:38	39	0	1	0
      525	2023-07-31 12:00:06	39	1	1	0
     1893	2023-07-31 12:00:54	39	1	1	0
      377	2023-07-31 12:01:07	39	1	1	0
      525	2023-07-31 12:01:53	39	0	1	0
      129	2023-07-31 12:02:12	39	1	1	0
     2248	2023-07-31 12:02:56	39	1	1	0
       23	2023-07-31 12:03:04	39	1	1	0
     1893	2023-07-31 12:04:07	39	0	1	0
      377	2023-07-31 12:04:12	39	0	1	0
       23	2023-07-31 12:06:31	39	0	1	0
       96	2023-07-31 12:07:14	39	1	1	0
       96	2023-07-31 12:07:16	39	1	1	0
       96	2023-07-31 12:08:08	39	0	1	0
       96	2023-07-31 12:08:11	39	0	1	0
      129	2023-07-31 12:09:01	39	0	1	0
      251	2023-07-31 12:11:26	39	1	1	0
       80	2023-07-31 12:11:29	39	1	1	0
      124	2023-07-31 12:13:35	39	1	1	0
     2248	2023-07-31 12:13:59	39	0	1	0
       31	2023-07-31 12:15:28	39	1	1	0
       31	2023-07-31 12:15:33	39	4	1	0
      123	2023-07-31 12:16:37	39	1	1	0
      124	2023-07-31 12:17:39	39	0	1	0
      652	2023-07-31 12:20:29	39	1	1	0
      652	2023-07-31 12:20:44	39	1	1	0
      750	2023-07-31 12:20:50	39	1	1	0
       43	2023-07-31 12:21:00	39	1	1	0
       43	2023-07-31 12:21:54	39	0	1	0
      750	2023-07-31 12:22:15	39	0	1	0
     2425	2023-07-31 12:22:53	39	1	1	0
      649	2023-07-31 12:24:04	39	1	1	0
      281	2023-07-31 12:31:19	39	1	1	0
      649	2023-07-31 12:31:51	39	0	1	0
     2425	2023-07-31 12:32:05	39	0	1	0
      281	2023-07-31 12:32:26	39	0	1	0
       80	2023-07-31 12:32:40	39	0	1	0
      251	2023-07-31 12:32:50	39	0	1	0
      123	2023-07-31 12:35:39	39	0	1	0
      652	2023-07-31 12:48:08	39	0	1	0
      652	2023-07-31 17:00:04	39	0	1	0
      652	2023-07-31 17:00:10	39	1	1	0
      652	2023-07-31 17:00:14	39	1	1	0
     2425	2023-07-31 17:00:18	39	1	1	0
      525	2023-07-31 17:00:20	39	1	1	0
      750	2023-07-31 17:00:28	39	1	1	0
      377	2023-07-31 17:00:33	39	1	1	0
      251	2023-07-31 17:01:23	39	1	1	0
     2248	2023-07-31 17:01:37	39	1	1	0
     2248	2023-07-31 17:01:41	39	1	1	0
       43	2023-07-31 17:01:50	39	1	1	0
      124	2023-07-31 17:02:05	39	1	1	0
      123	2023-07-31 17:03:33	39	1	1	0
      129	2023-07-31 17:03:38	39	1	1	0
       23	2023-07-31 17:03:44	39	1	1	0
     1893	2023-07-31 17:03:51	39	1	1	0
      129	2023-07-31 17:04:22	39	1	1	0
      281	2023-07-31 17:05:19	39	1	1	0
       80	2023-07-31 17:05:38	39	1	1	0
      649	2023-07-31 17:06:20	39	1	1	0
       31	2023-07-31 17:06:39	39	1	1	0
       96	2023-07-31 17:08:29	39	1	1	0
       96	2023-07-31 17:08:31	39	1	1	0
       86	2023-07-31 17:08:47	39	1	1	0
       80	2023-08-01 07:16:11	39	0	1	0
      377	2023-08-01 07:22:48	39	0	1	0
     2425	2023-08-01 07:37:13	39	0	1	0
      129	2023-08-01 07:41:14	39	0	1	0
      750	2023-08-01 07:47:39	39	0	1	0
      525	2023-08-01 07:49:52	39	0	1	0
      251	2023-08-01 07:51:16	39	0	1	0
       31	2023-08-01 07:52:02	39	0	1	0
      124	2023-08-01 07:52:08	39	0	1	0
      123	2023-08-01 07:52:15	39	0	1	0
     2248	2023-08-01 07:52:29	39	0	1	0
       43	2023-08-01 07:52:33	39	0	1	0
     2248	2023-08-01 07:52:57	39	0	1	0
       86	2023-08-01 07:53:16	39	0	1	0
       96	2023-08-01 07:54:45	39	0	1	0
       96	2023-08-01 07:54:48	39	0	1	0
      652	2023-08-01 07:55:01	39	0	1	0
      652	2023-08-01 07:55:12	39	0	1	0
       23	2023-08-01 07:55:26	39	0	1	0
      649	2023-08-01 08:01:58	39	0	1	0
      649	2023-08-01 08:02:01	39	0	1	0
     1893	2023-08-01 08:07:15	39	0	1	0
      281	2023-08-01 08:46:28	39	0	1	0
     1893	2023-08-01 12:01:48	39	1	1	0
       86	2023-08-01 12:03:13	39	1	1	0
      525	2023-08-01 12:03:46	39	0	1	0
       86	2023-08-01 12:04:12	39	0	1	0
      525	2023-08-01 12:04:16	39	0	1	0
      251	2023-08-01 12:06:06	39	1	1	0
       80	2023-08-01 12:06:13	39	1	1	0
     1893	2023-08-01 12:06:27	39	0	1	0
      649	2023-08-01 12:07:23	39	1	1	0
     2425	2023-08-01 12:07:35	39	1	1	0
       80	2023-08-01 12:07:55	39	0	1	0
       31	2023-08-01 12:08:07	39	1	1	0
       31	2023-08-01 12:08:13	39	4	1	0
       23	2023-08-01 12:08:24	39	1	1	0
      649	2023-08-01 12:08:36	39	0	1	0
       23	2023-08-01 12:09:06	39	0	1	0
      124	2023-08-01 12:10:18	39	1	1	0
       96	2023-08-01 12:11:43	39	1	1	0
       96	2023-08-01 12:11:45	39	1	1	0
     2425	2023-08-01 12:15:11	39	0	1	0
      281	2023-08-01 12:16:06	39	1	1	0
      124	2023-08-01 12:16:51	39	0	1	0
     2248	2023-08-01 12:19:49	39	1	1	0
      281	2023-08-01 12:20:54	39	0	1	0
      281	2023-08-01 12:21:33	39	0	1	0
      251	2023-08-01 12:30:33	39	0	1	0
      652	2023-08-01 12:32:19	39	1	1	0
     2248	2023-08-01 12:35:37	39	0	1	0
       43	2023-08-01 12:36:04	39	1	1	0
       43	2023-08-01 12:36:30	39	0	1	0
       96	2023-08-01 12:44:21	39	0	1	0
       96	2023-08-01 12:44:23	39	0	1	0
      652	2023-08-01 12:54:57	39	0	1	0
      652	2023-08-01 17:00:03	39	1	1	0
      652	2023-08-01 17:00:07	39	1	1	0
      129	2023-08-01 17:00:13	39	1	1	0
      251	2023-08-01 17:00:17	39	1	1	0
     2248	2023-08-01 17:00:33	39	1	1	0
     2425	2023-08-01 17:00:39	39	1	1	0
      377	2023-08-01 17:00:41	39	1	1	0
      525	2023-08-01 17:00:45	39	1	1	0
      525	2023-08-01 17:00:48	39	1	1	0
       43	2023-08-01 17:00:57	39	1	1	0
      750	2023-08-01 17:01:01	39	1	1	0
       80	2023-08-01 17:01:06	39	1	1	0
       23	2023-08-01 17:01:42	39	1	1	0
      123	2023-08-01 17:01:57	39	1	1	0
       80	2023-08-01 17:02:04	39	1	1	0
      124	2023-08-01 17:02:11	39	1	1	0
      281	2023-08-01 17:02:34	39	1	1	0
       96	2023-08-01 17:02:40	39	1	1	0
       96	2023-08-01 17:02:42	39	1	1	0
       86	2023-08-01 17:04:08	39	0	1	0
     1893	2023-08-01 17:06:03	39	1	1	0
       31	2023-08-01 17:07:19	39	1	1	0
       96	2023-08-01 17:13:32	39	1	1	0
       96	2023-08-01 17:13:34	39	1	1	0
      377	2023-08-02 07:26:37	39	0	1	0
      750	2023-08-02 07:42:16	39	0	1	0
      750	2023-08-02 07:42:27	39	0	1	0
       96	2023-08-02 07:43:04	39	0	1	0
       96	2023-08-02 07:43:06	39	0	1	0
     2248	2023-08-02 07:43:39	39	0	1	0
     2248	2023-08-02 07:43:44	39	0	1	0
      129	2023-08-02 07:44:37	39	0	1	0
      129	2023-08-02 07:44:39	39	0	1	0
      123	2023-08-02 07:45:19	39	0	1	0
       86	2023-08-02 07:45:47	39	0	1	0
     2425	2023-08-02 07:49:17	39	0	1	0
      251	2023-08-02 07:50:49	39	0	1	0
      652	2023-08-02 07:52:32	39	0	1	0
      652	2023-08-02 07:52:40	39	0	1	0
       23	2023-08-02 07:53:24	39	0	1	0
       31	2023-08-02 07:53:31	39	0	1	0
     2425	2023-08-02 07:53:35	39	0	1	0
      525	2023-08-02 07:56:16	39	0	1	0
      649	2023-08-02 07:57:18	39	0	1	0
      649	2023-08-02 07:57:21	39	0	1	0
      124	2023-08-02 07:58:52	39	0	1	0
     1893	2023-08-02 08:12:10	39	0	1	0
       43	2023-08-02 08:17:48	39	0	1	0
      281	2023-08-02 08:22:43	39	0	1	0
      652	2023-08-02 12:00:06	39	1	1	0
      652	2023-08-02 12:00:10	39	1	1	0
      281	2023-08-02 12:00:14	39	1	1	0
      251	2023-08-02 12:01:39	39	1	1	0
       23	2023-08-02 12:01:45	39	1	1	0
     2425	2023-08-02 12:02:41	39	1	1	0
      652	2023-08-02 12:03:17	39	0	1	0
       23	2023-08-02 12:04:19	39	0	1	0
       86	2023-08-02 12:04:41	39	1	1	0
      649	2023-08-02 12:04:47	39	1	1	0
     1893	2023-08-02 12:05:43	39	1	1	0
       86	2023-08-02 12:06:15	39	0	1	0
       31	2023-08-02 12:06:30	39	1	1	0
      649	2023-08-02 12:08:07	39	0	1	0
     2425	2023-08-02 12:08:17	39	0	1	0
     2425	2023-08-02 12:08:25	39	0	1	0
      281	2023-08-02 12:08:28	39	0	1	0
       31	2023-08-02 12:08:53	39	0	1	0
     1893	2023-08-02 12:09:01	39	0	1	0
      124	2023-08-02 12:11:08	39	1	1	0
      750	2023-08-02 12:11:21	39	1	1	0
     2248	2023-08-02 12:13:02	39	1	1	0
      124	2023-08-02 12:14:06	39	0	1	0
     2248	2023-08-02 12:19:08	39	0	1	0
       43	2023-08-02 12:33:24	39	1	1	0
      251	2023-08-02 12:33:42	39	0	1	0
       43	2023-08-02 12:42:21	39	0	1	0
      525	2023-08-02 12:54:10	39	1	1	0
      525	2023-08-02 12:55:03	39	0	1	0
      129	2023-08-02 17:00:20	39	1	1	0
      652	2023-08-02 17:00:23	39	1	1	0
      652	2023-08-02 17:00:26	39	1	1	0
      525	2023-08-02 17:00:28	39	1	1	0
      251	2023-08-02 17:01:06	39	1	1	0
      377	2023-08-02 17:01:10	39	1	1	0
     2425	2023-08-02 17:01:25	39	1	1	0
      123	2023-08-02 17:01:35	39	1	1	0
      123	2023-08-02 17:01:37	39	1	1	0
     1893	2023-08-02 17:01:49	39	1	1	0
       43	2023-08-02 17:01:55	39	1	1	0
      124	2023-08-02 17:02:09	39	1	1	0
      281	2023-08-02 17:02:27	39	1	1	0
       23	2023-08-02 17:03:32	39	1	1	0
       86	2023-08-02 17:04:04	39	0	1	0
       86	2023-08-02 17:04:13	39	1	1	0
      649	2023-08-02 17:04:20	39	1	1	0
     2248	2023-08-02 17:04:28	39	1	1	0
     2248	2023-08-02 17:04:33	39	1	1	0
       96	2023-08-02 17:04:36	39	1	1	0
       96	2023-08-02 17:04:39	39	1	1	0
       31	2023-08-02 17:07:58	39	1	1	0
      129	2023-08-03 07:24:00	39	0	1	0
      129	2023-08-03 07:24:03	39	0	1	0
      377	2023-08-03 07:29:38	39	0	1	0
       80	2023-08-03 07:35:09	39	0	1	0
      750	2023-08-03 07:38:56	39	0	1	0
       86	2023-08-03 07:41:45	39	0	1	0
     2248	2023-08-03 07:48:25	39	0	1	0
     2248	2023-08-03 07:48:29	39	0	1	0
      525	2023-08-03 07:49:11	39	0	1	0
       31	2023-08-03 07:51:57	39	0	1	0
       31	2023-08-03 07:52:03	39	0	1	0
       96	2023-08-03 07:52:09	39	0	1	0
       96	2023-08-03 07:52:12	39	0	1	0
     2425	2023-08-03 07:56:45	39	0	1	0
      652	2023-08-03 07:57:38	39	0	1	0
      652	2023-08-03 07:57:41	39	0	1	0
      123	2023-08-03 07:58:55	39	0	1	0
      649	2023-08-03 07:59:02	39	0	1	0
      649	2023-08-03 07:59:04	39	0	1	0
     1893	2023-08-03 08:08:12	39	0	1	0
      124	2023-08-03 08:08:17	39	0	1	0
      281	2023-08-03 09:00:32	39	0	1	0
      377	2023-08-03 12:01:10	39	1	1	0
       86	2023-08-03 12:03:05	39	1	1	0
      750	2023-08-03 12:03:47	39	1	1	0
      377	2023-08-03 12:04:22	39	0	1	0
      652	2023-08-03 12:06:00	39	1	1	0
      124	2023-08-03 12:06:42	39	1	1	0
       86	2023-08-03 12:07:38	39	0	1	0
      281	2023-08-03 12:08:57	39	1	1	0
     2425	2023-08-03 12:09:21	39	1	1	0
      129	2023-08-03 12:10:09	39	1	1	0
      123	2023-08-03 12:10:23	39	1	1	0
      123	2023-08-03 12:10:25	39	1	1	0
     2248	2023-08-03 12:10:43	39	1	1	0
      750	2023-08-03 12:11:17	39	0	1	0
      525	2023-08-03 12:11:24	39	1	1	0
     2248	2023-08-03 12:12:49	39	0	1	0
      652	2023-08-03 12:16:45	39	0	1	0
      124	2023-08-03 12:17:14	39	0	1	0
      649	2023-08-03 12:19:35	39	1	1	0
       80	2023-08-03 12:19:38	39	1	1	0
     1893	2023-08-03 12:19:46	39	1	1	0
       80	2023-08-03 12:21:25	39	0	1	0
      649	2023-08-03 12:21:32	39	0	1	0
      649	2023-08-03 12:21:38	39	0	1	0
     2425	2023-08-03 12:22:00	39	1	1	0
      129	2023-08-03 12:23:47	39	0	1	0
      123	2023-08-03 12:24:10	39	0	1	0
     1893	2023-08-03 12:26:12	39	0	1	0
       96	2023-08-03 12:27:53	39	1	1	0
       96	2023-08-03 12:27:56	39	1	1	0
      281	2023-08-03 12:27:59	39	1	1	0
      281	2023-08-03 12:28:09	39	1	1	0
      251	2023-08-03 12:29:35	39	0	1	0
       96	2023-08-03 12:30:02	39	0	1	0
       96	2023-08-03 12:30:05	39	0	1	0
     2425	2023-08-03 12:30:44	39	0	1	0
      525	2023-08-03 17:00:03	39	1	1	0
      377	2023-08-03 17:00:08	39	0	1	0
      377	2023-08-03 17:00:15	39	1	1	0
      525	2023-08-03 17:00:17	39	1	1	0
      129	2023-08-03 17:00:22	39	1	1	0
      251	2023-08-03 17:00:26	39	1	1	0
      123	2023-08-03 17:00:32	39	1	1	0
       96	2023-08-03 17:00:39	39	1	1	0
       96	2023-08-03 17:00:41	39	1	1	0
      750	2023-08-03 17:00:44	39	1	1	0
      750	2023-08-03 17:00:47	39	1	1	0
     2425	2023-08-03 17:00:53	39	1	1	0
      129	2023-08-03 17:00:56	39	1	1	0
       80	2023-08-03 17:01:19	39	0	1	0
     2248	2023-08-03 17:01:26	39	1	1	0
     2248	2023-08-03 17:01:30	39	1	1	0
      124	2023-08-03 17:01:35	39	1	1	0
       86	2023-08-03 17:01:46	39	1	1	0
      281	2023-08-03 17:01:53	39	1	1	0
      649	2023-08-03 17:02:22	39	1	1	0
     1893	2023-08-03 17:02:30	39	1	1	0
      652	2023-08-03 17:03:18	39	1	1	0
      652	2023-08-03 17:03:22	39	1	1	0
      750	2023-08-04 06:48:30	39	0	1	0
      377	2023-08-04 07:33:22	39	0	1	0
       80	2023-08-04 07:35:50	39	0	1	0
       86	2023-08-04 07:44:08	39	0	1	0
       86	2023-08-04 07:44:26	39	0	1	0
       31	2023-08-04 07:50:41	39	0	1	0
     2248	2023-08-04 07:52:16	39	0	1	0
     2248	2023-08-04 07:52:19	39	0	1	0
       23	2023-08-04 07:54:34	39	0	1	0
      525	2023-08-04 07:55:08	39	0	1	0
       96	2023-08-04 07:56:19	39	0	1	0
       96	2023-08-04 07:56:21	39	0	1	0
      652	2023-08-04 07:58:10	39	0	1	0
      652	2023-08-04 07:58:14	39	0	1	0
     2425	2023-08-04 07:58:52	39	0	1	0
      281	2023-08-04 07:59:14	39	0	1	0
      124	2023-08-04 08:00:04	39	0	1	0
      124	2023-08-04 08:00:07	39	0	1	0
      649	2023-08-04 08:00:42	39	0	1	0
      649	2023-08-04 08:00:46	39	0	1	0
     1893	2023-08-04 08:10:53	39	0	1	0
      123	2023-08-04 08:11:52	39	0	1	0
      124	2023-08-04 12:03:05	39	1	1	0
       23	2023-08-04 12:03:34	39	1	1	0
      652	2023-08-04 12:06:13	39	1	1	0
       23	2023-08-04 12:06:33	39	0	1	0
      652	2023-08-04 12:11:04	39	0	1	0
       80	2023-08-04 12:13:28	39	1	1	0
      649	2023-08-04 12:13:54	39	1	1	0
      525	2023-08-04 12:14:07	39	1	1	0
       80	2023-08-04 12:15:12	39	0	1	0
      649	2023-08-04 12:15:18	39	0	1	0
     2248	2023-08-04 12:15:24	39	1	1	0
     1893	2023-08-04 12:15:30	39	1	1	0
      281	2023-08-04 12:18:30	39	1	1	0
     1893	2023-08-04 12:19:04	39	0	1	0
      124	2023-08-04 12:19:12	39	0	1	0
      281	2023-08-04 12:24:35	39	0	1	0
     2248	2023-08-04 12:27:06	39	0	1	0
       96	2023-08-04 12:29:05	39	1	1	0
       96	2023-08-04 12:29:07	39	1	1	0
       31	2023-08-04 12:36:25	39	1	1	0
       31	2023-08-04 12:39:46	39	0	1	0
     2425	2023-08-04 12:39:56	39	1	1	0
       96	2023-08-04 12:40:05	39	0	1	0
       96	2023-08-04 12:40:07	39	0	1	0
     2425	2023-08-04 12:45:06	39	0	1	0
     2248	2023-08-04 12:45:27	39	0	1	0
      750	2023-08-04 17:00:09	39	1	1	0
      377	2023-08-04 17:00:12	39	1	1	0
       80	2023-08-04 17:01:52	39	1	1	0
      652	2023-08-04 17:02:07	39	1	1	0
     2425	2023-08-04 17:02:12	39	1	1	0
      652	2023-08-04 17:02:15	39	1	1	0
     2425	2023-08-04 17:02:19	39	1	1	0
      123	2023-08-04 17:02:30	39	1	1	0
      124	2023-08-04 17:02:57	39	1	1	0
      649	2023-08-04 17:03:02	39	1	1	0
       23	2023-08-04 17:03:42	39	1	1	0
      649	2023-08-04 17:03:59	39	1	1	0
       86	2023-08-04 17:04:09	39	1	1	0
       31	2023-08-04 17:04:31	39	1	1	0
     2248	2023-08-04 20:10:46	39	1	1	0
     2248	2023-08-04 20:10:50	39	1	1	0
      281	2023-08-04 20:10:58	39	1	1	0
     1893	2023-08-04 20:11:05	39	1	1	0
       96	2023-08-04 20:11:11	39	1	1	0
       96	2023-08-04 20:11:13	39	1	1	0
      377	2023-08-07 07:17:12	39	0	1	0
      129	2023-08-07 07:28:03	39	0	1	0
      123	2023-08-07 07:31:02	39	0	1	0
      750	2023-08-07 07:39:23	39	0	1	0
       80	2023-08-07 07:42:55	39	0	1	0
       80	2023-08-07 07:43:54	39	0	1	0
      251	2023-08-07 07:45:55	39	0	1	0
     2248	2023-08-07 07:49:43	39	0	1	0
     2248	2023-08-07 07:49:47	39	0	1	0
       43	2023-08-07 07:50:24	39	0	1	0
       31	2023-08-07 07:51:43	39	0	1	0
       86	2023-08-07 07:52:07	39	0	1	0
     2425	2023-08-07 07:54:48	39	0	1	0
       23	2023-08-07 07:55:02	39	0	1	0
       96	2023-08-07 07:55:13	39	0	1	0
       96	2023-08-07 07:55:16	39	0	1	0
      652	2023-08-07 07:55:29	39	0	1	0
      652	2023-08-07 07:55:31	39	0	1	0
      649	2023-08-07 07:57:32	39	0	1	0
      649	2023-08-07 07:57:35	39	0	1	0
      124	2023-08-07 08:01:03	39	0	1	0
     1893	2023-08-07 08:17:07	39	0	1	0
      281	2023-08-07 08:50:52	39	0	1	0
      377	2023-08-07 12:01:14	39	1	1	0
      129	2023-08-07 12:01:24	39	1	1	0
      750	2023-08-07 12:01:43	39	1	1	0
       43	2023-08-07 12:02:55	39	1	1	0
      377	2023-08-07 12:04:16	39	0	1	0
      377	2023-08-07 12:04:31	39	0	1	0
      750	2023-08-07 12:04:50	39	0	1	0
      123	2023-08-07 12:05:59	39	1	1	0
       23	2023-08-07 12:07:11	39	1	1	0
       43	2023-08-07 12:08:42	39	0	1	0
      251	2023-08-07 12:09:19	39	1	1	0
       23	2023-08-07 12:09:30	39	0	1	0
      129	2023-08-07 12:14:59	39	0	1	0
      652	2023-08-07 12:16:35	39	1	1	0
       96	2023-08-07 12:17:50	39	1	1	0
       96	2023-08-07 12:17:53	39	1	1	0
      124	2023-08-07 12:19:10	39	1	1	0
      652	2023-08-07 12:19:29	39	0	1	0
       86	2023-08-07 12:20:01	39	1	1	0
       86	2023-08-07 12:21:11	39	0	1	0
      124	2023-08-07 12:21:26	39	0	1	0
       80	2023-08-07 12:22:08	39	1	1	0
      649	2023-08-07 12:22:15	39	1	1	0
     2425	2023-08-07 12:22:36	39	1	1	0
       80	2023-08-07 12:23:32	39	0	1	0
      649	2023-08-07 12:23:38	39	0	1	0
      649	2023-08-07 12:23:43	39	0	1	0
     2425	2023-08-07 12:24:23	39	0	1	0
      281	2023-08-07 12:27:15	39	1	1	0
      281	2023-08-07 12:28:04	39	0	1	0
       96	2023-08-07 12:32:10	39	0	1	0
       96	2023-08-07 12:32:13	39	0	1	0
      251	2023-08-07 12:32:27	39	0	1	0
      123	2023-08-07 12:35:52	39	0	1	0
       31	2023-08-07 12:44:35	39	1	1	0
       31	2023-08-07 12:44:51	39	4	1	0
     1893	2023-08-07 12:46:56	39	1	1	0
     1893	2023-08-07 12:49:43	39	0	1	0
      123	2023-08-07 12:50:35	39	0	1	0
      652	2023-08-07 17:00:04	39	1	1	0
      652	2023-08-07 17:00:08	39	1	1	0
      750	2023-08-07 17:00:23	39	1	1	0
      129	2023-08-07 17:01:03	39	1	1	0
      377	2023-08-07 17:01:06	39	1	1	0
      251	2023-08-07 17:01:10	39	1	1	0
      251	2023-08-07 17:01:14	39	1	1	0
      123	2023-08-07 17:01:21	39	1	1	0
      649	2023-08-07 17:01:29	39	1	1	0
      649	2023-08-07 17:01:34	39	1	1	0
      124	2023-08-07 17:01:40	39	1	1	0
       80	2023-08-07 17:01:48	39	1	1	0
       96	2023-08-07 17:01:53	39	1	1	0
       96	2023-08-07 17:01:56	39	1	1	0
     2425	2023-08-07 17:02:03	39	1	1	0
     2248	2023-08-07 17:02:08	39	1	1	0
     2248	2023-08-07 17:02:12	39	1	1	0
       23	2023-08-07 17:02:18	39	1	1	0
     1893	2023-08-07 17:02:24	39	1	1	0
       43	2023-08-07 17:02:35	39	1	1	0
       86	2023-08-07 17:03:19	39	1	1	0
      281	2023-08-07 17:03:26	39	1	1	0
       31	2023-08-07 17:10:46	39	1	1	0
      377	2023-08-08 07:30:04	39	0	1	0
      123	2023-08-08 07:30:54	39	0	1	0
       80	2023-08-08 07:32:31	39	0	1	0
       80	2023-08-08 07:33:47	39	0	1	0
     2425	2023-08-08 07:41:57	39	0	1	0
      129	2023-08-08 07:43:15	39	0	1	0
       86	2023-08-08 07:45:07	39	0	1	0
      129	2023-08-08 07:45:11	39	0	1	0
      750	2023-08-08 07:46:41	39	0	1	0
     2248	2023-08-08 07:47:02	39	0	1	0
     2248	2023-08-08 07:47:05	39	0	1	0
      525	2023-08-08 07:47:09	39	0	1	0
      251	2023-08-08 07:51:38	39	0	1	0
      652	2023-08-08 07:54:20	39	0	1	0
      652	2023-08-08 07:54:25	39	0	1	0
       31	2023-08-08 07:55:10	39	0	1	0
       23	2023-08-08 07:55:46	39	0	1	0
      649	2023-08-08 07:57:29	39	0	1	0
      649	2023-08-08 07:57:31	39	0	1	0
      124	2023-08-08 07:58:23	39	0	1	0
       96	2023-08-08 07:59:47	39	0	1	0
       96	2023-08-08 07:59:49	39	0	1	0
       96	2023-08-08 07:59:53	39	0	1	0
       43	2023-08-08 08:00:46	39	0	1	0
       96	2023-08-08 12:00:05	39	1	1	0
       96	2023-08-08 12:00:08	39	1	1	0
      652	2023-08-08 12:00:20	39	1	1	0
      129	2023-08-08 12:00:22	39	1	1	0
      123	2023-08-08 12:00:30	39	1	1	0
      750	2023-08-08 12:00:39	39	1	1	0
       80	2023-08-08 12:01:24	39	1	1	0
      251	2023-08-08 12:01:33	39	1	1	0
       23	2023-08-08 12:01:47	39	1	1	0
       31	2023-08-08 12:02:13	39	1	1	0
      750	2023-08-08 12:02:44	39	0	1	0
      652	2023-08-08 12:03:03	39	0	1	0
      525	2023-08-08 12:03:34	39	1	1	0
       23	2023-08-08 12:03:53	39	0	1	0
       31	2023-08-08 12:04:01	39	0	1	0
     2425	2023-08-08 12:04:42	39	1	1	0
      124	2023-08-08 12:04:56	39	1	1	0
      525	2023-08-08 12:05:23	39	0	1	0
     2425	2023-08-08 12:06:03	39	0	1	0
     2248	2023-08-08 12:07:37	39	1	1	0
       43	2023-08-08 12:07:51	39	1	1	0
     2248	2023-08-08 12:08:07	39	1	1	0
      124	2023-08-08 12:08:24	39	0	1	0
      129	2023-08-08 12:09:16	39	0	1	0
      123	2023-08-08 12:10:14	39	0	1	0
       86	2023-08-08 12:11:04	39	1	1	0
       86	2023-08-08 12:12:33	39	0	1	0
      377	2023-08-08 12:13:09	39	1	1	0
       43	2023-08-08 12:13:34	39	0	1	0
      377	2023-08-08 12:17:02	39	0	1	0
     2248	2023-08-08 12:18:30	39	0	1	0
       96	2023-08-08 12:18:39	39	0	1	0
       96	2023-08-08 12:18:42	39	0	1	0
      251	2023-08-08 12:32:20	39	0	1	0
       80	2023-08-08 12:32:36	39	0	1	0
      649	2023-08-08 12:48:27	39	1	1	0
      649	2023-08-08 12:49:03	39	0	1	0
      525	2023-08-08 17:00:02	39	1	1	0
      377	2023-08-08 17:00:07	39	1	1	0
     2425	2023-08-08 17:00:13	39	1	1	0
      750	2023-08-08 17:00:18	39	1	1	0
      251	2023-08-08 17:00:23	39	1	1	0
       43	2023-08-08 17:00:28	39	1	1	0
       80	2023-08-08 17:00:57	39	1	1	0
      124	2023-08-08 17:01:03	39	1	1	0
      649	2023-08-08 17:01:08	39	1	1	0
      649	2023-08-08 17:01:15	39	1	1	0
      123	2023-08-08 17:01:19	39	1	1	0
      129	2023-08-08 17:01:27	39	1	1	0
       86	2023-08-08 17:01:34	39	1	1	0
       23	2023-08-08 17:01:45	39	1	1	0
     2248	2023-08-08 17:02:33	39	1	1	0
     2248	2023-08-08 17:02:37	39	1	1	0
      652	2023-08-08 17:02:39	39	1	1	0
      652	2023-08-08 17:02:45	39	1	1	0
      652	2023-08-08 17:02:52	39	1	1	0
       96	2023-08-08 17:03:54	39	1	1	0
       96	2023-08-08 17:03:56	39	1	1	0
       31	2023-08-08 17:06:18	39	1	1	0
      750	2023-08-09 07:14:51	39	0	1	0
       96	2023-08-09 07:18:59	39	0	1	0
       96	2023-08-09 07:19:02	39	0	1	0
      129	2023-08-09 07:27:25	39	0	1	0
      129	2023-08-09 07:27:27	39	0	1	0
      123	2023-08-09 07:27:53	39	0	1	0
      377	2023-08-09 07:32:47	39	0	1	0
       43	2023-08-09 07:37:59	39	0	1	0
       80	2023-08-09 07:46:58	39	0	1	0
      251	2023-08-09 07:47:04	39	0	1	0
     2248	2023-08-09 07:50:31	39	0	1	0
     2248	2023-08-09 07:50:43	39	0	1	0
      525	2023-08-09 07:51:16	39	0	1	0
       31	2023-08-09 07:52:11	39	0	1	0
      124	2023-08-09 07:52:18	39	0	1	0
       86	2023-08-09 07:53:07	39	0	1	0
      652	2023-08-09 07:54:00	39	0	1	0
      652	2023-08-09 07:54:05	39	0	1	0
       23	2023-08-09 07:55:02	39	0	1	0
     2425	2023-08-09 07:56:45	39	0	1	0
      649	2023-08-09 07:59:35	39	0	1	0
      649	2023-08-09 07:59:37	39	0	1	0
     1893	2023-08-09 08:01:39	39	0	1	0
      251	2023-08-09 12:01:02	39	1	1	0
     2248	2023-08-09 12:01:55	39	1	1	0
      652	2023-08-09 12:04:27	39	1	1	0
       23	2023-08-09 12:05:21	39	1	1	0
       86	2023-08-09 12:06:40	39	1	1	0
       23	2023-08-09 12:06:52	39	0	1	0
       86	2023-08-09 12:07:11	39	0	1	0
      649	2023-08-09 12:08:08	39	1	1	0
       80	2023-08-09 12:08:14	39	1	1	0
     2425	2023-08-09 12:08:32	39	1	1	0
       31	2023-08-09 12:09:11	39	1	1	0
     1893	2023-08-09 12:09:47	39	1	1	0
      649	2023-08-09 12:10:13	39	0	1	0
       80	2023-08-09 12:10:23	39	0	1	0
     2425	2023-08-09 12:11:13	39	0	1	0
      124	2023-08-09 12:11:25	39	1	1	0
       31	2023-08-09 12:12:41	39	0	1	0
      124	2023-08-09 12:15:39	39	0	1	0
     1893	2023-08-09 12:17:23	39	0	1	0
      750	2023-08-09 12:20:33	39	1	1	0
       43	2023-08-09 12:20:40	39	1	1	0
      251	2023-08-09 12:22:21	39	0	1	0
       43	2023-08-09 12:27:44	39	0	1	0
      750	2023-08-09 12:31:20	39	0	1	0
      525	2023-08-09 12:40:34	39	1	1	0
     2248	2023-08-09 12:48:13	39	0	1	0
      525	2023-08-09 12:48:16	39	0	1	0
       96	2023-08-09 12:57:30	39	1	1	0
       96	2023-08-09 12:57:33	39	1	1	0
       96	2023-08-09 12:59:14	39	0	1	0
       96	2023-08-09 12:59:17	39	0	1	0
      652	2023-08-09 17:00:08	39	1	1	0
      652	2023-08-09 17:00:14	39	1	1	0
      750	2023-08-09 17:00:40	39	1	1	0
      525	2023-08-09 17:00:42	39	1	1	0
      129	2023-08-09 17:01:11	39	1	1	0
      377	2023-08-09 17:01:15	39	1	1	0
      251	2023-08-09 17:01:19	39	1	1	0
       43	2023-08-09 17:01:22	39	1	1	0
      124	2023-08-09 17:02:11	39	1	1	0
     2425	2023-08-09 17:02:19	39	1	1	0
       80	2023-08-09 17:02:23	39	1	1	0
      649	2023-08-09 17:03:32	39	1	1	0
      649	2023-08-09 17:03:35	39	1	1	0
      123	2023-08-09 17:03:40	39	1	1	0
       23	2023-08-09 17:06:16	39	1	1	0
       86	2023-08-09 17:06:39	39	1	1	0
     1893	2023-08-09 17:06:49	39	1	1	0
       96	2023-08-09 17:07:07	39	1	1	0
       96	2023-08-09 17:07:10	39	1	1	0
     2248	2023-08-09 17:08:27	39	1	1	0
     2248	2023-08-09 17:08:31	39	1	1	0
       31	2023-08-09 17:09:03	39	0	1	0
       31	2023-08-09 17:09:10	39	1	1	0
     2248	2023-08-09 17:15:48	39	1	1	0
     2248	2023-08-09 17:15:53	39	1	1	0
      123	2023-08-10 07:10:01	39	0	1	0
      129	2023-08-10 07:45:06	39	0	1	0
      129	2023-08-10 07:45:08	39	0	1	0
      377	2023-08-10 07:45:52	39	0	1	0
       96	2023-08-10 07:51:13	39	0	1	0
       96	2023-08-10 07:51:16	39	0	1	0
       23	2023-08-10 07:51:49	39	0	1	0
       43	2023-08-10 07:53:32	39	0	1	0
     2425	2023-08-10 07:54:32	39	0	1	0
      750	2023-08-10 07:54:37	39	0	1	0
      652	2023-08-10 07:54:48	39	0	1	0
     2248	2023-08-10 07:54:51	39	0	1	0
     2248	2023-08-10 07:54:53	39	0	1	0
      251	2023-08-10 07:54:58	39	0	1	0
      649	2023-08-10 07:55:38	39	0	1	0
      649	2023-08-10 07:55:41	39	0	1	0
       86	2023-08-10 07:55:56	39	0	1	0
       31	2023-08-10 07:57:14	39	0	1	0
     1893	2023-08-10 08:00:51	39	0	1	0
      124	2023-08-10 08:03:48	39	0	1	0
       80	2023-08-10 08:09:42	39	0	1	0
      750	2023-08-10 12:00:30	39	1	1	0
      377	2023-08-10 12:01:04	39	1	1	0
      123	2023-08-10 12:02:36	39	1	1	0
      251	2023-08-10 12:02:44	39	1	1	0
      750	2023-08-10 12:04:43	39	0	1	0
      377	2023-08-10 12:05:15	39	0	1	0
       86	2023-08-10 12:06:11	39	1	1	0
       23	2023-08-10 12:06:59	39	1	1	0
       86	2023-08-10 12:07:19	39	0	1	0
       23	2023-08-10 12:08:23	39	0	1	0
       43	2023-08-10 12:12:29	39	1	1	0
      124	2023-08-10 12:16:11	39	1	1	0
     1893	2023-08-10 12:17:10	39	1	1	0
       80	2023-08-10 12:17:41	39	1	1	0
     2425	2023-08-10 12:17:47	39	1	1	0
      649	2023-08-10 12:18:53	39	1	1	0
      129	2023-08-10 12:20:15	39	1	1	0
     1893	2023-08-10 12:21:01	39	0	1	0
       80	2023-08-10 12:21:09	39	0	1	0
     2425	2023-08-10 12:21:12	39	0	1	0
      124	2023-08-10 12:21:17	39	0	1	0
      649	2023-08-10 12:21:24	39	0	1	0
     2248	2023-08-10 12:21:55	39	1	1	0
      129	2023-08-10 12:23:42	39	0	1	0
       43	2023-08-10 12:25:03	39	0	1	0
      123	2023-08-10 12:25:13	39	0	1	0
      123	2023-08-10 12:25:15	39	0	1	0
       96	2023-08-10 12:30:15	39	0	1	0
       96	2023-08-10 12:30:17	39	0	1	0
       96	2023-08-10 12:30:54	39	1	1	0
       96	2023-08-10 12:30:56	39	1	1	0
       96	2023-08-10 12:31:07	39	0	1	0
       96	2023-08-10 12:31:10	39	0	1	0
     2248	2023-08-10 12:37:39	39	0	1	0
      251	2023-08-10 12:56:22	39	0	1	0
       80	2023-08-10 15:13:20	39	1	1	0
      652	2023-08-10 17:00:10	39	1	1	0
      652	2023-08-10 17:00:15	39	1	1	0
      652	2023-08-10 17:00:20	39	1	1	0
       96	2023-08-10 17:00:24	39	1	1	0
       96	2023-08-10 17:00:26	39	1	1	0
      750	2023-08-10 17:00:28	39	1	1	0
      129	2023-08-10 17:00:36	39	1	1	0
      377	2023-08-10 17:00:41	39	1	1	0
      251	2023-08-10 17:01:05	39	1	1	0
       43	2023-08-10 17:01:13	39	1	1	0
      123	2023-08-10 17:01:18	39	1	1	0
      124	2023-08-10 17:01:32	39	1	1	0
       23	2023-08-10 17:01:41	39	1	1	0
     1893	2023-08-10 17:02:25	39	1	1	0
     2425	2023-08-10 17:02:29	39	1	1	0
       86	2023-08-10 17:02:39	39	1	1	0
      649	2023-08-10 17:02:45	39	1	1	0
      649	2023-08-10 17:02:48	39	1	1	0
     2248	2023-08-10 17:03:00	39	1	1	0
     2248	2023-08-10 17:03:04	39	1	1	0
     2248	2023-08-10 17:04:30	39	1	1	0
     2248	2023-08-10 17:04:33	39	1	1	0
       31	2023-08-10 17:04:39	39	1	1	0
      750	2023-08-11 07:12:50	39	0	1	0
      123	2023-08-11 07:20:42	39	0	1	0
      377	2023-08-11 07:26:14	39	0	1	0
       80	2023-08-11 07:29:37	39	0	1	0
      129	2023-08-11 07:42:30	39	0	1	0
      129	2023-08-11 07:42:32	39	0	1	0
      652	2023-08-11 07:52:28	39	0	1	0
      652	2023-08-11 07:52:32	39	0	1	0
       96	2023-08-11 07:52:51	39	0	1	0
       96	2023-08-11 07:52:54	39	0	1	0
       31	2023-08-11 07:54:35	39	0	1	0
       23	2023-08-11 07:56:22	39	0	1	0
      649	2023-08-11 07:57:23	39	0	1	0
      649	2023-08-11 07:57:27	39	0	1	0
       86	2023-08-11 07:57:33	39	0	1	0
      251	2023-08-11 07:57:41	39	0	1	0
     2248	2023-08-11 07:58:04	39	0	1	0
     2248	2023-08-11 07:58:08	39	0	1	0
      281	2023-08-11 07:58:43	39	0	1	0
      124	2023-08-11 08:01:49	39	0	1	0
     2425	2023-08-11 08:05:01	39	0	1	0
       43	2023-08-11 08:14:29	39	0	1	0
       86	2023-08-11 12:00:16	39	1	1	0
      750	2023-08-11 12:00:22	39	1	1	0
      377	2023-08-11 12:00:25	39	1	1	0
       23	2023-08-11 12:00:32	39	1	1	0
      251	2023-08-11 12:01:28	39	1	1	0
       86	2023-08-11 12:02:24	39	0	1	0
      750	2023-08-11 12:02:31	39	0	1	0
       23	2023-08-11 12:02:36	39	0	1	0
       31	2023-08-11 12:04:26	39	1	1	0
      129	2023-08-11 12:05:55	39	1	1	0
      124	2023-08-11 12:06:04	39	1	1	0
      377	2023-08-11 12:06:13	39	0	1	0
      123	2023-08-11 12:06:21	39	1	1	0
       80	2023-08-11 12:06:57	39	1	1	0
      649	2023-08-11 12:07:04	39	1	1	0
       80	2023-08-11 12:08:07	39	0	1	0
      649	2023-08-11 12:08:13	39	0	1	0
     2248	2023-08-11 12:13:01	39	1	1	0
       31	2023-08-11 12:13:43	39	0	1	0
     1893	2023-08-11 12:15:45	39	1	1	0
     2425	2023-08-11 12:15:53	39	1	1	0
      652	2023-08-11 12:16:03	39	1	1	0
     2425	2023-08-11 12:17:07	39	1	1	0
      129	2023-08-11 12:17:51	39	0	1	0
     1893	2023-08-11 12:19:02	39	0	1	0
       96	2023-08-11 12:19:18	39	1	1	0
       96	2023-08-11 12:19:21	39	1	1	0
     2425	2023-08-11 12:20:44	39	0	1	0
      652	2023-08-11 12:20:57	39	0	1	0
     2425	2023-08-11 12:21:06	39	0	1	0
      123	2023-08-11 12:28:30	39	0	1	0
      251	2023-08-11 12:33:34	39	0	1	0
     2248	2023-08-11 12:38:29	39	0	1	0
       96	2023-08-11 12:42:11	39	0	1	0
       96	2023-08-11 12:42:14	39	0	1	0
      652	2023-08-11 17:00:05	39	1	1	0
      652	2023-08-11 17:00:08	39	1	1	0
      652	2023-08-11 17:00:12	39	1	1	0
       43	2023-08-11 17:00:51	39	0	1	0
       96	2023-08-11 17:01:01	39	1	1	0
       96	2023-08-11 17:01:04	39	1	1	0
      750	2023-08-11 17:01:07	39	1	1	0
      750	2023-08-11 17:01:12	39	1	1	0
      251	2023-08-11 17:01:16	39	1	1	0
      123	2023-08-11 17:01:21	39	1	1	0
      129	2023-08-11 17:01:29	39	1	1	0
       80	2023-08-11 17:01:35	39	1	1	0
      123	2023-08-11 17:01:42	39	1	1	0
      377	2023-08-11 17:01:47	39	1	1	0
      129	2023-08-11 17:01:55	39	1	1	0
      281	2023-08-11 17:02:06	39	1	1	0
     2425	2023-08-11 17:02:13	39	1	1	0
      649	2023-08-11 17:02:19	39	1	1	0
      649	2023-08-11 17:02:23	39	1	1	0
       86	2023-08-11 17:02:49	39	1	1	0
       23	2023-08-11 17:02:57	39	1	1	0
     2425	2023-08-11 17:07:19	39	1	1	0
      281	2023-08-11 17:07:22	39	1	1	0
       31	2023-08-11 17:07:39	39	1	1	0
     2248	2023-08-11 17:11:31	39	1	1	0
     2248	2023-08-11 17:11:35	39	1	1	0
     1893	2023-08-11 17:20:33	39	1	1	0
      750	2023-08-14 07:04:36	39	0	1	0
      123	2023-08-14 07:19:00	39	0	1	0
      377	2023-08-14 07:22:30	39	0	1	0
      525	2023-08-14 07:34:18	39	0	1	0
       43	2023-08-14 07:39:28	39	0	1	0
      129	2023-08-14 07:42:16	39	0	1	0
      129	2023-08-14 07:42:19	39	0	1	0
     2248	2023-08-14 07:43:23	39	0	1	0
     2248	2023-08-14 07:43:40	39	0	1	0
       80	2023-08-14 07:47:17	39	0	1	0
       23	2023-08-14 07:47:59	39	0	1	0
       31	2023-08-14 07:49:21	39	0	1	0
     2425	2023-08-14 07:54:13	39	0	1	0
     2425	2023-08-14 07:54:25	39	0	1	0
      649	2023-08-14 07:55:45	39	0	1	0
      649	2023-08-14 07:55:49	39	0	1	0
      251	2023-08-14 07:56:09	39	0	1	0
      652	2023-08-14 07:56:29	39	0	1	0
      652	2023-08-14 07:56:32	39	0	1	0
       96	2023-08-14 07:56:59	39	0	1	0
       96	2023-08-14 07:57:02	39	0	1	0
      124	2023-08-14 08:02:00	39	0	1	0
      281	2023-08-14 08:03:54	39	0	1	0
     1893	2023-08-14 08:06:33	39	0	1	0
       86	2023-08-14 08:10:32	39	0	1	0
      525	2023-08-14 12:02:04	39	1	1	0
      123	2023-08-14 12:03:13	39	1	1	0
      123	2023-08-14 12:03:16	39	1	1	0
      251	2023-08-14 12:03:20	39	1	1	0
      129	2023-08-14 12:03:59	39	1	1	0
      525	2023-08-14 12:04:11	39	0	1	0
      129	2023-08-14 12:04:18	39	1	1	0
       86	2023-08-14 12:04:22	39	1	1	0
       23	2023-08-14 12:04:32	39	1	1	0
      377	2023-08-14 12:04:38	39	1	1	0
       96	2023-08-14 12:04:46	39	1	1	0
       96	2023-08-14 12:04:48	39	1	1	0
       86	2023-08-14 12:06:25	39	0	1	0
       31	2023-08-14 12:06:53	39	1	1	0
      652	2023-08-14 12:07:09	39	1	1	0
      652	2023-08-14 12:07:17	39	1	1	0
      377	2023-08-14 12:08:36	39	0	1	0
       31	2023-08-14 12:11:09	39	0	1	0
      652	2023-08-14 12:12:11	39	0	1	0
      281	2023-08-14 12:12:22	39	1	1	0
     2425	2023-08-14 12:17:24	39	1	1	0
     2425	2023-08-14 12:18:14	39	1	1	0
     1893	2023-08-14 12:20:31	39	1	1	0
      129	2023-08-14 12:21:06	39	0	1	0
      129	2023-08-14 12:21:15	39	0	1	0
       23	2023-08-14 12:22:11	39	0	1	0
     1893	2023-08-14 12:23:06	39	0	1	0
       96	2023-08-14 12:23:28	39	1	1	0
       96	2023-08-14 12:23:31	39	1	1	0
     2425	2023-08-14 12:24:02	39	0	1	0
      124	2023-08-14 12:24:38	39	1	1	0
       96	2023-08-14 12:27:01	39	0	1	0
       96	2023-08-14 12:27:04	39	0	1	0
      124	2023-08-14 12:29:39	39	0	1	0
      251	2023-08-14 12:30:07	39	0	1	0
      281	2023-08-14 12:42:22	39	0	1	0
      123	2023-08-14 12:42:53	39	0	1	0
       80	2023-08-14 12:57:37	39	1	1	0
      649	2023-08-14 12:57:40	39	1	1	0
       80	2023-08-14 12:58:08	39	0	1	0
      649	2023-08-14 12:58:11	39	0	1	0
      649	2023-08-14 12:58:18	39	0	1	0
      525	2023-08-14 17:00:02	39	1	1	0
      652	2023-08-14 17:00:05	39	1	1	0
      652	2023-08-14 17:00:07	39	1	1	0
      377	2023-08-14 17:00:13	39	1	1	0
      251	2023-08-14 17:00:19	39	1	1	0
       43	2023-08-14 17:00:25	39	1	1	0
      129	2023-08-14 17:00:29	39	1	1	0
     2425	2023-08-14 17:00:34	39	1	1	0
      123	2023-08-14 17:00:44	39	1	1	0
       80	2023-08-14 17:00:51	39	0	1	0
       96	2023-08-14 17:01:09	39	1	1	0
       96	2023-08-14 17:01:11	39	1	1	0
       23	2023-08-14 17:01:17	39	1	1	0
       86	2023-08-14 17:01:52	39	1	1	0
      281	2023-08-14 17:02:00	39	1	1	0
      750	2023-08-14 17:02:13	39	1	1	0
      281	2023-08-14 17:10:07	39	1	1	0
     1893	2023-08-14 17:10:12	39	1	1	0
     2248	2023-08-14 17:13:22	39	1	1	0
     2248	2023-08-14 17:13:27	39	1	1	0
      124	2023-08-14 17:19:17	39	0	1	0
      124	2023-08-14 17:19:23	39	1	1	0
       31	2023-08-14 17:43:16	39	1	1	0
      123	2023-08-15 07:15:26	39	0	1	0
      750	2023-08-15 07:18:22	39	0	1	0
      377	2023-08-15 07:27:44	39	0	1	0
      525	2023-08-15 07:34:03	39	0	1	0
      251	2023-08-15 07:40:04	39	0	1	0
       80	2023-08-15 07:41:04	39	0	1	0
       43	2023-08-15 07:41:07	39	0	1	0
       96	2023-08-15 07:45:40	39	0	1	0
       96	2023-08-15 07:45:42	39	0	1	0
      129	2023-08-15 07:49:52	39	0	1	0
      129	2023-08-15 07:49:56	39	0	1	0
     2248	2023-08-15 07:51:19	39	0	1	0
     2248	2023-08-15 07:51:23	39	0	1	0
       31	2023-08-15 07:52:09	39	0	1	0
       23	2023-08-15 07:52:31	39	0	1	0
     1893	2023-08-15 07:53:16	39	0	1	0
      652	2023-08-15 07:53:41	39	0	1	0
      652	2023-08-15 07:53:44	39	0	1	0
      124	2023-08-15 07:56:47	39	0	1	0
      124	2023-08-15 07:57:05	39	0	1	0
      649	2023-08-15 07:57:43	39	0	1	0
      649	2023-08-15 07:57:47	39	0	1	0
      281	2023-08-15 07:57:58	39	0	1	0
       86	2023-08-15 07:59:11	39	0	1	0
     2248	2023-08-15 08:02:42	39	0	1	0
      652	2023-08-15 12:00:34	39	1	1	0
      377	2023-08-15 12:01:13	39	1	1	0
      251	2023-08-15 12:01:36	39	1	1	0
     2248	2023-08-15 12:01:47	39	1	1	0
       23	2023-08-15 12:03:22	39	1	1	0
       31	2023-08-15 12:03:46	39	1	1	0
      750	2023-08-15 12:04:28	39	1	1	0
      377	2023-08-15 12:04:54	39	0	1	0
     2248	2023-08-15 12:06:10	39	0	1	0
      750	2023-08-15 12:06:20	39	0	1	0
       23	2023-08-15 12:06:34	39	0	1	0
      281	2023-08-15 12:06:53	39	1	1	0
      652	2023-08-15 12:07:21	39	0	1	0
      124	2023-08-15 12:08:29	39	1	1	0
       86	2023-08-15 12:08:49	39	1	1	0
     1893	2023-08-15 12:10:37	39	1	1	0
       31	2023-08-15 12:11:01	39	0	1	0
       86	2023-08-15 12:11:17	39	0	1	0
      124	2023-08-15 12:11:22	39	0	1	0
       80	2023-08-15 12:14:08	39	1	1	0
       80	2023-08-15 12:15:07	39	0	1	0
       96	2023-08-15 12:20:01	39	1	1	0
       96	2023-08-15 12:20:06	39	1	1	0
      525	2023-08-15 12:20:29	39	1	1	0
      525	2023-08-15 12:22:21	39	0	1	0
       96	2023-08-15 12:24:45	39	0	1	0
       96	2023-08-15 12:24:47	39	0	1	0
     1893	2023-08-15 12:26:37	39	0	1	0
      649	2023-08-15 12:33:13	39	1	1	0
      525	2023-08-15 12:33:50	39	0	1	0
      649	2023-08-15 12:34:04	39	0	1	0
      251	2023-08-15 12:40:51	39	0	1	0
       43	2023-08-15 12:41:01	39	1	1	0
      281	2023-08-15 12:41:40	39	0	1	0
       43	2023-08-15 12:44:50	39	0	1	0
      525	2023-08-15 17:00:03	39	1	1	0
      377	2023-08-15 17:00:06	39	1	1	0
       80	2023-08-15 17:00:13	39	1	1	0
      129	2023-08-15 17:00:17	39	1	1	0
      251	2023-08-15 17:00:23	39	1	1	0
      123	2023-08-15 17:00:30	39	1	1	0
       43	2023-08-15 17:00:40	39	1	1	0
       23	2023-08-15 17:00:51	39	1	1	0
      124	2023-08-15 17:00:59	39	1	1	0
       86	2023-08-15 17:01:10	39	1	1	0
      649	2023-08-15 17:01:19	39	1	1	0
      649	2023-08-15 17:01:22	39	1	1	0
      750	2023-08-15 17:01:26	39	1	1	0
      652	2023-08-15 17:02:00	39	1	1	0
      652	2023-08-15 17:02:03	39	1	1	0
      652	2023-08-15 17:02:07	39	1	1	0
       31	2023-08-15 17:04:55	39	1	1	0
     1893	2023-08-15 17:31:36	39	1	1	0
       96	2023-08-15 17:31:54	39	1	1	0
       96	2023-08-15 17:31:57	39	1	1	0
      281	2023-08-15 17:32:14	39	0	1	0
      281	2023-08-15 17:32:21	39	1	1	0
     2248	2023-08-15 17:33:14	39	1	1	0
     2248	2023-08-15 17:33:18	39	1	1	0
     2248	2023-08-15 17:43:38	39	1	1	0
    10003	2023-08-15 21:15:46	39	4	1	0
    10003	2023-08-15 21:15:59	39	1	1	0
      123	2023-08-16 07:14:57	39	0	1	0
      377	2023-08-16 07:21:13	39	0	1	0
      750	2023-08-16 07:40:39	39	0	1	0
     2248	2023-08-16 07:45:39	39	0	1	0
     2248	2023-08-16 07:45:43	39	0	1	0
      525	2023-08-16 07:47:05	39	0	1	0
       31	2023-08-16 07:47:53	39	0	1	0
       80	2023-08-16 07:48:01	39	0	1	0
      649	2023-08-16 07:49:00	39	0	1	0
      649	2023-08-16 07:49:03	39	0	1	0
       96	2023-08-16 07:49:18	39	0	1	0
       96	2023-08-16 07:49:20	39	0	1	0
       23	2023-08-16 07:50:59	39	0	1	0
      649	2023-08-16 07:51:56	39	0	1	0
      649	2023-08-16 07:51:59	39	0	1	0
     2425	2023-08-16 07:52:06	39	0	1	0
      251	2023-08-16 07:55:18	39	0	1	0
      652	2023-08-16 07:55:36	39	0	1	0
       43	2023-08-16 07:57:13	39	0	1	0
      124	2023-08-16 07:57:34	39	0	1	0
      652	2023-08-16 07:57:42	39	0	1	0
      281	2023-08-16 07:58:49	39	0	1	0
       86	2023-08-16 08:14:43	39	0	1	0
      750	2023-08-16 12:00:13	39	1	1	0
      377	2023-08-16 12:01:24	39	1	1	0
      251	2023-08-16 12:03:59	39	1	1	0
      377	2023-08-16 12:04:39	39	0	1	0
      750	2023-08-16 12:04:44	39	0	1	0
       96	2023-08-16 12:05:31	39	1	1	0
       96	2023-08-16 12:05:34	39	1	1	0
      525	2023-08-16 12:08:54	39	1	1	0
      123	2023-08-16 12:09:22	39	1	1	0
    10002	2023-08-16 12:10:55	39	0	1	0
      124	2023-08-16 12:11:23	39	1	1	0
      124	2023-08-16 12:12:47	39	0	1	0
       23	2023-08-16 12:13:51	39	1	1	0
       86	2023-08-16 12:13:58	39	1	1	0
      652	2023-08-16 12:14:24	39	0	1	0
      652	2023-08-16 12:14:32	39	0	1	0
      652	2023-08-16 12:14:37	39	1	1	0
       86	2023-08-16 12:15:18	39	0	1	0
       23	2023-08-16 12:15:27	39	0	1	0
       80	2023-08-16 12:15:48	39	1	1	0
      649	2023-08-16 12:15:58	39	1	1	0
     2248	2023-08-16 12:19:33	39	1	1	0
      525	2023-08-16 12:22:18	39	0	1	0
     2248	2023-08-16 12:22:23	39	0	1	0
     2425	2023-08-16 12:23:06	39	1	1	0
     2425	2023-08-16 12:25:24	39	0	1	0
      123	2023-08-16 12:26:37	39	0	1	0
      281	2023-08-16 12:32:11	39	1	1	0
      649	2023-08-16 12:33:38	39	0	1	0
      649	2023-08-16 12:33:41	39	0	1	0
       80	2023-08-16 12:33:44	39	0	1	0
      251	2023-08-16 12:34:59	39	0	1	0
      281	2023-08-16 12:41:38	39	0	1	0
      251	2023-08-16 12:42:06	39	0	1	0
       31	2023-08-16 12:47:52	39	1	1	0
       96	2023-08-16 12:48:18	39	0	1	0
       96	2023-08-16 12:48:22	39	0	1	0
       31	2023-08-16 12:52:47	39	0	1	0
      525	2023-08-16 17:00:09	39	1	1	0
       80	2023-08-16 17:00:41	39	1	1	0
      377	2023-08-16 17:00:46	39	1	1	0
     2425	2023-08-16 17:00:57	39	1	1	0
      251	2023-08-16 17:01:12	39	1	1	0
      124	2023-08-16 17:01:20	39	1	1	0
      281	2023-08-16 17:01:31	39	1	1	0
       23	2023-08-16 17:01:36	39	1	1	0
      649	2023-08-16 17:01:39	39	1	1	0
      649	2023-08-16 17:01:44	39	1	1	0
       86	2023-08-16 17:01:53	39	1	1	0
      123	2023-08-16 17:02:28	39	1	1	0
       31	2023-08-16 17:03:45	39	1	1	0
       96	2023-08-16 17:04:57	39	1	1	0
       96	2023-08-16 17:05:00	39	1	1	0
      750	2023-08-16 17:08:32	39	1	1	0
     2248	2023-08-16 17:11:26	39	1	1	0
     2248	2023-08-16 17:11:30	39	1	1	0
     2425	2023-08-16 17:14:18	39	1	1	0
      123	2023-08-17 07:18:21	39	0	1	0
      377	2023-08-17 07:26:37	39	0	1	0
      525	2023-08-17 07:40:19	39	0	1	0
      750	2023-08-17 07:50:58	39	0	1	0
      129	2023-08-17 07:51:35	39	0	1	0
      129	2023-08-17 07:51:37	39	0	1	0
     2248	2023-08-17 07:53:00	39	0	1	0
     2248	2023-08-17 07:53:06	39	0	1	0
       80	2023-08-17 07:53:22	39	0	1	0
      649	2023-08-17 07:53:27	39	0	1	0
       31	2023-08-17 07:53:38	39	0	1	0
      652	2023-08-17 07:54:38	39	0	1	0
      652	2023-08-17 07:54:41	39	0	1	0
      251	2023-08-17 07:55:24	39	0	1	0
      281	2023-08-17 07:55:48	39	0	1	0
       23	2023-08-17 07:56:36	39	0	1	0
     2425	2023-08-17 07:57:46	39	0	1	0
       43	2023-08-17 07:59:29	39	0	1	0
      124	2023-08-17 08:02:13	39	0	1	0
       86	2023-08-17 08:14:14	39	0	1	0
      251	2023-08-17 12:01:11	39	1	1	0
      124	2023-08-17 12:03:02	39	1	1	0
       23	2023-08-17 12:03:29	39	1	1	0
       23	2023-08-17 12:06:16	39	0	1	0
      652	2023-08-17 12:06:40	39	1	1	0
       86	2023-08-17 12:11:27	39	1	1	0
       80	2023-08-17 12:11:53	39	1	1	0
      649	2023-08-17 12:12:03	39	1	1	0
       31	2023-08-17 12:12:10	39	1	1	0
       86	2023-08-17 12:12:19	39	0	1	0
       80	2023-08-17 12:13:17	39	0	1	0
      649	2023-08-17 12:13:27	39	0	1	0
      649	2023-08-17 12:13:29	39	0	1	0
      124	2023-08-17 12:13:35	39	0	1	0
       31	2023-08-17 12:15:01	39	0	1	0
      281	2023-08-17 12:16:03	39	1	1	0
     2425	2023-08-17 12:16:11	39	1	1	0
       43	2023-08-17 12:17:54	39	1	1	0
      281	2023-08-17 12:18:09	39	0	1	0
      525	2023-08-17 12:18:35	39	1	1	0
     2425	2023-08-17 12:18:45	39	0	1	0
      525	2023-08-17 12:19:02	39	0	1	0
       43	2023-08-17 12:19:38	39	0	1	0
      251	2023-08-17 12:32:44	39	0	1	0
      652	2023-08-17 12:53:11	39	0	1	0
     2248	2023-08-17 12:57:59	39	0	1	0
       43	2023-08-17 14:36:32	39	1	1	0
      652	2023-08-17 17:00:05	39	1	1	0
      652	2023-08-17 17:00:09	39	1	1	0
      129	2023-08-17 17:00:13	39	1	1	0
      129	2023-08-17 17:00:15	39	1	1	0
      525	2023-08-17 17:00:18	39	1	1	0
      525	2023-08-17 17:00:20	39	1	1	0
      377	2023-08-17 17:00:23	39	1	1	0
       80	2023-08-17 17:00:27	39	1	1	0
      251	2023-08-17 17:00:32	39	1	1	0
      649	2023-08-17 17:00:36	39	1	1	0
      124	2023-08-17 17:00:41	39	1	1	0
      123	2023-08-17 17:00:47	39	1	1	0
     2425	2023-08-17 17:00:51	39	1	1	0
       23	2023-08-17 17:00:57	39	1	1	0
       86	2023-08-17 17:01:02	39	1	1	0
      281	2023-08-17 17:01:06	39	1	1	0
      750	2023-08-17 17:01:11	39	1	1	0
       31	2023-08-17 17:02:48	39	1	1	0
     2248	2023-08-17 17:04:57	39	1	1	0
     2248	2023-08-17 17:05:01	39	1	1	0
      123	2023-08-18 07:07:55	39	0	1	0
      377	2023-08-18 07:29:34	39	0	1	0
       80	2023-08-18 07:34:54	39	0	1	0
       96	2023-08-18 07:46:34	39	0	1	0
       96	2023-08-18 07:46:37	39	0	1	0
     2248	2023-08-18 07:48:24	39	0	1	0
     2248	2023-08-18 07:48:28	39	0	1	0
      750	2023-08-18 07:48:43	39	0	1	0
      129	2023-08-18 07:50:38	39	0	1	0
      129	2023-08-18 07:50:41	39	0	1	0
      649	2023-08-18 07:51:05	39	0	1	0
      649	2023-08-18 07:51:07	39	0	1	0
      124	2023-08-18 07:52:09	39	0	1	0
      525	2023-08-18 07:53:02	39	0	1	0
      251	2023-08-18 07:53:12	39	0	1	0
      652	2023-08-18 07:53:51	39	0	1	0
      652	2023-08-18 07:53:56	39	0	1	0
       23	2023-08-18 07:54:18	39	0	1	0
     2425	2023-08-18 07:54:23	39	0	1	0
      281	2023-08-18 07:57:34	39	0	1	0
       86	2023-08-18 08:02:17	39	0	1	0
       31	2023-08-18 08:05:27	39	0	1	0
      750	2023-08-18 12:00:18	39	1	1	0
      123	2023-08-18 12:00:34	39	1	1	0
      251	2023-08-18 12:01:43	39	1	1	0
      129	2023-08-18 12:01:53	39	1	1	0
      750	2023-08-18 12:02:20	39	0	1	0
       86	2023-08-18 12:02:29	39	1	1	0
       23	2023-08-18 12:02:37	39	1	1	0
       31	2023-08-18 12:03:07	39	1	1	0
      525	2023-08-18 12:03:42	39	1	1	0
       80	2023-08-18 12:04:04	39	1	1	0
      649	2023-08-18 12:04:18	39	0	1	0
      649	2023-08-18 12:04:24	39	1	1	0
      124	2023-08-18 12:04:28	39	1	1	0
       86	2023-08-18 12:04:39	39	0	1	0
     2248	2023-08-18 12:04:50	39	1	1	0
       23	2023-08-18 12:05:17	39	0	1	0
      281	2023-08-18 12:05:27	39	1	1	0
     2425	2023-08-18 12:05:36	39	1	1	0
       31	2023-08-18 12:05:42	39	1	1	0
       31	2023-08-18 12:05:50	39	0	1	0
      281	2023-08-18 12:07:13	39	0	1	0
      124	2023-08-18 12:07:51	39	0	1	0
       80	2023-08-18 12:08:09	39	0	1	0
      649	2023-08-18 12:08:25	39	0	1	0
      525	2023-08-18 12:10:07	39	0	1	0
     2248	2023-08-18 12:11:38	39	0	1	0
      129	2023-08-18 12:11:56	39	0	1	0
      123	2023-08-18 12:12:51	39	0	1	0
     2248	2023-08-18 12:12:55	39	0	1	0
      649	2023-08-18 12:14:56	39	0	1	0
      652	2023-08-18 12:19:49	39	1	1	0
       96	2023-08-18 12:20:53	39	1	1	0
       96	2023-08-18 12:20:56	39	1	1	0
      652	2023-08-18 12:21:30	39	0	1	0
      251	2023-08-18 12:22:22	39	0	1	0
      377	2023-08-18 12:25:12	39	1	1	0
      377	2023-08-18 12:28:22	39	0	1	0
     2425	2023-08-18 12:31:25	39	0	1	0
       96	2023-08-18 12:43:22	39	0	1	0
       96	2023-08-18 12:43:28	39	0	1	0
      129	2023-08-18 17:00:14	39	1	1	0
      129	2023-08-18 17:00:16	39	1	1	0
      525	2023-08-18 17:00:24	39	1	1	0
      377	2023-08-18 17:00:27	39	1	1	0
      750	2023-08-18 17:00:30	39	1	1	0
      123	2023-08-18 17:00:36	39	1	1	0
      123	2023-08-18 17:00:38	39	1	1	0
      281	2023-08-18 17:00:40	39	1	1	0
      251	2023-08-18 17:00:44	39	1	1	0
       80	2023-08-18 17:00:50	39	1	1	0
      649	2023-08-18 17:00:53	39	1	1	0
      649	2023-08-18 17:00:56	39	1	1	0
     2425	2023-08-18 17:00:59	39	1	1	0
      124	2023-08-18 17:01:04	39	1	1	0
       86	2023-08-18 17:01:10	39	1	1	0
       23	2023-08-18 17:01:20	39	1	1	0
     2248	2023-08-18 17:01:48	39	1	1	0
     2248	2023-08-18 17:01:53	39	1	1	0
       96	2023-08-18 17:02:58	39	1	1	0
       96	2023-08-18 17:03:01	39	1	1	0
       31	2023-08-18 17:04:23	39	1	1	0
      652	2023-08-18 17:08:00	39	1	1	0
      652	2023-08-18 17:08:03	39	1	1	0
      377	2023-08-22 07:35:20	39	0	1	0
      124	2023-08-22 07:37:16	39	0	1	0
      123	2023-08-22 07:37:58	39	0	1	0
       43	2023-08-22 07:40:27	39	0	1	0
       80	2023-08-22 07:41:08	39	0	1	0
      525	2023-08-22 07:41:32	39	0	1	0
       31	2023-08-22 07:46:53	39	0	1	0
      251	2023-08-22 07:47:54	39	0	1	0
      124	2023-08-22 07:48:26	39	0	1	0
       23	2023-08-22 07:52:27	39	0	1	0
      652	2023-08-22 07:52:59	39	0	1	0
      652	2023-08-22 07:53:04	39	0	1	0
      750	2023-08-22 07:55:11	39	0	1	0
     2425	2023-08-22 07:57:58	39	0	1	0
      649	2023-08-22 07:59:40	39	0	1	0
      649	2023-08-22 07:59:42	39	0	1	0
      649	2023-08-22 07:59:44	39	0	1	0
      129	2023-08-22 08:02:00	39	0	1	0
      129	2023-08-22 08:02:03	39	0	1	0
       86	2023-08-22 08:02:13	39	0	1	0
     2248	2023-08-22 08:05:54	39	0	1	0
     2248	2023-08-22 08:06:09	39	0	1	0
       96	2023-08-22 08:08:16	39	0	1	0
       96	2023-08-22 08:08:19	39	0	1	0
      750	2023-08-22 12:01:48	39	1	1	0
      377	2023-08-22 12:03:36	39	1	1	0
      750	2023-08-22 12:04:10	39	0	1	0
       31	2023-08-22 12:04:32	39	1	1	0
       96	2023-08-22 12:04:55	39	1	1	0
       96	2023-08-22 12:04:58	39	1	1	0
       31	2023-08-22 12:09:00	39	0	1	0
      652	2023-08-22 12:12:32	39	1	1	0
       23	2023-08-22 12:12:48	39	1	1	0
       86	2023-08-22 12:12:58	39	1	1	0
      251	2023-08-22 12:13:29	39	1	1	0
      123	2023-08-22 12:13:34	39	1	1	0
      123	2023-08-22 12:13:38	39	1	1	0
      129	2023-08-22 12:13:42	39	1	1	0
      377	2023-08-22 12:14:21	39	0	1	0
       23	2023-08-22 12:15:12	39	0	1	0
      124	2023-08-22 12:15:18	39	1	1	0
       86	2023-08-22 12:15:31	39	0	1	0
       80	2023-08-22 12:19:24	39	1	1	0
      649	2023-08-22 12:19:56	39	1	1	0
      649	2023-08-22 12:20:36	39	0	1	0
      123	2023-08-22 12:20:45	39	0	1	0
      124	2023-08-22 12:20:59	39	0	1	0
       80	2023-08-22 12:23:45	39	0	1	0
      652	2023-08-22 12:23:54	39	0	1	0
      525	2023-08-22 12:24:28	39	1	1	0
      129	2023-08-22 12:27:28	39	0	1	0
      652	2023-08-22 12:27:49	39	0	1	0
      129	2023-08-22 12:27:53	39	0	1	0
     2425	2023-08-22 12:31:31	39	1	1	0
      281	2023-08-22 12:31:35	39	1	1	0
      525	2023-08-22 12:31:43	39	0	1	0
      251	2023-08-22 12:34:10	39	0	1	0
      251	2023-08-22 12:40:53	39	0	1	0
      281	2023-08-22 12:44:44	39	0	1	0
     2425	2023-08-22 12:44:49	39	0	1	0
       43	2023-08-22 12:46:16	39	1	1	0
       43	2023-08-22 12:47:20	39	0	1	0
       96	2023-08-22 12:52:06	39	0	1	0
       96	2023-08-22 12:52:08	39	0	1	0
      525	2023-08-22 17:00:03	39	1	1	0
      750	2023-08-22 17:00:06	39	1	1	0
      129	2023-08-22 17:00:13	39	1	1	0
      129	2023-08-22 17:00:16	39	1	1	0
      251	2023-08-22 17:00:21	39	1	1	0
      377	2023-08-22 17:00:25	39	1	1	0
       43	2023-08-22 17:00:59	39	1	1	0
      123	2023-08-22 17:01:14	39	1	1	0
      124	2023-08-22 17:01:18	39	1	1	0
     2425	2023-08-22 17:01:39	39	1	1	0
       86	2023-08-22 17:01:53	39	1	1	0
       80	2023-08-22 17:02:02	39	1	1	0
       23	2023-08-22 17:02:08	39	1	1	0
      649	2023-08-22 17:02:19	39	1	1	0
      649	2023-08-22 17:02:23	39	1	1	0
      281	2023-08-22 17:02:29	39	1	1	0
     2248	2023-08-22 17:02:33	39	1	1	0
     2248	2023-08-22 17:02:37	39	1	1	0
      652	2023-08-22 17:02:59	39	1	1	0
      652	2023-08-22 17:03:05	39	1	1	0
       31	2023-08-22 17:09:50	39	1	1	0
       96	2023-08-22 17:20:51	39	1	1	0
       96	2023-08-22 17:20:54	39	1	1	0
      123	2023-08-23 07:12:30	39	0	1	0
       43	2023-08-23 07:31:04	39	0	1	0
      377	2023-08-23 07:39:13	39	0	1	0
      124	2023-08-23 07:41:56	39	0	1	0
     2248	2023-08-23 07:47:02	39	0	1	0
     2248	2023-08-23 07:47:06	39	0	1	0
      129	2023-08-23 07:48:06	39	0	1	0
      129	2023-08-23 07:48:08	39	0	1	0
       31	2023-08-23 07:53:42	39	0	1	0
       23	2023-08-23 07:54:32	39	0	1	0
      525	2023-08-23 07:54:37	39	0	1	0
      652	2023-08-23 07:55:04	39	0	1	0
      652	2023-08-23 07:55:07	39	0	1	0
      750	2023-08-23 07:56:17	39	0	1	0
      251	2023-08-23 07:57:23	39	0	1	0
       80	2023-08-23 07:57:50	39	0	1	0
      281	2023-08-23 07:58:35	39	0	1	0
       96	2023-08-23 08:00:20	39	0	1	0
       96	2023-08-23 08:00:22	39	0	1	0
      649	2023-08-23 08:06:56	39	0	1	0
      649	2023-08-23 08:06:58	39	0	1	0
       86	2023-08-23 08:13:10	39	0	1	0
     2425	2023-08-23 08:13:22	39	0	1	0
      750	2023-08-23 12:00:07	39	1	1	0
      251	2023-08-23 12:01:58	39	1	1	0
      750	2023-08-23 12:02:36	39	0	1	0
       23	2023-08-23 12:04:46	39	1	1	0
       86	2023-08-23 12:06:17	39	1	1	0
       23	2023-08-23 12:07:00	39	0	1	0
       80	2023-08-23 12:07:30	39	1	1	0
      649	2023-08-23 12:07:34	39	1	1	0
      649	2023-08-23 12:07:36	39	1	1	0
      649	2023-08-23 12:08:17	39	0	1	0
      649	2023-08-23 12:08:24	39	0	1	0
       80	2023-08-23 12:08:27	39	0	1	0
       86	2023-08-23 12:09:35	39	0	1	0
      525	2023-08-23 12:09:50	39	1	1	0
      525	2023-08-23 12:13:33	39	0	1	0
      525	2023-08-23 12:13:36	39	0	1	0
      124	2023-08-23 12:13:56	39	1	1	0
     2425	2023-08-23 12:14:24	39	1	1	0
      124	2023-08-23 12:15:07	39	0	1	0
     2425	2023-08-23 12:15:50	39	0	1	0
      652	2023-08-23 12:17:48	39	1	1	0
      652	2023-08-23 12:19:39	39	0	1	0
      251	2023-08-23 12:32:37	39	0	1	0
       31	2023-08-23 12:38:51	39	1	1	0
       43	2023-08-23 12:39:09	39	1	1	0
      129	2023-08-23 12:45:22	39	1	1	0
      123	2023-08-23 12:45:29	39	1	1	0
      377	2023-08-23 12:45:34	39	1	1	0
      123	2023-08-23 12:47:05	39	0	1	0
      377	2023-08-23 12:48:08	39	0	1	0
       31	2023-08-23 12:50:17	39	0	1	0
      129	2023-08-23 12:50:27	39	0	1	0
      525	2023-08-23 12:54:22	39	0	1	0
      525	2023-08-23 17:00:02	39	1	1	0
      377	2023-08-23 17:00:06	39	1	1	0
      129	2023-08-23 17:00:10	39	1	1	0
       43	2023-08-23 17:00:15	39	1	1	0
      123	2023-08-23 17:00:21	39	1	1	0
      251	2023-08-23 17:00:26	39	1	1	0
      750	2023-08-23 17:00:30	39	1	1	0
     2425	2023-08-23 17:00:36	39	1	1	0
       80	2023-08-23 17:00:40	39	1	1	0
      649	2023-08-23 17:00:43	39	1	1	0
      649	2023-08-23 17:00:49	39	1	1	0
      124	2023-08-23 17:00:56	39	1	1	0
       23	2023-08-23 17:01:48	39	1	1	0
       86	2023-08-23 17:01:57	39	1	1	0
      652	2023-08-23 17:02:56	39	1	1	0
      652	2023-08-23 17:03:05	39	1	1	0
       31	2023-08-23 17:23:23	39	1	1	0
       96	2023-08-23 18:49:59	39	1	1	0
       96	2023-08-23 18:50:02	39	1	1	0
      281	2023-08-23 18:50:05	39	1	1	0
     2248	2023-08-23 18:50:12	39	1	1	0
     2248	2023-08-23 18:50:15	39	1	1	0
       23	2023-08-24 06:33:42	39	0	1	0
       96	2023-08-24 07:26:22	39	0	1	0
       96	2023-08-24 07:26:25	39	0	1	0
      123	2023-08-24 07:34:12	39	0	1	0
      750	2023-08-24 07:36:23	39	0	1	0
      750	2023-08-24 07:36:31	39	0	1	0
     2248	2023-08-24 07:36:46	39	0	1	0
     2248	2023-08-24 07:36:58	39	0	1	0
      377	2023-08-24 07:40:37	39	0	1	0
      129	2023-08-24 07:44:34	39	0	1	0
      129	2023-08-24 07:44:37	39	0	1	0
      251	2023-08-24 07:46:25	39	0	1	0
      124	2023-08-24 07:51:25	39	0	1	0
       31	2023-08-24 07:51:36	39	0	1	0
       43	2023-08-24 07:54:03	39	0	1	0
      652	2023-08-24 07:55:03	39	0	1	0
      652	2023-08-24 07:55:05	39	0	1	0
      649	2023-08-24 07:57:28	39	0	1	0
      649	2023-08-24 07:57:31	39	0	1	0
      281	2023-08-24 07:58:15	39	0	1	0
       80	2023-08-24 08:01:05	39	0	1	0
     2425	2023-08-24 08:01:08	39	0	1	0
       86	2023-08-24 08:03:31	39	0	1	0
     2425	2023-08-24 12:00:06	39	1	1	0
       96	2023-08-24 12:00:22	39	1	1	0
       96	2023-08-24 12:00:25	39	1	1	0
       80	2023-08-24 12:01:19	39	1	1	0
       23	2023-08-24 12:01:24	39	1	1	0
       86	2023-08-24 12:01:29	39	1	1	0
      129	2023-08-24 12:01:45	39	1	1	0
      123	2023-08-24 12:01:51	39	1	1	0
      649	2023-08-24 12:01:57	39	1	1	0
      649	2023-08-24 12:02:00	39	1	1	0
      124	2023-08-24 12:02:05	39	1	1	0
      251	2023-08-24 12:02:14	39	1	1	0
     2425	2023-08-24 12:03:08	39	0	1	0
      377	2023-08-24 12:03:26	39	1	1	0
       31	2023-08-24 12:03:31	39	1	1	0
      750	2023-08-24 12:03:36	39	1	1	0
       23	2023-08-24 12:03:56	39	0	1	0
       86	2023-08-24 12:05:05	39	0	1	0
       80	2023-08-24 12:05:17	39	0	1	0
      649	2023-08-24 12:05:28	39	0	1	0
      649	2023-08-24 12:05:31	39	0	1	0
      124	2023-08-24 12:05:40	39	0	1	0
       43	2023-08-24 12:06:54	39	1	1	0
      377	2023-08-24 12:07:32	39	0	1	0
      129	2023-08-24 12:07:36	39	0	1	0
      123	2023-08-24 12:08:30	39	0	1	0
      750	2023-08-24 12:08:46	39	0	1	0
       31	2023-08-24 12:09:51	39	0	1	0
      652	2023-08-24 12:12:35	39	1	1	0
      281	2023-08-24 12:12:38	39	1	1	0
      281	2023-08-24 12:13:03	39	0	1	0
      652	2023-08-24 12:14:02	39	0	1	0
       43	2023-08-24 12:14:49	39	0	1	0
      251	2023-08-24 12:33:15	39	0	1	0
       96	2023-08-24 12:33:59	39	0	1	0
       96	2023-08-24 12:34:03	39	0	1	0
       96	2023-08-24 12:34:05	39	0	1	0
     2248	2023-08-24 12:47:05	39	1	1	0
     2248	2023-08-24 12:55:38	39	0	1	0
      129	2023-08-24 17:00:33	39	1	1	0
      129	2023-08-24 17:00:35	39	1	1	0
       80	2023-08-24 17:00:41	39	1	1	0
      377	2023-08-24 17:00:49	39	1	1	0
       43	2023-08-24 17:01:07	39	1	1	0
      281	2023-08-24 17:01:11	39	1	1	0
      123	2023-08-24 17:01:16	39	1	1	0
       80	2023-08-24 17:01:22	39	1	1	0
      251	2023-08-24 17:01:27	39	1	1	0
      750	2023-08-24 17:01:31	39	1	1	0
     2425	2023-08-24 17:01:35	39	1	1	0
      124	2023-08-24 17:01:40	39	1	1	0
       23	2023-08-24 17:01:46	39	1	1	0
      649	2023-08-24 17:01:50	39	1	1	0
      649	2023-08-24 17:01:53	39	1	1	0
       86	2023-08-24 17:02:00	39	0	1	0
     2248	2023-08-24 17:02:19	39	1	1	0
     2248	2023-08-24 17:02:24	39	1	1	0
      652	2023-08-24 17:04:13	39	1	1	0
      652	2023-08-24 17:04:16	39	1	1	0
       96	2023-08-24 17:04:57	39	1	1	0
       96	2023-08-24 17:04:59	39	1	1	0
       31	2023-08-24 17:09:52	39	1	1	0
      123	2023-08-25 07:13:47	39	0	1	0
       80	2023-08-25 07:30:40	39	0	1	0
       80	2023-08-25 07:35:03	39	0	1	0
      377	2023-08-25 07:36:22	39	0	1	0
      750	2023-08-25 07:41:04	39	0	1	0
      251	2023-08-25 07:41:21	39	0	1	0
       43	2023-08-25 07:45:38	39	0	1	0
      129	2023-08-25 07:46:46	39	0	1	0
      129	2023-08-25 07:46:48	39	0	1	0
     2248	2023-08-25 07:47:54	39	0	1	0
     2248	2023-08-25 07:47:58	39	0	1	0
      652	2023-08-25 07:50:44	39	0	1	0
      124	2023-08-25 07:53:09	39	0	1	0
       96	2023-08-25 07:54:10	39	0	1	0
       96	2023-08-25 07:54:13	39	0	1	0
       86	2023-08-25 07:55:35	39	0	1	0
       23	2023-08-25 07:55:41	39	0	1	0
      649	2023-08-25 07:57:16	39	0	1	0
      649	2023-08-25 07:57:19	39	0	1	0
      281	2023-08-25 07:57:43	39	0	1	0
       31	2023-08-25 07:58:45	39	0	1	0
     1893	2023-08-25 08:27:09	39	0	1	0
      750	2023-08-25 12:01:08	39	1	1	0
      652	2023-08-25 12:01:33	39	1	1	0
      251	2023-08-25 12:02:15	39	1	1	0
       80	2023-08-25 12:02:31	39	1	1	0
      750	2023-08-25 12:03:05	39	0	1	0
      281	2023-08-25 12:03:13	39	1	1	0
      124	2023-08-25 12:03:19	39	1	1	0
      251	2023-08-25 12:04:13	39	0	1	0
      129	2023-08-25 12:04:43	39	1	1	0
       23	2023-08-25 12:05:18	39	0	1	0
       23	2023-08-25 12:05:38	39	1	1	0
      123	2023-08-25 12:05:46	39	1	1	0
      652	2023-08-25 12:05:59	39	0	1	0
      281	2023-08-25 12:06:04	39	0	1	0
       86	2023-08-25 12:07:16	39	1	1	0
       23	2023-08-25 12:07:34	39	0	1	0
      123	2023-08-25 12:07:47	39	0	1	0
      123	2023-08-25 12:07:49	39	0	1	0
       43	2023-08-25 12:08:02	39	1	1	0
       86	2023-08-25 12:08:12	39	0	1	0
       80	2023-08-25 12:08:24	39	0	1	0
      129	2023-08-25 12:08:29	39	0	1	0
      649	2023-08-25 12:11:49	39	1	1	0
      124	2023-08-25 12:17:20	39	0	1	0
       31	2023-08-25 12:22:08	39	1	1	0
     2425	2023-08-25 12:31:13	39	0	1	0
       43	2023-08-25 12:40:32	39	0	1	0
     1893	2023-08-25 12:40:40	39	1	1	0
      377	2023-08-25 12:42:27	39	1	1	0
     1893	2023-08-25 12:44:57	39	0	1	0
      377	2023-08-25 12:48:11	39	0	1	0
      129	2023-08-25 16:12:05	39	1	1	0
      129	2023-08-25 16:12:07	39	1	1	0
      750	2023-08-25 17:00:41	39	1	1	0
      251	2023-08-25 17:01:03	39	1	1	0
      377	2023-08-25 17:01:07	39	1	1	0
      124	2023-08-25 17:02:10	39	1	1	0
      123	2023-08-25 17:02:23	39	1	1	0
     2425	2023-08-25 17:02:54	39	1	1	0
       80	2023-08-25 17:02:58	39	1	1	0
       23	2023-08-25 17:03:39	39	1	1	0
      649	2023-08-25 17:03:44	39	1	1	0
      649	2023-08-25 17:03:47	39	1	1	0
      652	2023-08-25 17:05:02	39	1	1	0
      652	2023-08-25 17:05:06	39	1	1	0
      281	2023-08-25 17:06:19	39	1	1	0
     1893	2023-08-25 17:06:25	39	1	1	0
       86	2023-08-25 17:06:38	39	1	1	0
       96	2023-08-25 18:23:44	39	1	1	0
       96	2023-08-25 18:23:47	39	1	1	0
     2248	2023-08-25 18:23:54	39	1	1	0
     2248	2023-08-25 18:23:59	39	1	1	0
      123	2023-08-29 07:07:36	39	0	1	0
       96	2023-08-29 07:08:51	39	0	1	0
       96	2023-08-29 07:08:54	39	0	1	0
      251	2023-08-29 07:23:39	39	0	1	0
      377	2023-08-29 07:32:30	39	0	1	0
      129	2023-08-29 07:35:39	39	0	1	0
      129	2023-08-29 07:35:41	39	0	1	0
     2425	2023-08-29 07:36:29	39	0	1	0
      750	2023-08-29 07:41:37	39	0	1	0
      124	2023-08-29 07:44:46	39	0	1	0
       80	2023-08-29 07:45:24	39	0	1	0
       31	2023-08-29 07:49:52	39	0	1	0
      525	2023-08-29 07:50:12	39	0	1	0
       23	2023-08-29 07:51:20	39	0	1	0
      281	2023-08-29 07:53:45	39	0	1	0
     2248	2023-08-29 07:53:58	39	0	1	0
     2248	2023-08-29 07:54:01	39	0	1	0
      652	2023-08-29 07:56:15	39	0	1	0
      652	2023-08-29 07:56:18	39	0	1	0
       43	2023-08-29 07:57:31	39	0	1	0
      649	2023-08-29 08:08:22	39	0	1	0
      649	2023-08-29 08:08:26	39	0	1	0
       86	2023-08-29 08:13:06	39	0	1	0
      750	2023-08-29 12:00:11	39	1	1	0
      652	2023-08-29 12:00:18	39	1	1	0
       43	2023-08-29 12:00:57	39	0	1	0
      750	2023-08-29 12:03:33	39	0	1	0
      652	2023-08-29 12:04:01	39	0	1	0
       86	2023-08-29 12:04:52	39	1	1	0
      377	2023-08-29 12:05:08	39	1	1	0
      649	2023-08-29 12:05:19	39	1	1	0
       80	2023-08-29 12:05:26	39	1	1	0
       86	2023-08-29 12:05:40	39	0	1	0
      124	2023-08-29 12:05:47	39	1	1	0
      251	2023-08-29 12:05:56	39	1	1	0
      377	2023-08-29 12:09:11	39	0	1	0
       23	2023-08-29 12:11:00	39	1	1	0
       96	2023-08-29 12:11:36	39	1	1	0
       96	2023-08-29 12:11:38	39	1	1	0
      124	2023-08-29 12:12:20	39	0	1	0
       23	2023-08-29 12:13:02	39	0	1	0
      649	2023-08-29 12:15:13	39	0	1	0
       80	2023-08-29 12:15:50	39	1	1	0
       80	2023-08-29 12:16:15	39	0	1	0
       96	2023-08-29 12:29:01	39	0	1	0
       96	2023-08-29 12:29:03	39	0	1	0
     2425	2023-08-29 12:32:50	39	1	1	0
     2425	2023-08-29 12:37:31	39	0	1	0
      281	2023-08-29 12:38:47	39	1	1	0
      251	2023-08-29 12:38:57	39	0	1	0
      281	2023-08-29 12:39:04	39	0	1	0
       43	2023-08-29 12:42:51	39	0	1	0
     1893	2023-08-29 12:55:50	39	0	1	0
      652	2023-08-29 17:00:07	39	1	1	0
      652	2023-08-29 17:00:10	39	1	1	0
      750	2023-08-29 17:00:16	39	1	1	0
      129	2023-08-29 17:00:24	39	1	1	0
      251	2023-08-29 17:00:30	39	1	1	0
      123	2023-08-29 17:00:37	39	1	1	0
       80	2023-08-29 17:01:04	39	1	1	0
      124	2023-08-29 17:01:15	39	1	1	0
     2425	2023-08-29 17:01:53	39	1	1	0
      377	2023-08-29 17:01:59	39	1	1	0
      281	2023-08-29 17:02:02	39	1	1	0
      281	2023-08-29 17:02:05	39	1	1	0
       23	2023-08-29 17:02:14	39	1	1	0
      649	2023-08-29 17:02:39	39	1	1	0
      649	2023-08-29 17:02:42	39	1	1	0
       86	2023-08-29 17:02:52	39	1	1	0
       43	2023-08-29 17:03:03	39	1	1	0
       96	2023-08-29 17:12:18	39	1	1	0
       96	2023-08-29 17:12:21	39	1	1	0
     1893	2023-08-29 19:12:25	39	1	1	0
      123	2023-08-30 07:12:09	39	0	1	0
      251	2023-08-30 07:31:11	39	0	1	0
       96	2023-08-30 07:31:20	39	0	1	0
       96	2023-08-30 07:31:22	39	0	1	0
      377	2023-08-30 07:31:50	39	0	1	0
     2248	2023-08-30 07:37:22	39	0	1	0
     2248	2023-08-30 07:37:27	39	0	1	0
      124	2023-08-30 07:39:20	39	0	1	0
      750	2023-08-30 07:40:30	39	0	1	0
      525	2023-08-30 07:45:44	39	0	1	0
      129	2023-08-30 07:49:19	39	0	1	0
      129	2023-08-30 07:49:22	39	0	1	0
      649	2023-08-30 07:49:40	39	0	1	0
      649	2023-08-30 07:49:43	39	0	1	0
     2425	2023-08-30 07:50:29	39	0	1	0
       43	2023-08-30 07:51:04	39	0	1	0
       23	2023-08-30 07:52:42	39	0	1	0
     1893	2023-08-30 07:53:03	39	0	1	0
       80	2023-08-30 07:54:17	39	0	1	0
      652	2023-08-30 07:54:47	39	0	1	0
      652	2023-08-30 07:54:51	39	0	1	0
      281	2023-08-30 07:58:37	39	0	1	0
       86	2023-08-30 08:02:01	39	0	1	0
      750	2023-08-30 12:01:19	39	1	1	0
       80	2023-08-30 12:01:28	39	1	1	0
       23	2023-08-30 12:01:39	39	1	1	0
      649	2023-08-30 12:01:50	39	1	1	0
      525	2023-08-30 12:02:39	39	1	1	0
      750	2023-08-30 12:03:45	39	0	1	0
      649	2023-08-30 12:03:50	39	0	1	0
       80	2023-08-30 12:03:55	39	0	1	0
       23	2023-08-30 12:04:00	39	0	1	0
      124	2023-08-30 12:04:38	39	1	1	0
      251	2023-08-30 12:05:44	39	1	1	0
      129	2023-08-30 12:05:54	39	1	1	0
     2425	2023-08-30 12:05:58	39	1	1	0
      652	2023-08-30 12:06:55	39	1	1	0
     2425	2023-08-30 12:07:23	39	0	1	0
       86	2023-08-30 12:10:27	39	1	1	0
     1893	2023-08-30 12:11:04	39	1	1	0
      123	2023-08-30 12:11:35	39	1	1	0
       86	2023-08-30 12:12:09	39	0	1	0
      129	2023-08-30 12:14:07	39	0	1	0
      123	2023-08-30 12:17:30	39	0	1	0
       43	2023-08-30 12:18:17	39	1	1	0
      124	2023-08-30 12:18:38	39	0	1	0
       43	2023-08-30 12:20:05	39	0	1	0
      652	2023-08-30 12:21:23	39	0	1	0
      525	2023-08-30 12:34:14	39	0	1	0
      377	2023-08-30 12:37:48	39	1	1	0
     1893	2023-08-30 12:37:58	39	1	1	0
     1893	2023-08-30 12:38:06	39	0	1	0
      251	2023-08-30 12:38:10	39	0	1	0
     1893	2023-08-30 12:43:04	39	0	1	0
      377	2023-08-30 12:44:40	39	0	1	0
      525	2023-08-30 12:46:48	39	0	1	0
      525	2023-08-30 17:00:02	39	1	1	0
       80	2023-08-30 17:00:07	39	1	1	0
      377	2023-08-30 17:00:12	39	1	1	0
      251	2023-08-30 17:00:17	39	1	1	0
     2425	2023-08-30 17:00:24	39	1	1	0
      124	2023-08-30 17:00:29	39	1	1	0
     1893	2023-08-30 17:00:36	39	1	1	0
       43	2023-08-30 17:00:41	39	1	1	0
      129	2023-08-30 17:00:46	39	1	1	0
      750	2023-08-30 17:00:51	39	1	1	0
      649	2023-08-30 17:00:55	39	1	1	0
      649	2023-08-30 17:00:58	39	1	1	0
      129	2023-08-30 17:01:08	39	1	1	0
      123	2023-08-30 17:01:39	39	1	1	0
       23	2023-08-30 17:02:00	39	1	1	0
       86	2023-08-30 17:02:12	39	1	1	0
      652	2023-08-30 17:04:27	39	1	1	0
      652	2023-08-30 17:04:30	39	1	1	0
     2248	2023-08-30 18:18:44	39	1	1	0
     2248	2023-08-30 18:18:47	39	1	1	0
      281	2023-08-30 18:19:07	39	1	1	0
       96	2023-08-30 18:19:40	39	1	1	0
       96	2023-08-30 18:19:43	39	1	1	0
       23	2023-08-31 07:04:12	39	0	1	0
      251	2023-08-31 07:36:44	39	0	1	0
      649	2023-08-31 07:47:36	39	0	1	0
      649	2023-08-31 07:47:39	39	0	1	0
      129	2023-08-31 07:47:58	39	0	1	0
      129	2023-08-31 07:48:00	39	0	1	0
      124	2023-08-31 07:49:42	39	0	1	0
       80	2023-08-31 07:51:03	39	0	1	0
      525	2023-08-31 07:51:34	39	0	1	0
       86	2023-08-31 07:54:06	39	0	1	0
     2425	2023-08-31 07:54:17	39	0	1	0
      750	2023-08-31 07:54:25	39	0	1	0
      652	2023-08-31 07:56:12	39	0	1	0
      652	2023-08-31 07:56:15	39	0	1	0
      281	2023-08-31 07:56:24	39	0	1	0
      123	2023-08-31 07:57:30	39	0	1	0
       96	2023-08-31 08:01:15	39	0	1	0
       96	2023-08-31 08:01:18	39	0	1	0
     2248	2023-08-31 08:01:21	39	0	1	0
     2248	2023-08-31 08:01:26	39	0	1	0
       43	2023-08-31 08:07:47	39	0	1	0
     1893	2023-08-31 08:08:14	39	0	1	0
       96	2023-08-31 12:02:05	39	1	1	0
       96	2023-08-31 12:02:07	39	1	1	0
      750	2023-08-31 12:02:29	39	1	1	0
      129	2023-08-31 12:02:35	39	1	1	0
      124	2023-08-31 12:02:52	39	1	1	0
      251	2023-08-31 12:04:18	39	1	1	0
      750	2023-08-31 12:05:28	39	0	1	0
       23	2023-08-31 12:05:57	39	1	1	0
      123	2023-08-31 12:08:12	39	1	1	0
       23	2023-08-31 12:08:45	39	0	1	0
       43	2023-08-31 12:09:06	39	1	1	0
      649	2023-08-31 12:09:28	39	1	1	0
      129	2023-08-31 12:10:07	39	0	1	0
      649	2023-08-31 12:11:30	39	0	1	0
       86	2023-08-31 12:15:22	39	1	1	0
       86	2023-08-31 12:17:01	39	0	1	0
      123	2023-08-31 12:17:27	39	0	1	0
     1893	2023-08-31 12:19:24	39	1	1	0
       43	2023-08-31 12:20:31	39	0	1	0
      652	2023-08-31 12:21:23	39	1	1	0
      124	2023-08-31 12:22:56	39	0	1	0
     2425	2023-08-31 12:24:32	39	1	1	0
      281	2023-08-31 12:24:49	39	1	1	0
      281	2023-08-31 12:26:03	39	0	1	0
     2425	2023-08-31 12:26:10	39	0	1	0
       96	2023-08-31 12:26:14	39	0	1	0
       96	2023-08-31 12:26:17	39	0	1	0
     1893	2023-08-31 12:26:23	39	0	1	0
      652	2023-08-31 12:26:27	39	0	1	0
      251	2023-08-31 12:40:43	39	0	1	0
      525	2023-08-31 12:41:15	39	1	1	0
      525	2023-08-31 12:42:02	39	0	1	0
       80	2023-08-31 12:47:57	39	1	1	0
       80	2023-08-31 12:48:34	39	0	1	0
      525	2023-08-31 17:00:01	39	1	1	0
      652	2023-08-31 17:00:35	39	1	1	0
      652	2023-08-31 17:00:39	39	1	1	0
      750	2023-08-31 17:01:53	39	1	1	0
      251	2023-08-31 17:01:58	39	1	1	0
       43	2023-08-31 17:02:27	39	1	1	0
     2425	2023-08-31 17:03:13	39	1	1	0
       80	2023-08-31 17:03:19	39	1	1	0
       96	2023-08-31 17:03:47	39	1	1	0
       96	2023-08-31 17:03:51	39	1	1	0
      124	2023-08-31 17:05:58	39	1	1	0
       23	2023-08-31 17:10:01	39	1	1	0
      649	2023-08-31 17:10:41	39	1	1	0
      649	2023-08-31 17:10:45	39	1	1	0
       86	2023-08-31 17:10:55	39	1	1	0
     2248	2023-08-31 17:12:13	39	1	1	0
     2248	2023-08-31 17:12:16	39	1	1	0
     1893	2023-08-31 17:12:38	39	1	1	0
      281	2023-08-31 17:16:41	39	1	1	0
      123	2023-08-31 17:19:12	39	1	1	0
      129	2023-08-31 17:19:53	39	1	1	0
      129	2023-08-31 17:19:56	39	1	1	0
    10003	2023-09-01 06:13:53	39	0	1	0
      493	2023-09-01 06:14:04	39	0	1	0
      251	2023-09-01 06:30:45	39	0	1	0
      750	2023-09-01 06:44:43	39	0	1	0
     2248	2023-09-01 06:50:30	39	0	1	0
     2248	2023-09-01 06:50:33	39	0	1	0
      123	2023-09-01 07:03:05	39	0	1	0
      377	2023-09-01 07:22:52	39	0	1	0
      649	2023-09-01 07:31:23	39	0	1	0
      649	2023-09-01 07:31:27	39	0	1	0
      525	2023-09-01 07:40:26	39	0	1	0
      652	2023-09-01 07:40:30	39	0	1	0
      124	2023-09-01 07:40:38	39	0	1	0
       80	2023-09-01 07:41:22	39	0	1	0
       96	2023-09-01 07:41:49	39	0	1	0
       96	2023-09-01 07:41:51	39	0	1	0
      129	2023-09-01 07:44:47	39	0	1	0
      129	2023-09-01 07:44:49	39	0	1	0
      281	2023-09-01 07:46:12	39	0	1	0
       23	2023-09-01 07:53:06	39	0	1	0
     2425	2023-09-01 07:54:36	39	0	1	0
     1893	2023-09-01 07:54:41	39	0	1	0
       86	2023-09-01 07:56:07	39	0	1	0
