     1877	2023-07-31 07:29:04	42	0	1	0
      333	2023-07-31 07:32:02	42	0	1	0
      333	2023-07-31 07:32:03	42	0	1	0
      384	2023-07-31 07:37:10	42	0	1	0
      148	2023-07-31 07:43:25	42	0	1	0
      148	2023-07-31 07:43:26	42	0	1	0
     1818	2023-07-31 07:46:17	42	0	1	0
      909	2023-07-31 07:47:07	42	0	1	0
     1528	2023-07-31 07:47:21	42	0	1	0
      924	2023-07-31 07:49:56	42	0	1	0
     1817	2023-07-31 07:50:09	42	0	1	0
      203	2023-07-31 07:50:54	42	0	1	0
      192	2023-07-31 07:55:43	42	0	1	0
      192	2023-07-31 07:55:44	42	0	1	0
      424	2023-07-31 07:58:13	42	0	1	0
      203	2023-07-31 12:02:43	42	1	1	0
      924	2023-07-31 12:05:08	42	1	1	0
      909	2023-07-31 12:05:18	42	1	1	0
      384	2023-07-31 12:06:08	42	1	1	0
      192	2023-07-31 12:06:13	42	1	1	0
      192	2023-07-31 12:06:14	42	1	1	0
     1818	2023-07-31 12:06:41	42	1	1	0
      148	2023-07-31 12:07:00	42	1	1	0
      203	2023-07-31 12:08:39	42	0	1	0
      333	2023-07-31 12:13:54	42	1	1	0
      333	2023-07-31 12:13:57	42	1	1	0
     1528	2023-07-31 12:15:39	42	1	1	0
     1817	2023-07-31 12:15:47	42	1	1	0
     1877	2023-07-31 12:20:15	42	1	1	0
     1818	2023-07-31 12:25:24	42	1	1	0
      909	2023-07-31 12:25:51	42	0	1	0
      192	2023-07-31 12:26:05	42	0	1	0
      192	2023-07-31 12:26:07	42	0	1	0
      333	2023-07-31 12:26:17	42	0	1	0
      333	2023-07-31 12:26:19	42	0	1	0
     1877	2023-07-31 12:26:30	42	0	1	0
      333	2023-07-31 12:26:41	42	0	1	0
     1528	2023-07-31 12:27:17	42	0	1	0
      148	2023-07-31 12:30:53	42	0	1	0
      384	2023-07-31 12:31:01	42	0	1	0
      924	2023-07-31 12:31:39	42	0	1	0
     1818	2023-07-31 12:33:00	42	0	1	0
     1817	2023-07-31 12:34:27	42	0	1	0
      333	2023-07-31 17:00:03	42	0	1	0
      333	2023-07-31 17:00:05	42	0	1	0
      148	2023-07-31 17:00:26	42	1	1	0
      148	2023-07-31 17:00:27	42	1	1	0
     1877	2023-07-31 17:00:38	42	1	1	0
      924	2023-07-31 17:00:48	42	1	1	0
      424	2023-07-31 17:01:07	42	1	1	0
     1817	2023-07-31 17:01:12	42	1	1	0
     1818	2023-07-31 17:01:16	42	1	1	0
     1818	2023-07-31 17:01:17	42	1	1	0
      384	2023-07-31 17:01:22	42	1	1	0
      384	2023-07-31 17:01:24	42	1	1	0
      909	2023-07-31 17:01:31	42	1	1	0
      203	2023-07-31 17:01:37	42	1	1	0
     1528	2023-07-31 17:02:09	42	1	1	0
      192	2023-07-31 17:04:25	42	1	1	0
      192	2023-07-31 17:04:27	42	1	1	0
      192	2023-07-31 17:05:17	42	1	1	0
     1877	2023-08-01 07:21:48	42	0	1	0
     1818	2023-08-01 07:23:43	42	0	1	0
     2647	2023-08-01 07:27:49	42	0	1	0
      924	2023-08-01 07:40:02	42	0	1	0
      384	2023-08-01 07:47:35	42	0	1	0
      203	2023-08-01 07:47:50	42	0	1	0
      192	2023-08-01 07:50:02	42	0	1	0
      192	2023-08-01 07:50:03	42	0	1	0
      148	2023-08-01 07:53:05	42	0	1	0
      148	2023-08-01 07:53:07	42	0	1	0
     1528	2023-08-01 07:56:01	42	0	1	0
     1817	2023-08-01 07:56:26	42	0	1	0
     1817	2023-08-01 07:56:38	42	0	1	0
      909	2023-08-01 07:58:02	42	0	1	0
      333	2023-08-01 08:08:27	42	0	1	0
      333	2023-08-01 08:08:28	42	0	1	0
      203	2023-08-01 12:01:57	42	1	1	0
      333	2023-08-01 12:06:03	42	1	1	0
      333	2023-08-01 12:06:05	42	1	1	0
      203	2023-08-01 12:06:20	42	0	1	0
      909	2023-08-01 12:07:33	42	1	1	0
     2647	2023-08-01 12:09:32	42	1	1	0
      148	2023-08-01 12:10:37	42	1	1	0
     1528	2023-08-01 12:19:13	42	0	1	0
      333	2023-08-01 12:20:26	42	0	1	0
      333	2023-08-01 12:20:28	42	0	1	0
      148	2023-08-01 12:20:35	42	0	1	0
      924	2023-08-01 12:20:46	42	1	1	0
     1528	2023-08-01 12:20:51	42	1	1	0
     2647	2023-08-01 12:21:13	42	0	1	0
      384	2023-08-01 12:23:26	42	1	1	0
      924	2023-08-01 12:31:04	42	0	1	0
      384	2023-08-01 12:35:29	42	0	1	0
      909	2023-08-01 12:35:35	42	0	1	0
     1528	2023-08-01 12:35:48	42	0	1	0
     2647	2023-08-01 17:00:25	42	1	1	0
      333	2023-08-01 17:00:29	42	1	1	0
      333	2023-08-01 17:00:32	42	1	1	0
      924	2023-08-01 17:00:38	42	1	1	0
      203	2023-08-01 17:00:49	42	1	1	0
      148	2023-08-01 17:02:13	42	1	1	0
     1818	2023-08-01 17:02:18	42	1	1	0
     1817	2023-08-01 17:02:23	42	1	1	0
      384	2023-08-01 17:02:48	42	1	1	0
      384	2023-08-01 17:02:54	42	1	1	0
     1818	2023-08-01 17:02:58	42	1	1	0
      192	2023-08-01 17:03:50	42	1	1	0
      192	2023-08-01 17:03:51	42	1	1	0
      909	2023-08-01 17:06:34	42	1	1	0
     1877	2023-08-01 17:06:48	42	1	1	0
     1528	2023-08-01 17:06:56	42	1	1	0
     1528	2023-08-01 17:06:57	42	1	1	0
     1877	2023-08-02 07:36:16	42	0	1	0
     2647	2023-08-02 07:40:00	42	0	1	0
      333	2023-08-02 07:43:59	42	0	1	0
      333	2023-08-02 07:44:01	42	0	1	0
      384	2023-08-02 07:45:01	42	0	1	0
      924	2023-08-02 07:46:44	42	0	1	0
      192	2023-08-02 07:50:08	42	0	1	0
      192	2023-08-02 07:50:09	42	0	1	0
     1528	2023-08-02 07:51:35	42	0	1	0
      909	2023-08-02 07:52:22	42	0	1	0
      424	2023-08-02 07:54:47	42	0	1	0
     1817	2023-08-02 07:58:04	42	0	1	0
      148	2023-08-02 08:02:23	42	0	1	0
      148	2023-08-02 08:02:29	42	0	1	0
      333	2023-08-02 12:01:08	42	1	1	0
      333	2023-08-02 12:01:09	42	1	1	0
     1877	2023-08-02 12:01:21	42	1	1	0
     2647	2023-08-02 12:01:30	42	1	1	0
     1528	2023-08-02 12:01:42	42	1	1	0
     1818	2023-08-02 12:02:29	42	1	1	0
      148	2023-08-02 12:03:54	42	1	1	0
     1817	2023-08-02 12:05:03	42	1	1	0
      909	2023-08-02 12:07:12	42	1	1	0
      384	2023-08-02 12:13:13	42	1	1	0
      148	2023-08-02 12:15:29	42	0	1	0
      333	2023-08-02 12:16:02	42	0	1	0
      333	2023-08-02 12:16:04	42	0	1	0
      924	2023-08-02 12:18:02	42	1	1	0
     2647	2023-08-02 12:19:56	42	0	1	0
     1817	2023-08-02 12:21:17	42	0	1	0
      384	2023-08-02 12:21:41	42	0	1	0
     1877	2023-08-02 12:22:18	42	0	1	0
      909	2023-08-02 12:23:10	42	0	1	0
      924	2023-08-02 12:24:37	42	0	1	0
     1528	2023-08-02 12:47:15	42	0	1	0
     2647	2023-08-02 17:00:13	42	1	1	0
      924	2023-08-02 17:00:31	42	1	1	0
     1818	2023-08-02 17:00:36	42	1	1	0
      333	2023-08-02 17:00:41	42	1	1	0
      333	2023-08-02 17:00:43	42	1	1	0
      192	2023-08-02 17:02:30	42	1	1	0
      192	2023-08-02 17:02:31	42	1	1	0
      148	2023-08-02 17:02:37	42	1	1	0
      424	2023-08-02 17:03:05	42	1	1	0
     1877	2023-08-02 17:03:12	42	1	1	0
     1817	2023-08-02 17:03:18	42	1	1	0
      384	2023-08-02 17:03:24	42	1	1	0
      384	2023-08-02 17:03:37	42	1	1	0
      909	2023-08-02 17:03:43	42	1	1	0
     1528	2023-08-02 17:34:00	42	1	1	0
     1528	2023-08-02 21:18:35	42	1	1	0
     1877	2023-08-03 07:05:56	42	0	1	0
     1818	2023-08-03 07:21:20	42	0	1	0
     2647	2023-08-03 07:35:28	42	0	1	0
     2647	2023-08-03 07:40:28	42	0	1	0
      924	2023-08-03 07:48:19	42	0	1	0
      192	2023-08-03 07:50:10	42	0	1	0
      192	2023-08-03 07:50:11	42	0	1	0
      333	2023-08-03 07:54:14	42	0	1	0
      333	2023-08-03 07:54:15	42	0	1	0
     1528	2023-08-03 07:55:01	42	0	1	0
      909	2023-08-03 07:57:45	42	0	1	0
      424	2023-08-03 08:01:32	42	0	1	0
     1817	2023-08-03 08:05:59	42	0	1	0
      148	2023-08-03 12:01:35	42	0	1	0
      909	2023-08-03 12:05:59	42	1	1	0
      333	2023-08-03 12:07:20	42	1	1	0
      333	2023-08-03 12:07:21	42	1	1	0
     1528	2023-08-03 12:07:50	42	1	1	0
     1817	2023-08-03 12:09:07	42	1	1	0
     1818	2023-08-03 12:11:12	42	1	1	0
      924	2023-08-03 12:12:56	42	1	1	0
     1818	2023-08-03 12:15:25	42	0	1	0
     1817	2023-08-03 12:20:29	42	0	1	0
      909	2023-08-03 12:20:45	42	0	1	0
      333	2023-08-03 12:24:24	42	0	1	0
      333	2023-08-03 12:24:25	42	0	1	0
     2647	2023-08-03 12:32:02	42	1	1	0
     2647	2023-08-03 12:32:29	42	1	1	0
      924	2023-08-03 12:35:27	42	0	1	0
     2647	2023-08-03 12:44:13	42	0	1	0
     1528	2023-08-03 12:51:32	42	0	1	0
      924	2023-08-03 17:00:19	42	1	1	0
      924	2023-08-03 17:00:24	42	1	1	0
     2647	2023-08-03 17:00:28	42	1	1	0
      424	2023-08-03 17:01:02	42	1	1	0
     1818	2023-08-03 17:01:06	42	1	1	0
     1877	2023-08-03 17:01:17	42	1	1	0
      148	2023-08-03 17:01:22	42	1	1	0
      148	2023-08-03 17:01:29	42	1	1	0
      192	2023-08-03 17:01:35	42	1	1	0
      192	2023-08-03 17:01:37	42	1	1	0
      333	2023-08-03 17:01:43	42	1	1	0
      333	2023-08-03 17:01:44	42	1	1	0
     1817	2023-08-03 17:01:49	42	1	1	0
      909	2023-08-03 17:01:54	42	1	1	0
     1528	2023-08-03 17:01:59	42	1	1	0
     1818	2023-08-04 07:20:55	42	0	1	0
     1877	2023-08-04 07:26:50	42	0	1	0
     2647	2023-08-04 07:27:43	42	0	1	0
     2647	2023-08-04 07:28:54	42	0	1	0
      333	2023-08-04 07:44:52	42	0	1	0
      333	2023-08-04 07:44:53	42	0	1	0
      924	2023-08-04 07:49:52	42	0	1	0
      192	2023-08-04 07:50:00	42	0	1	0
      192	2023-08-04 07:50:02	42	0	1	0
      148	2023-08-04 07:55:38	42	0	1	0
      148	2023-08-04 07:55:47	42	0	1	0
     1528	2023-08-04 07:56:03	42	0	1	0
      909	2023-08-04 07:56:09	42	0	1	0
     1817	2023-08-04 08:03:20	42	0	1	0
      424	2023-08-04 08:05:08	42	0	1	0
     1877	2023-08-04 12:01:16	42	1	1	0
     1818	2023-08-04 12:01:35	42	1	1	0
      333	2023-08-04 12:01:47	42	1	1	0
      333	2023-08-04 12:01:48	42	1	1	0
      148	2023-08-04 12:03:35	42	1	1	0
      192	2023-08-04 12:03:51	42	1	1	0
      192	2023-08-04 12:03:52	42	1	1	0
     2647	2023-08-04 12:04:49	42	1	1	0
      909	2023-08-04 12:05:40	42	1	1	0
      924	2023-08-04 12:05:58	42	1	1	0
      424	2023-08-04 12:06:43	42	1	1	0
      192	2023-08-04 12:10:08	42	0	1	0
      192	2023-08-04 12:10:10	42	0	1	0
      333	2023-08-04 12:10:22	42	0	1	0
      333	2023-08-04 12:10:24	42	0	1	0
     1818	2023-08-04 12:16:54	42	0	1	0
     1877	2023-08-04 12:22:22	42	0	1	0
     1528	2023-08-04 12:23:04	42	1	1	0
      148	2023-08-04 12:26:31	42	0	1	0
      424	2023-08-04 12:26:35	42	0	1	0
      924	2023-08-04 12:30:24	42	0	1	0
     2647	2023-08-04 12:30:32	42	0	1	0
     1818	2023-08-04 12:31:40	42	0	1	0
      909	2023-08-04 12:32:50	42	0	1	0
      909	2023-08-04 12:48:19	42	0	1	0
     1528	2023-08-04 12:54:58	42	0	1	0
     2647	2023-08-04 17:00:10	42	1	1	0
      924	2023-08-04 17:00:20	42	1	1	0
      424	2023-08-04 17:00:24	42	1	1	0
     1818	2023-08-04 17:00:29	42	1	1	0
      333	2023-08-04 17:01:19	42	1	1	0
      333	2023-08-04 17:01:21	42	1	1	0
      192	2023-08-04 17:01:32	42	1	1	0
      192	2023-08-04 17:01:33	42	1	1	0
      148	2023-08-04 17:03:26	42	1	1	0
     1877	2023-08-04 17:04:00	42	1	1	0
      909	2023-08-04 17:04:07	42	1	1	0
     1817	2023-08-04 17:07:04	42	1	1	0
     1528	2023-08-04 17:16:25	42	1	1	0
     1528	2023-08-04 20:41:12	42	1	1	0
     1528	2023-08-04 20:41:13	42	1	1	0
     1528	2023-08-04 20:42:19	42	1	1	0
     2647	2023-08-05 06:20:17	42	0	1	0
     2647	2023-08-05 06:20:45	42	0	1	0
      203	2023-08-05 08:11:33	42	0	1	0
      203	2023-08-05 12:00:37	42	1	1	0
      203	2023-08-05 12:05:03	42	0	1	0
     2647	2023-08-05 12:12:05	42	1	1	0
     2647	2023-08-05 12:12:34	42	1	1	0
     2647	2023-08-05 12:14:05	42	0	1	0
     2647	2023-08-05 17:00:10	42	1	1	0
      203	2023-08-05 17:00:19	42	1	1	0
      203	2023-08-06 06:04:11	42	0	1	0
      203	2023-08-06 12:08:53	42	1	1	0
      203	2023-08-06 12:14:02	42	0	1	0
      203	2023-08-06 17:03:06	42	1	1	0
     1877	2023-08-07 07:20:44	42	0	1	0
      203	2023-08-07 07:30:16	42	0	1	0
     1818	2023-08-07 07:30:22	42	0	1	0
      384	2023-08-07 07:42:10	42	0	1	0
      924	2023-08-07 07:42:44	42	0	1	0
      333	2023-08-07 07:43:07	42	0	1	0
      333	2023-08-07 07:43:08	42	0	1	0
      192	2023-08-07 07:48:00	42	0	1	0
      192	2023-08-07 07:48:01	42	0	1	0
      424	2023-08-07 07:49:13	42	0	1	0
      909	2023-08-07 07:50:57	42	0	1	0
      148	2023-08-07 07:51:04	42	0	1	0
      148	2023-08-07 07:51:05	42	0	1	0
     1817	2023-08-07 07:55:34	42	0	1	0
     1528	2023-08-07 07:56:49	42	0	1	0
      909	2023-08-07 12:04:38	42	1	1	0
     1528	2023-08-07 12:05:40	42	1	1	0
      203	2023-08-07 12:12:15	42	1	1	0
      333	2023-08-07 12:12:26	42	1	1	0
      384	2023-08-07 12:15:01	42	1	1	0
      203	2023-08-07 12:17:08	42	0	1	0
      148	2023-08-07 12:18:21	42	1	1	0
      924	2023-08-07 12:22:00	42	1	1	0
     1817	2023-08-07 12:23:36	42	1	1	0
      909	2023-08-07 12:25:05	42	0	1	0
      148	2023-08-07 12:31:06	42	0	1	0
      333	2023-08-07 12:32:00	42	0	1	0
      333	2023-08-07 12:32:02	42	0	1	0
     1528	2023-08-07 12:32:07	42	0	1	0
     1817	2023-08-07 12:37:52	42	0	1	0
      924	2023-08-07 12:38:29	42	0	1	0
      333	2023-08-07 17:01:04	42	0	1	0
      333	2023-08-07 17:01:20	42	1	1	0
      333	2023-08-07 17:01:21	42	1	1	0
      924	2023-08-07 17:01:27	42	1	1	0
     1818	2023-08-07 17:01:32	42	1	1	0
      192	2023-08-07 17:01:53	42	1	1	0
      192	2023-08-07 17:01:55	42	1	1	0
     1818	2023-08-07 17:02:00	42	1	1	0
      424	2023-08-07 17:04:10	42	1	1	0
      148	2023-08-07 17:04:15	42	1	1	0
      384	2023-08-07 17:04:50	42	1	1	0
     1528	2023-08-07 17:04:58	42	1	1	0
      203	2023-08-07 17:05:35	42	1	1	0
     1817	2023-08-07 17:27:00	42	1	1	0
     1877	2023-08-07 17:27:05	42	1	1	0
     1818	2023-08-08 07:20:28	42	0	1	0
     1528	2023-08-08 07:27:46	42	0	1	0
     1528	2023-08-08 07:27:49	42	0	1	0
      924	2023-08-08 07:33:51	42	0	1	0
     2647	2023-08-08 07:33:56	42	0	1	0
      424	2023-08-08 07:39:56	42	0	1	0
     1877	2023-08-08 07:41:51	42	0	1	0
      203	2023-08-08 07:48:18	42	0	1	0
      192	2023-08-08 07:48:45	42	0	1	0
      192	2023-08-08 07:48:46	42	0	1	0
      148	2023-08-08 07:51:45	42	0	1	0
      148	2023-08-08 07:51:47	42	0	1	0
      909	2023-08-08 07:52:09	42	0	1	0
      384	2023-08-08 07:57:13	42	0	1	0
      333	2023-08-08 07:57:44	42	0	1	0
      333	2023-08-08 07:57:45	42	0	1	0
     1817	2023-08-08 08:01:14	42	0	1	0
     1877	2023-08-08 12:00:13	42	1	1	0
     2647	2023-08-08 12:01:21	42	1	1	0
      203	2023-08-08 12:01:35	42	1	1	0
     2647	2023-08-08 12:01:39	42	1	1	0
     1817	2023-08-08 12:01:45	42	1	1	0
      924	2023-08-08 12:02:21	42	1	1	0
      148	2023-08-08 12:02:40	42	1	1	0
      909	2023-08-08 12:03:28	42	1	1	0
     1818	2023-08-08 12:06:05	42	1	1	0
      203	2023-08-08 12:07:40	42	0	1	0
      333	2023-08-08 12:08:11	42	1	1	0
     1528	2023-08-08 12:10:06	42	1	1	0
      384	2023-08-08 12:10:24	42	1	1	0
      148	2023-08-08 12:11:02	42	0	1	0
     1754	2023-08-08 12:11:53	42	0	1	0
      333	2023-08-08 12:15:32	42	0	1	0
      333	2023-08-08 12:15:34	42	0	1	0
     2647	2023-08-08 12:16:44	42	0	1	0
     1818	2023-08-08 12:19:15	42	0	1	0
     1877	2023-08-08 12:20:45	42	0	1	0
      909	2023-08-08 12:21:15	42	0	1	0
      384	2023-08-08 12:21:26	42	0	1	0
     1528	2023-08-08 12:23:02	42	0	1	0
      924	2023-08-08 12:35:31	42	0	1	0
     1817	2023-08-08 12:35:36	42	0	1	0
      924	2023-08-08 17:00:18	42	1	1	0
     2647	2023-08-08 17:00:22	42	1	1	0
     1754	2023-08-08 17:00:32	42	1	1	0
      333	2023-08-08 17:01:04	42	1	1	0
      333	2023-08-08 17:01:05	42	1	1	0
     1818	2023-08-08 17:01:10	42	1	1	0
      424	2023-08-08 17:01:16	42	1	1	0
     1528	2023-08-08 17:01:22	42	1	1	0
      424	2023-08-08 17:01:26	42	1	1	0
      148	2023-08-08 17:01:32	42	1	1	0
      384	2023-08-08 17:01:45	42	1	1	0
      384	2023-08-08 17:01:46	42	1	1	0
      909	2023-08-08 17:02:10	42	1	1	0
     1817	2023-08-08 17:02:28	42	1	1	0
     1817	2023-08-08 17:02:34	42	1	1	0
      384	2023-08-08 17:02:38	42	1	1	0
      203	2023-08-08 17:03:28	42	1	1	0
      192	2023-08-08 17:04:11	42	1	1	0
      192	2023-08-08 17:04:13	42	1	1	0
     1877	2023-08-08 17:10:59	42	1	1	0
     1754	2023-08-09 07:16:51	42	1	1	0
     1754	2023-08-09 07:16:59	42	0	1	0
     1818	2023-08-09 07:22:15	42	0	1	0
     1528	2023-08-09 07:37:16	42	0	1	0
     1528	2023-08-09 07:37:17	42	0	1	0
     1877	2023-08-09 07:37:33	42	0	1	0
     2647	2023-08-09 07:38:31	42	0	1	0
      333	2023-08-09 07:39:24	42	0	1	0
      333	2023-08-09 07:39:25	42	0	1	0
      148	2023-08-09 07:44:13	42	0	1	0
      148	2023-08-09 07:44:14	42	0	1	0
      192	2023-08-09 07:46:28	42	0	1	0
      192	2023-08-09 07:46:29	42	0	1	0
      424	2023-08-09 07:46:35	42	0	1	0
      924	2023-08-09 07:49:36	42	0	1	0
      909	2023-08-09 07:53:53	42	0	1	0
      909	2023-08-09 07:54:01	42	0	1	0
      384	2023-08-09 08:01:06	42	0	1	0
      203	2023-08-09 08:02:04	42	0	1	0
     1817	2023-08-09 08:02:17	42	0	1	0
     2647	2023-08-09 12:01:09	42	1	1	0
      203	2023-08-09 12:01:22	42	1	1	0
     1754	2023-08-09 12:01:40	42	1	1	0
     1528	2023-08-09 12:03:12	42	1	1	0
     2647	2023-08-09 12:03:29	42	1	1	0
      909	2023-08-09 12:04:00	42	1	1	0
     1818	2023-08-09 12:05:34	42	1	1	0
      333	2023-08-09 12:07:46	42	1	1	0
      333	2023-08-09 12:07:47	42	1	1	0
     1754	2023-08-09 12:07:59	42	0	1	0
      203	2023-08-09 12:08:11	42	0	1	0
     1817	2023-08-09 12:08:18	42	1	1	0
      924	2023-08-09 12:08:36	42	1	1	0
     2647	2023-08-09 12:09:01	42	0	1	0
     1817	2023-08-09 12:21:25	42	0	1	0
      924	2023-08-09 12:22:25	42	0	1	0
     1818	2023-08-09 12:27:05	42	0	1	0
      333	2023-08-09 12:28:54	42	0	1	0
      333	2023-08-09 12:28:56	42	0	1	0
      909	2023-08-09 12:35:27	42	0	1	0
     1528	2023-08-09 12:36:02	42	0	1	0
     2647	2023-08-09 17:00:06	42	1	1	0
      924	2023-08-09 17:00:51	42	1	1	0
      924	2023-08-09 17:00:57	42	1	1	0
     1754	2023-08-09 17:01:36	42	1	1	0
     1818	2023-08-09 17:02:00	42	1	1	0
      333	2023-08-09 17:03:13	42	1	1	0
      333	2023-08-09 17:03:14	42	1	1	0
      909	2023-08-09 17:03:25	42	1	1	0
      148	2023-08-09 17:03:31	42	1	1	0
      148	2023-08-09 17:03:32	42	1	1	0
      384	2023-08-09 17:03:38	42	1	1	0
      384	2023-08-09 17:03:39	42	1	1	0
      424	2023-08-09 17:03:44	42	1	1	0
     1528	2023-08-09 17:03:51	42	1	1	0
     1817	2023-08-09 17:04:03	42	1	1	0
     1877	2023-08-09 17:05:09	42	1	1	0
      203	2023-08-09 17:10:11	42	1	1	0
      192	2023-08-09 17:56:40	42	1	1	0
      192	2023-08-09 17:56:41	42	1	1	0
     1754	2023-08-10 07:04:37	42	1	1	0
     1754	2023-08-10 07:04:48	42	0	1	0
      333	2023-08-10 07:18:23	42	0	1	0
      333	2023-08-10 07:18:24	42	0	1	0
     2647	2023-08-10 07:29:42	42	0	1	0
     1877	2023-08-10 07:38:56	42	0	1	0
     1818	2023-08-10 07:39:26	42	0	1	0
      192	2023-08-10 07:48:07	42	0	1	0
      192	2023-08-10 07:48:09	42	0	1	0
      148	2023-08-10 07:50:02	42	0	1	0
      148	2023-08-10 07:50:03	42	0	1	0
      924	2023-08-10 07:50:40	42	0	1	0
      909	2023-08-10 07:53:51	42	0	1	0
      424	2023-08-10 07:55:10	42	0	1	0
     1528	2023-08-10 07:55:56	42	0	1	0
     1817	2023-08-10 07:58:37	42	0	1	0
      384	2023-08-10 08:03:43	42	0	1	0
     1528	2023-08-10 12:01:10	42	1	1	0
      148	2023-08-10 12:01:28	42	1	1	0
     1817	2023-08-10 12:01:33	42	1	1	0
     1817	2023-08-10 12:01:41	42	1	1	0
      909	2023-08-10 12:02:54	42	1	1	0
      333	2023-08-10 12:04:13	42	1	1	0
      333	2023-08-10 12:04:15	42	1	1	0
     1754	2023-08-10 12:05:32	42	1	1	0
      924	2023-08-10 12:05:53	42	1	1	0
     2647	2023-08-10 12:07:17	42	1	1	0
      384	2023-08-10 12:09:38	42	1	1	0
      148	2023-08-10 12:10:49	42	0	1	0
      148	2023-08-10 12:10:50	42	0	1	0
     1754	2023-08-10 12:13:14	42	0	1	0
      924	2023-08-10 12:14:26	42	1	1	0
     2647	2023-08-10 12:17:59	42	0	1	0
     2647	2023-08-10 12:18:26	42	0	1	0
      909	2023-08-10 12:28:11	42	0	1	0
      924	2023-08-10 12:29:01	42	0	1	0
     1817	2023-08-10 12:29:04	42	0	1	0
      384	2023-08-10 12:30:17	42	0	1	0
      333	2023-08-10 12:33:36	42	0	1	0
      333	2023-08-10 12:33:38	42	0	1	0
     1528	2023-08-10 12:38:14	42	0	1	0
     2647	2023-08-10 17:01:05	42	1	1	0
      333	2023-08-10 17:01:07	42	1	1	0
      333	2023-08-10 17:01:16	42	1	1	0
     1877	2023-08-10 17:01:21	42	1	1	0
     1754	2023-08-10 17:01:26	42	1	1	0
      148	2023-08-10 17:01:31	42	1	1	0
     1817	2023-08-10 17:02:03	42	1	1	0
      148	2023-08-10 17:02:26	42	1	1	0
     1818	2023-08-10 17:02:55	42	1	1	0
      424	2023-08-10 17:03:01	42	1	1	0
      924	2023-08-10 17:03:19	42	1	1	0
      384	2023-08-10 17:03:23	42	1	1	0
      384	2023-08-10 17:03:25	42	1	1	0
      909	2023-08-10 17:03:32	42	1	1	0
      192	2023-08-10 17:24:51	42	1	1	0
      192	2023-08-10 17:24:52	42	1	1	0
     1528	2023-08-10 20:01:32	42	1	1	0
     1528	2023-08-10 20:01:36	42	1	1	0
     1754	2023-08-11 06:58:43	42	0	1	0
     1877	2023-08-11 07:00:15	42	0	1	0
     1818	2023-08-11 07:18:03	42	0	1	0
      924	2023-08-11 07:36:09	42	0	1	0
     2647	2023-08-11 07:42:38	42	0	1	0
      333	2023-08-11 07:45:58	42	0	1	0
      333	2023-08-11 07:46:00	42	0	1	0
      424	2023-08-11 07:47:46	42	0	1	0
      148	2023-08-11 07:53:45	42	0	1	0
      148	2023-08-11 07:53:47	42	0	1	0
      909	2023-08-11 07:57:03	42	0	1	0
     1817	2023-08-11 07:57:49	42	0	1	0
     1528	2023-08-11 08:00:44	42	0	1	0
     1528	2023-08-11 08:00:45	42	0	1	0
      192	2023-08-11 08:02:15	42	0	1	0
      192	2023-08-11 08:02:16	42	0	1	0
     1528	2023-08-11 12:02:14	42	1	1	0
      924	2023-08-11 12:02:27	42	1	1	0
      333	2023-08-11 12:04:15	42	1	1	0
      333	2023-08-11 12:04:17	42	1	1	0
     1754	2023-08-11 12:06:07	42	1	1	0
      148	2023-08-11 12:08:33	42	1	1	0
      909	2023-08-11 12:11:57	42	1	1	0
     1754	2023-08-11 12:15:47	42	0	1	0
     1528	2023-08-11 12:17:50	42	0	1	0
      148	2023-08-11 12:18:32	42	0	1	0
      924	2023-08-11 12:23:08	42	0	1	0
      192	2023-08-11 12:23:26	42	1	1	0
      192	2023-08-11 12:23:27	42	1	1	0
      909	2023-08-11 12:28:13	42	0	1	0
      333	2023-08-11 12:29:58	42	0	1	0
      333	2023-08-11 12:30:00	42	0	1	0
      192	2023-08-11 12:33:56	42	0	1	0
      192	2023-08-11 12:33:58	42	0	1	0
     1528	2023-08-11 12:34:35	42	0	1	0
      192	2023-08-11 12:37:17	42	0	1	0
      192	2023-08-11 12:37:18	42	0	1	0
     1818	2023-08-11 12:43:33	42	1	1	0
     2647	2023-08-11 12:45:28	42	1	1	0
      333	2023-08-11 12:45:44	42	0	1	0
     2647	2023-08-11 12:45:53	42	1	1	0
     1818	2023-08-11 12:50:48	42	0	1	0
     2647	2023-08-11 12:51:02	42	0	1	0
     1817	2023-08-11 12:53:56	42	1	1	0
     1817	2023-08-11 12:55:41	42	0	1	0
      424	2023-08-11 17:00:02	42	1	1	0
      924	2023-08-11 17:00:08	42	1	1	0
     1818	2023-08-11 17:00:13	42	1	1	0
     1817	2023-08-11 17:00:18	42	1	1	0
     1877	2023-08-11 17:00:23	42	1	1	0
     2647	2023-08-11 17:00:28	42	1	1	0
     1528	2023-08-11 17:01:15	42	1	1	0
     1528	2023-08-11 17:01:26	42	1	1	0
     1754	2023-08-11 17:02:15	42	1	1	0
      192	2023-08-11 17:02:25	42	1	1	0
      192	2023-08-11 17:02:27	42	1	1	0
      333	2023-08-11 17:03:34	42	1	1	0
      333	2023-08-11 17:03:36	42	1	1	0
      148	2023-08-11 17:03:45	42	1	1	0
      909	2023-08-11 17:05:17	42	1	1	0
      192	2023-08-11 17:06:59	42	1	1	0
     1528	2023-08-11 19:29:22	42	1	1	0
      203	2023-08-12 07:20:18	42	0	1	0
     2647	2023-08-12 07:31:09	42	0	1	0
     2647	2023-08-12 07:31:42	42	0	1	0
     1528	2023-08-12 07:54:28	42	4	1	0
     1528	2023-08-12 07:54:47	42	4	1	0
     2647	2023-08-12 12:03:40	42	1	1	0
      203	2023-08-12 12:04:16	42	1	1	0
     2647	2023-08-12 12:09:53	42	0	1	0
      203	2023-08-12 12:10:03	42	0	1	0
     1528	2023-08-12 16:30:19	42	5	1	0
     1528	2023-08-12 16:30:20	42	5	1	0
      203	2023-08-12 17:00:07	42	1	1	0
     2647	2023-08-12 17:00:15	42	1	1	0
      203	2023-08-13 07:44:41	42	0	1	0
     1754	2023-08-13 23:40:03	42	0	1	0
     1877	2023-08-14 00:17:15	42	0	1	0
     1818	2023-08-14 00:24:19	42	0	1	0
      924	2023-08-14 00:27:06	42	0	1	0
      333	2023-08-14 00:35:53	42	0	1	0
      333	2023-08-14 00:35:55	42	0	1	0
      148	2023-08-14 00:39:28	42	0	1	0
      148	2023-08-14 00:39:29	42	0	1	0
      192	2023-08-14 00:43:22	42	0	1	0
      192	2023-08-14 00:43:36	42	0	1	0
     1817	2023-08-14 00:43:56	42	0	1	0
     1528	2023-08-14 00:44:24	42	0	1	0
      384	2023-08-14 00:44:33	42	0	1	0
     1877	2023-08-14 12:01:36	42	1	1	0
      192	2023-08-14 12:03:12	42	1	1	0
      192	2023-08-14 12:03:13	42	1	1	0
      924	2023-08-14 12:03:38	42	1	1	0
      384	2023-08-14 12:03:42	42	1	1	0
      148	2023-08-14 12:04:02	42	1	1	0
     1877	2023-08-14 12:05:03	42	0	1	0
     1818	2023-08-14 12:06:42	42	0	1	0
     1818	2023-08-14 12:06:48	42	1	1	0
      148	2023-08-14 12:09:21	42	0	1	0
     1817	2023-08-14 12:12:08	42	0	1	0
     1817	2023-08-14 12:12:24	42	1	1	0
      192	2023-08-14 12:13:25	42	0	1	0
      192	2023-08-14 12:13:26	42	0	1	0
     1528	2023-08-14 12:14:21	42	1	1	0
      333	2023-08-14 12:16:23	42	1	1	0
      333	2023-08-14 12:16:25	42	1	1	0
      924	2023-08-14 12:21:07	42	0	1	0
      424	2023-08-14 12:25:38	42	0	1	0
     1818	2023-08-14 12:31:04	42	0	1	0
      384	2023-08-14 12:31:28	42	0	1	0
     1528	2023-08-14 12:37:26	42	0	1	0
     1817	2023-08-14 12:37:44	42	0	1	0
      333	2023-08-14 12:46:29	42	0	1	0
      333	2023-08-14 12:46:30	42	0	1	0
     1754	2023-08-14 17:01:06	42	1	1	0
      333	2023-08-14 17:02:33	42	1	1	0
      333	2023-08-14 17:02:34	42	1	1	0
      924	2023-08-14 17:03:41	42	1	1	0
     1818	2023-08-14 17:03:45	42	1	1	0
      424	2023-08-14 17:03:59	42	1	1	0
      424	2023-08-14 17:04:19	42	1	1	0
     1877	2023-08-14 17:04:51	42	1	1	0
      192	2023-08-14 17:05:16	42	1	1	0
      192	2023-08-14 17:05:18	42	1	1	0
     1817	2023-08-14 17:05:46	42	1	1	0
      384	2023-08-14 17:07:08	42	1	1	0
      384	2023-08-14 17:07:09	42	1	1	0
      192	2023-08-14 17:07:12	42	1	1	0
      192	2023-08-14 17:07:13	42	1	1	0
      148	2023-08-14 17:07:29	42	1	1	0
      148	2023-08-14 17:07:31	42	1	1	0
     1528	2023-08-14 17:09:17	42	1	1	0
     1528	2023-08-14 17:09:19	42	1	1	0
     1754	2023-08-15 07:02:34	42	0	1	0
      924	2023-08-15 07:24:09	42	0	1	0
     1818	2023-08-15 07:31:18	42	0	1	0
     2647	2023-08-15 07:33:37	42	0	1	0
      192	2023-08-15 07:53:48	42	0	1	0
      192	2023-08-15 07:53:52	42	0	1	0
     1528	2023-08-15 07:54:56	42	0	1	0
      384	2023-08-15 07:55:39	42	0	1	0
      909	2023-08-15 07:56:26	42	0	1	0
      203	2023-08-15 07:56:59	42	0	1	0
      148	2023-08-15 07:57:49	42	0	1	0
      148	2023-08-15 07:57:50	42	0	1	0
     1817	2023-08-15 07:58:03	42	0	1	0
      424	2023-08-15 08:02:32	42	0	1	0
      148	2023-08-15 08:14:02	42	0	1	0
      333	2023-08-15 08:21:53	42	0	1	0
      333	2023-08-15 08:21:55	42	0	1	0
      333	2023-08-15 12:04:09	42	1	1	0
      333	2023-08-15 12:04:11	42	1	1	0
      148	2023-08-15 12:04:17	42	1	1	0
     1817	2023-08-15 12:04:30	42	1	1	0
     1754	2023-08-15 12:04:38	42	1	1	0
     1528	2023-08-15 12:05:47	42	1	1	0
      924	2023-08-15 12:06:22	42	1	1	0
      203	2023-08-15 12:08:58	42	1	1	0
      384	2023-08-15 12:09:21	42	1	1	0
     2647	2023-08-15 12:09:58	42	1	1	0
     2647	2023-08-15 12:10:19	42	1	1	0
     1754	2023-08-15 12:12:01	42	0	1	0
      148	2023-08-15 12:12:52	42	0	1	0
     2647	2023-08-15 12:13:03	42	0	1	0
      909	2023-08-15 12:14:18	42	1	1	0
      203	2023-08-15 12:22:24	42	0	1	0
     1818	2023-08-15 12:25:01	42	1	1	0
     1528	2023-08-15 12:25:22	42	0	1	0
      333	2023-08-15 12:26:21	42	0	1	0
      333	2023-08-15 12:26:23	42	0	1	0
     1817	2023-08-15 12:27:07	42	0	1	0
      384	2023-08-15 12:27:41	42	0	1	0
      924	2023-08-15 12:28:07	42	0	1	0
      909	2023-08-15 12:28:29	42	0	1	0
     1818	2023-08-15 12:34:22	42	0	1	0
      148	2023-08-15 17:00:05	42	1	1	0
     1818	2023-08-15 17:00:09	42	1	1	0
     1754	2023-08-15 17:00:20	42	1	1	0
     2647	2023-08-15 17:01:03	42	1	1	0
      192	2023-08-15 17:01:25	42	1	1	0
      192	2023-08-15 17:01:26	42	1	1	0
      924	2023-08-15 17:01:34	42	1	1	0
      333	2023-08-15 17:02:04	42	1	1	0
      333	2023-08-15 17:02:05	42	1	1	0
      424	2023-08-15 17:02:10	42	1	1	0
      384	2023-08-15 17:02:22	42	1	1	0
      384	2023-08-15 17:02:23	42	1	1	0
     1817	2023-08-15 17:02:43	42	1	1	0
      909	2023-08-15 17:03:02	42	1	1	0
     1528	2023-08-15 17:03:50	42	1	1	0
     1528	2023-08-15 17:03:52	42	1	1	0
      203	2023-08-15 17:07:42	42	1	1	0
     1754	2023-08-16 07:04:12	42	0	1	0
     2647	2023-08-16 07:36:13	42	0	1	0
      384	2023-08-16 07:40:04	42	0	1	0
     1818	2023-08-16 07:48:41	42	0	1	0
     1818	2023-08-16 07:50:17	42	0	1	0
     1817	2023-08-16 07:50:32	42	0	1	0
      333	2023-08-16 07:51:45	42	0	1	0
      333	2023-08-16 07:51:47	42	0	1	0
      148	2023-08-16 07:53:37	42	0	1	0
      148	2023-08-16 07:53:38	42	0	1	0
     1528	2023-08-16 07:54:23	42	0	1	0
      192	2023-08-16 07:56:31	42	0	1	0
      192	2023-08-16 07:56:33	42	0	1	0
      203	2023-08-16 07:57:02	42	0	1	0
      424	2023-08-16 07:57:49	42	0	1	0
      924	2023-08-16 07:58:51	42	0	1	0
     1754	2023-08-16 12:00:28	42	5	1	0
     2647	2023-08-16 12:00:34	42	5	1	0
      333	2023-08-16 12:02:33	42	5	1	0
      333	2023-08-16 12:02:34	42	5	1	0
     1818	2023-08-16 12:06:28	42	5	1	0
     1528	2023-08-16 12:09:55	42	1	1	0
     1754	2023-08-16 12:10:06	42	0	1	0
      924	2023-08-16 12:10:29	42	1	1	0
     1818	2023-08-16 12:10:45	42	1	1	0
     2647	2023-08-16 12:10:56	42	1	1	0
     1754	2023-08-16 12:11:11	42	1	1	0
      333	2023-08-16 12:12:26	42	1	1	0
      203	2023-08-16 12:13:03	42	1	1	0
     1817	2023-08-16 12:13:31	42	1	1	0
      148	2023-08-16 12:13:52	42	1	1	0
      203	2023-08-16 12:18:29	42	0	1	0
     1754	2023-08-16 12:18:42	42	0	1	0
      924	2023-08-16 12:20:44	42	0	1	0
      148	2023-08-16 12:21:31	42	0	1	0
      384	2023-08-16 12:23:06	42	1	1	0
      333	2023-08-16 12:25:52	42	0	1	0
      333	2023-08-16 12:25:54	42	0	1	0
      333	2023-08-16 12:25:56	42	0	1	0
     1528	2023-08-16 12:33:23	42	0	1	0
     1817	2023-08-16 12:34:19	42	0	1	0
      384	2023-08-16 12:35:23	42	0	1	0
     1818	2023-08-16 12:35:58	42	0	1	0
     2647	2023-08-16 12:41:46	42	0	1	0
     2647	2023-08-16 17:00:06	42	1	1	0
      192	2023-08-16 17:02:22	42	1	1	0
      192	2023-08-16 17:02:23	42	1	1	0
     1818	2023-08-16 17:02:29	42	1	1	0
      384	2023-08-16 17:03:06	42	1	1	0
      384	2023-08-16 17:03:07	42	1	1	0
      148	2023-08-16 17:03:13	42	1	1	0
      333	2023-08-16 17:03:20	42	1	1	0
      333	2023-08-16 17:03:21	42	1	1	0
      924	2023-08-16 17:04:02	42	1	1	0
      192	2023-08-16 17:12:28	42	1	1	0
      192	2023-08-16 17:12:30	42	1	1	0
      384	2023-08-16 17:13:50	42	1	1	0
     1817	2023-08-16 17:14:05	42	1	1	0
     1754	2023-08-16 17:21:02	42	1	1	0
      424	2023-08-16 17:22:09	42	1	1	0
     1817	2023-08-16 17:26:09	42	1	1	0
     1528	2023-08-16 17:28:34	42	1	1	0
     1528	2023-08-16 17:28:35	42	1	1	0
      203	2023-08-16 17:52:28	42	1	1	0
     1754	2023-08-17 07:12:30	42	0	1	0
     1818	2023-08-17 07:17:06	42	0	1	0
     1877	2023-08-17 07:41:13	42	0	1	0
      333	2023-08-17 07:44:34	42	0	1	0
      333	2023-08-17 07:44:36	42	0	1	0
      192	2023-08-17 07:46:43	42	0	1	0
      192	2023-08-17 07:46:44	42	0	1	0
     2647	2023-08-17 07:48:11	42	0	1	0
      924	2023-08-17 07:51:09	42	0	1	0
      909	2023-08-17 07:53:28	42	0	1	0
     1528	2023-08-17 07:54:05	42	0	1	0
      148	2023-08-17 07:56:45	42	0	1	0
      148	2023-08-17 07:56:47	42	0	1	0
      384	2023-08-17 07:57:08	42	0	1	0
     1817	2023-08-17 08:06:49	42	0	1	0
      424	2023-08-17 08:07:14	42	0	1	0
     2647	2023-08-17 12:04:26	42	1	1	0
     1877	2023-08-17 12:04:45	42	1	1	0
      333	2023-08-17 12:05:08	42	1	1	0
      333	2023-08-17 12:05:10	42	1	1	0
     1818	2023-08-17 12:05:51	42	1	1	0
      148	2023-08-17 12:05:59	42	1	1	0
      384	2023-08-17 12:06:23	42	1	1	0
      924	2023-08-17 12:06:29	42	1	1	0
     1528	2023-08-17 12:06:58	42	1	1	0
     1817	2023-08-17 12:07:05	42	1	1	0
      909	2023-08-17 12:09:22	42	1	1	0
      924	2023-08-17 12:11:23	42	0	1	0
     1877	2023-08-17 12:11:28	42	0	1	0
     1817	2023-08-17 12:18:25	42	0	1	0
      909	2023-08-17 12:20:30	42	0	1	0
     2647	2023-08-17 12:20:43	42	0	1	0
      148	2023-08-17 12:21:24	42	0	1	0
      333	2023-08-17 12:24:03	42	0	1	0
      333	2023-08-17 12:24:05	42	0	1	0
     1818	2023-08-17 12:38:37	42	0	1	0
      384	2023-08-17 12:38:55	42	0	1	0
     1528	2023-08-17 12:41:01	42	0	1	0
     1528	2023-08-17 12:41:02	42	0	1	0
     2647	2023-08-17 17:00:05	42	1	1	0
     1754	2023-08-17 17:00:30	42	1	1	0
      924	2023-08-17 17:01:07	42	1	1	0
      333	2023-08-17 17:01:13	42	1	1	0
      333	2023-08-17 17:01:14	42	1	1	0
     1818	2023-08-17 17:01:19	42	1	1	0
     1877	2023-08-17 17:01:40	42	1	1	0
     1877	2023-08-17 17:02:24	42	1	1	0
      148	2023-08-17 17:02:34	42	1	1	0
      148	2023-08-17 17:02:36	42	1	1	0
     1817	2023-08-17 17:02:41	42	1	1	0
      909	2023-08-17 17:02:48	42	1	1	0
      424	2023-08-17 17:02:56	42	1	1	0
      384	2023-08-17 17:04:52	42	1	1	0
      384	2023-08-17 17:04:53	42	1	1	0
     1528	2023-08-17 18:28:34	42	1	1	0
     1528	2023-08-17 18:28:37	42	1	1	0
     1528	2023-08-17 18:59:53	42	1	1	0
      192	2023-08-17 19:54:08	42	1	1	0
      192	2023-08-17 19:54:10	42	1	1	0
     1754	2023-08-18 07:04:32	42	0	1	0
     1818	2023-08-18 07:25:20	42	0	1	0
      192	2023-08-18 07:26:07	42	0	1	0
      192	2023-08-18 07:26:09	42	0	1	0
     2647	2023-08-18 07:45:57	42	0	1	0
     1877	2023-08-18 07:46:28	42	0	1	0
      909	2023-08-18 07:53:30	42	0	1	0
      924	2023-08-18 07:54:20	42	0	1	0
      333	2023-08-18 07:54:26	42	0	1	0
      333	2023-08-18 07:54:27	42	0	1	0
      424	2023-08-18 07:55:20	42	0	1	0
      148	2023-08-18 07:56:24	42	0	1	0
      148	2023-08-18 07:56:25	42	0	1	0
      384	2023-08-18 07:56:43	42	0	1	0
     1817	2023-08-18 07:58:28	42	0	1	0
     1528	2023-08-18 08:03:30	42	0	1	0
     1754	2023-08-18 12:01:09	42	1	1	0
     2647	2023-08-18 12:02:07	42	1	1	0
      333	2023-08-18 12:02:15	42	1	1	0
      333	2023-08-18 12:02:17	42	1	1	0
      384	2023-08-18 12:03:48	42	1	1	0
     1877	2023-08-18 12:03:56	42	1	1	0
      924	2023-08-18 12:04:02	42	1	1	0
     1818	2023-08-18 12:04:11	42	1	1	0
      909	2023-08-18 12:05:51	42	1	1	0
     1877	2023-08-18 12:09:23	42	0	1	0
     1528	2023-08-18 12:11:08	42	1	1	0
     1754	2023-08-18 12:11:17	42	0	1	0
     1817	2023-08-18 12:11:26	42	1	1	0
     2647	2023-08-18 12:11:31	42	0	1	0
     1528	2023-08-18 12:27:56	42	0	1	0
     1818	2023-08-18 12:28:11	42	0	1	0
      924	2023-08-18 12:28:17	42	0	1	0
     1817	2023-08-18 12:28:27	42	0	1	0
      909	2023-08-18 12:29:31	42	0	1	0
      384	2023-08-18 12:36:15	42	0	1	0
      333	2023-08-18 12:36:21	42	0	1	0
      333	2023-08-18 12:36:23	42	0	1	0
      148	2023-08-18 15:04:39	42	1	1	0
     1754	2023-08-18 17:00:10	42	1	1	0
     2647	2023-08-18 17:00:15	42	1	1	0
      924	2023-08-18 17:00:41	42	1	1	0
      333	2023-08-18 17:01:09	42	1	1	0
      333	2023-08-18 17:01:10	42	1	1	0
     1818	2023-08-18 17:01:42	42	1	1	0
     1817	2023-08-18 17:02:01	42	1	1	0
      424	2023-08-18 17:02:11	42	1	1	0
      384	2023-08-18 17:02:17	42	1	1	0
      384	2023-08-18 17:02:18	42	1	1	0
      909	2023-08-18 17:02:23	42	1	1	0
     1877	2023-08-18 17:02:30	42	1	1	0
     1817	2023-08-18 17:02:43	42	1	1	0
     1528	2023-08-18 17:03:51	42	1	1	0
      192	2023-08-18 18:50:22	42	1	1	0
      192	2023-08-18 18:50:23	42	1	1	0
      203	2023-08-19 07:45:30	42	0	1	0
      203	2023-08-19 12:08:52	42	1	1	0
      203	2023-08-19 12:14:03	42	0	1	0
      203	2023-08-19 17:00:26	42	1	1	0
      203	2023-08-20 07:56:02	42	0	1	0
      203	2023-08-20 12:14:17	42	1	1	0
      203	2023-08-20 12:19:09	42	0	1	0
      203	2023-08-20 17:00:03	42	1	1	0
     1754	2023-08-21 07:04:31	42	0	1	0
     1754	2023-08-21 12:24:43	42	1	1	0
     1754	2023-08-21 12:26:23	42	0	1	0
     1754	2023-08-21 17:00:14	42	1	1	0
     1754	2023-08-22 07:08:35	42	0	1	0
     1818	2023-08-22 07:23:34	42	0	1	0
     2647	2023-08-22 07:27:10	42	0	1	0
     2647	2023-08-22 07:32:22	42	0	1	0
      384	2023-08-22 07:41:34	42	0	1	0
      424	2023-08-22 07:43:14	42	0	1	0
      192	2023-08-22 07:46:44	42	0	1	0
      192	2023-08-22 07:46:45	42	0	1	0
     1877	2023-08-22 07:49:35	42	0	1	0
      148	2023-08-22 07:54:09	42	0	1	0
      148	2023-08-22 07:54:10	42	0	1	0
      909	2023-08-22 07:56:35	42	0	1	0
     1528	2023-08-22 07:58:37	42	0	1	0
      333	2023-08-22 07:58:45	42	0	1	0
      333	2023-08-22 07:58:47	42	0	1	0
      924	2023-08-22 08:00:17	42	0	1	0
      203	2023-08-22 08:00:44	42	0	1	0
     1754	2023-08-22 12:01:28	42	1	1	0
      203	2023-08-22 12:02:08	42	1	1	0
      192	2023-08-22 12:03:45	42	1	1	0
      192	2023-08-22 12:03:46	42	1	1	0
      909	2023-08-22 12:07:08	42	1	1	0
     2647	2023-08-22 12:08:29	42	1	1	0
      192	2023-08-22 12:09:03	42	0	1	0
      192	2023-08-22 12:09:05	42	0	1	0
      148	2023-08-22 12:09:22	42	1	1	0
     1877	2023-08-22 12:09:27	42	1	1	0
      333	2023-08-22 12:10:17	42	1	1	0
      333	2023-08-22 12:10:18	42	1	1	0
      203	2023-08-22 12:10:33	42	0	1	0
     2647	2023-08-22 12:10:44	42	0	1	0
     1754	2023-08-22 12:11:02	42	0	1	0
     1528	2023-08-22 12:11:17	42	1	1	0
      924	2023-08-22 12:12:23	42	1	1	0
      384	2023-08-22 12:13:18	42	1	1	0
     1818	2023-08-22 12:17:46	42	1	1	0
     1818	2023-08-22 12:17:47	42	1	1	0
     1818	2023-08-22 12:17:52	42	1	1	0
      148	2023-08-22 12:18:14	42	0	1	0
      148	2023-08-22 12:18:45	42	0	1	0
     1528	2023-08-22 12:20:05	42	0	1	0
     1877	2023-08-22 12:21:26	42	0	1	0
      909	2023-08-22 12:22:06	42	0	1	0
      384	2023-08-22 12:31:52	42	0	1	0
     1818	2023-08-22 12:32:25	42	0	1	0
      333	2023-08-22 12:34:19	42	0	1	0
      333	2023-08-22 12:34:20	42	0	1	0
      924	2023-08-22 12:38:02	42	0	1	0
     2647	2023-08-22 17:00:22	42	1	1	0
     1754	2023-08-22 17:01:21	42	1	1	0
     1818	2023-08-22 17:01:55	42	1	1	0
     1877	2023-08-22 17:02:19	42	1	1	0
      333	2023-08-22 17:02:21	42	1	1	0
      333	2023-08-22 17:02:23	42	1	1	0
      924	2023-08-22 17:03:10	42	1	1	0
      192	2023-08-22 17:03:16	42	1	1	0
      192	2023-08-22 17:03:19	42	1	1	0
      909	2023-08-22 17:03:27	42	1	1	0
      148	2023-08-22 17:04:29	42	1	1	0
      424	2023-08-22 17:04:40	42	1	1	0
      384	2023-08-22 17:05:01	42	1	1	0
      384	2023-08-22 17:05:02	42	1	1	0
     1528	2023-08-22 17:06:15	42	1	1	0
     1528	2023-08-22 17:06:40	42	1	1	0
      203	2023-08-22 17:11:13	42	1	1	0
     1754	2023-08-23 06:58:44	42	0	1	0
     1818	2023-08-23 07:30:34	42	0	1	0
     2647	2023-08-23 07:32:47	42	0	1	0
     1818	2023-08-23 07:40:37	42	0	1	0
      192	2023-08-23 07:45:43	42	0	1	0
      192	2023-08-23 07:45:45	42	0	1	0
      148	2023-08-23 07:49:05	42	0	1	0
      148	2023-08-23 07:49:06	42	0	1	0
      909	2023-08-23 07:49:41	42	0	1	0
     1877	2023-08-23 07:53:02	42	0	1	0
     1817	2023-08-23 07:54:35	42	0	1	0
      424	2023-08-23 07:54:51	42	0	1	0
      924	2023-08-23 07:56:20	42	0	1	0
     1528	2023-08-23 07:58:24	42	0	1	0
      203	2023-08-23 07:58:30	42	0	1	0
      333	2023-08-23 07:59:23	42	0	1	0
      333	2023-08-23 07:59:24	42	0	1	0
      384	2023-08-23 08:04:40	42	0	1	0
      924	2023-08-23 12:01:14	42	1	1	0
      148	2023-08-23 12:02:03	42	1	1	0
      384	2023-08-23 12:02:29	42	1	1	0
     1528	2023-08-23 12:02:46	42	1	1	0
      203	2023-08-23 12:03:08	42	1	1	0
     1818	2023-08-23 12:05:04	42	1	1	0
     2647	2023-08-23 12:06:34	42	1	1	0
     2647	2023-08-23 12:07:12	42	1	1	0
      909	2023-08-23 12:08:41	42	1	1	0
     1877	2023-08-23 12:08:47	42	1	1	0
      148	2023-08-23 12:09:04	42	0	1	0
     1817	2023-08-23 12:13:54	42	1	1	0
      203	2023-08-23 12:14:03	42	0	1	0
      333	2023-08-23 12:15:13	42	0	1	0
      333	2023-08-23 12:15:27	42	1	1	0
      333	2023-08-23 12:15:29	42	1	1	0
     1818	2023-08-23 12:20:13	42	0	1	0
      924	2023-08-23 12:20:42	42	0	1	0
     1817	2023-08-23 12:22:02	42	0	1	0
     1528	2023-08-23 12:22:06	42	0	1	0
      909	2023-08-23 12:23:22	42	0	1	0
     1754	2023-08-23 12:27:23	42	1	1	0
      333	2023-08-23 12:27:30	42	0	1	0
      333	2023-08-23 12:27:32	42	0	1	0
     1754	2023-08-23 12:29:04	42	0	1	0
      384	2023-08-23 12:30:54	42	0	1	0
     2647	2023-08-23 12:34:21	42	0	1	0
     1877	2023-08-23 12:34:26	42	0	1	0
      384	2023-08-23 12:34:32	42	0	1	0
     1754	2023-08-23 17:00:11	42	1	1	0
     2647	2023-08-23 17:00:18	42	1	1	0
      924	2023-08-23 17:00:30	42	1	1	0
      424	2023-08-23 17:00:50	42	1	1	0
     1818	2023-08-23 17:01:04	42	1	1	0
      333	2023-08-23 17:01:14	42	1	1	0
      333	2023-08-23 17:01:15	42	1	1	0
      148	2023-08-23 17:01:24	42	1	1	0
      384	2023-08-23 17:01:59	42	1	1	0
      384	2023-08-23 17:02:00	42	1	1	0
      192	2023-08-23 17:02:09	42	1	1	0
      192	2023-08-23 17:02:11	42	1	1	0
     1877	2023-08-23 17:02:37	42	1	1	0
      909	2023-08-23 17:02:58	42	1	1	0
     1817	2023-08-23 17:03:04	42	1	1	0
     1528	2023-08-23 17:03:11	42	1	1	0
     1528	2023-08-23 17:03:12	42	1	1	0
      203	2023-08-23 17:12:02	42	1	1	0
     1877	2023-08-24 06:55:51	42	0	1	0
     1754	2023-08-24 07:02:28	42	0	1	0
     1818	2023-08-24 07:19:06	42	0	1	0
     2647	2023-08-24 07:33:18	42	0	1	0
      192	2023-08-24 07:51:57	42	0	1	0
      192	2023-08-24 07:51:58	42	0	1	0
      384	2023-08-24 07:54:09	42	0	1	0
      909	2023-08-24 07:55:16	42	0	1	0
     1528	2023-08-24 07:57:30	42	0	1	0
      924	2023-08-24 07:59:45	42	0	1	0
      148	2023-08-24 08:02:19	42	0	1	0
      148	2023-08-24 08:02:21	42	0	1	0
      333	2023-08-24 08:02:27	42	0	1	0
      333	2023-08-24 08:02:28	42	0	1	0
     1817	2023-08-24 08:04:21	42	0	1	0
      424	2023-08-24 08:07:04	42	0	1	0
     1877	2023-08-24 12:00:05	42	1	1	0
     1754	2023-08-24 12:00:20	42	1	1	0
      924	2023-08-24 12:01:09	42	1	1	0
      384	2023-08-24 12:01:22	42	1	1	0
      192	2023-08-24 12:02:03	42	1	1	0
      192	2023-08-24 12:02:05	42	1	1	0
     2647	2023-08-24 12:02:13	42	1	1	0
      148	2023-08-24 12:06:24	42	1	1	0
      909	2023-08-24 12:09:03	42	1	1	0
     1754	2023-08-24 12:10:07	42	0	1	0
      192	2023-08-24 12:10:31	42	0	1	0
      192	2023-08-24 12:10:33	42	0	1	0
     2647	2023-08-24 12:12:33	42	0	1	0
     1818	2023-08-24 12:14:43	42	1	1	0
     1528	2023-08-24 12:15:26	42	1	1	0
     1818	2023-08-24 12:15:34	42	1	1	0
      909	2023-08-24 12:23:08	42	0	1	0
      924	2023-08-24 12:23:17	42	0	1	0
     1817	2023-08-24 12:23:31	42	1	1	0
     1818	2023-08-24 12:25:55	42	0	1	0
      148	2023-08-24 12:28:25	42	0	1	0
      333	2023-08-24 12:35:03	42	1	1	0
      333	2023-08-24 12:35:06	42	1	1	0
     2647	2023-08-24 12:37:14	42	0	1	0
     1818	2023-08-24 12:38:33	42	0	1	0
      384	2023-08-24 12:39:10	42	0	1	0
     1528	2023-08-24 12:40:10	42	0	1	0
     1877	2023-08-24 12:41:46	42	0	1	0
     1817	2023-08-24 12:42:07	42	0	1	0
      333	2023-08-24 12:44:23	42	0	1	0
      333	2023-08-24 12:44:24	42	0	1	0
      384	2023-08-24 16:02:39	42	1	1	0
      384	2023-08-24 16:02:40	42	1	1	0
      424	2023-08-24 17:00:41	42	1	1	0
     1818	2023-08-24 17:00:47	42	1	1	0
     1818	2023-08-24 17:00:57	42	1	1	0
     2647	2023-08-24 17:01:02	42	1	1	0
      924	2023-08-24 17:01:15	42	1	1	0
      148	2023-08-24 17:01:58	42	1	1	0
      148	2023-08-24 17:02:00	42	1	1	0
     1754	2023-08-24 17:02:06	42	1	1	0
     1877	2023-08-24 17:02:44	42	1	1	0
     1817	2023-08-24 17:02:49	42	1	1	0
      909	2023-08-24 17:03:37	42	1	1	0
      333	2023-08-24 17:10:55	42	1	1	0
      333	2023-08-24 17:10:56	42	1	1	0
      192	2023-08-24 17:16:24	42	1	1	0
      192	2023-08-24 17:16:26	42	1	1	0
     1528	2023-08-24 17:16:56	42	1	1	0
     1528	2023-08-24 18:42:36	42	1	1	0
     1877	2023-08-25 06:31:48	42	0	1	0
     1754	2023-08-25 06:49:43	42	0	1	0
     1818	2023-08-25 07:28:47	42	0	1	0
     2647	2023-08-25 07:32:22	42	0	1	0
     1818	2023-08-25 07:37:13	42	0	1	0
      924	2023-08-25 07:49:50	42	0	1	0
      192	2023-08-25 07:54:08	42	0	1	0
      192	2023-08-25 07:54:12	42	0	1	0
      333	2023-08-25 07:54:18	42	0	1	0
      333	2023-08-25 07:54:19	42	0	1	0
      909	2023-08-25 07:57:19	42	0	1	0
      424	2023-08-25 08:00:12	42	0	1	0
     1817	2023-08-25 08:02:58	42	0	1	0
     1528	2023-08-25 08:03:53	42	0	1	0
     1754	2023-08-25 12:04:50	42	1	1	0
     2647	2023-08-25 12:05:12	42	1	1	0
     1818	2023-08-25 12:07:46	42	1	1	0
     1817	2023-08-25 12:09:18	42	1	1	0
      924	2023-08-25 12:12:47	42	1	1	0
     1528	2023-08-25 12:13:00	42	1	1	0
      909	2023-08-25 12:13:51	42	1	1	0
     1754	2023-08-25 12:18:39	42	0	1	0
      333	2023-08-25 12:20:02	42	1	1	0
      333	2023-08-25 12:20:04	42	1	1	0
     2647	2023-08-25 12:21:45	42	0	1	0
     2647	2023-08-25 12:22:01	42	0	1	0
     1817	2023-08-25 12:30:10	42	0	1	0
      924	2023-08-25 12:30:21	42	0	1	0
     1818	2023-08-25 12:32:07	42	0	1	0
     1877	2023-08-25 12:32:23	42	1	1	0
      909	2023-08-25 12:34:00	42	0	1	0
      333	2023-08-25 12:37:07	42	0	1	0
      333	2023-08-25 12:37:09	42	0	1	0
     1528	2023-08-25 12:41:07	42	0	1	0
     1877	2023-08-25 12:41:24	42	0	1	0
     2647	2023-08-25 12:46:24	42	0	1	0
     1754	2023-08-25 17:00:05	42	1	1	0
     2647	2023-08-25 17:00:09	42	1	1	0
     1877	2023-08-25 17:00:53	42	1	1	0
      424	2023-08-25 17:01:22	42	1	1	0
      424	2023-08-25 17:01:51	42	1	1	0
      924	2023-08-25 17:02:05	42	1	1	0
     1818	2023-08-25 17:02:13	42	1	1	0
     1817	2023-08-25 17:04:03	42	1	1	0
      192	2023-08-25 17:04:22	42	1	1	0
      192	2023-08-25 17:04:24	42	1	1	0
      909	2023-08-25 17:04:32	42	1	1	0
     1528	2023-08-25 17:04:54	42	1	1	0
      203	2023-08-26 07:13:08	42	0	1	0
      203	2023-08-26 12:09:50	42	1	1	0
      203	2023-08-26 12:15:02	42	0	1	0
      203	2023-08-26 17:00:03	42	1	1	0
     1754	2023-08-28 07:12:44	42	0	1	0
     1754	2023-08-28 12:06:11	42	1	1	0
     1754	2023-08-28 12:10:03	42	0	1	0
     1754	2023-08-28 17:07:46	42	1	1	0
     1754	2023-08-29 07:10:49	42	0	1	0
     2647	2023-08-29 07:22:09	42	0	1	0
      203	2023-08-29 07:29:58	42	0	1	0
      924	2023-08-29 07:40:56	42	0	1	0
     1877	2023-08-29 07:44:29	42	0	1	0
      192	2023-08-29 07:47:06	42	0	1	0
      192	2023-08-29 07:47:07	42	0	1	0
     1818	2023-08-29 07:48:00	42	0	1	0
      333	2023-08-29 07:50:32	42	0	1	0
      333	2023-08-29 07:50:34	42	0	1	0
      424	2023-08-29 07:52:34	42	0	1	0
     1817	2023-08-29 07:54:35	42	0	1	0
     1817	2023-08-29 07:54:40	42	0	1	0
      148	2023-08-29 07:55:17	42	0	1	0
      384	2023-08-29 07:55:24	42	0	1	0
      909	2023-08-29 07:57:50	42	0	1	0
     1528	2023-08-29 07:58:04	42	0	1	0
     1754	2023-08-29 12:02:13	42	1	1	0
     1528	2023-08-29 12:06:56	42	1	1	0
     1754	2023-08-29 12:10:05	42	0	1	0
     2647	2023-08-29 12:11:51	42	1	1	0
     2647	2023-08-29 12:13:10	42	0	1	0
      203	2023-08-29 12:13:53	42	1	1	0
      909	2023-08-29 12:15:40	42	1	1	0
      924	2023-08-29 12:19:17	42	1	1	0
      203	2023-08-29 12:20:31	42	0	1	0
      333	2023-08-29 12:22:00	42	1	1	0
      333	2023-08-29 12:22:03	42	1	1	0
      909	2023-08-29 12:23:57	42	0	1	0
      424	2023-08-29 12:24:23	42	1	1	0
      424	2023-08-29 12:24:34	42	1	1	0
      424	2023-08-29 12:25:18	42	0	1	0
      924	2023-08-29 12:30:13	42	0	1	0
      333	2023-08-29 12:31:00	42	0	1	0
      333	2023-08-29 12:31:02	42	0	1	0
     1528	2023-08-29 12:31:09	42	0	1	0
     1528	2023-08-29 12:40:04	42	0	1	0
     1818	2023-08-29 12:45:25	42	1	1	0
     2647	2023-08-29 17:00:04	42	1	1	0
     1754	2023-08-29 17:00:09	42	1	1	0
     1818	2023-08-29 17:00:27	42	1	1	0
      924	2023-08-29 17:00:45	42	1	1	0
      424	2023-08-29 17:00:53	42	1	1	0
     1817	2023-08-29 17:01:02	42	1	1	0
      333	2023-08-29 17:01:12	42	1	1	0
      333	2023-08-29 17:01:13	42	1	1	0
      909	2023-08-29 17:02:11	42	1	1	0
      203	2023-08-29 17:05:35	42	1	1	0
     1528	2023-08-29 17:17:49	42	1	1	0
      148	2023-08-29 17:22:16	42	1	1	0
      148	2023-08-29 17:22:18	42	1	1	0
     1528	2023-08-29 17:23:52	42	1	1	0
     1877	2023-08-29 17:33:41	42	1	1	0
      384	2023-08-29 17:33:46	42	1	1	0
      384	2023-08-29 17:33:47	42	1	1	0
      192	2023-08-29 17:50:23	42	1	1	0
      192	2023-08-29 17:50:24	42	1	1	0
      384	2023-08-30 07:02:52	42	0	1	0
     1754	2023-08-30 07:10:12	42	0	1	0
     1877	2023-08-30 07:34:43	42	0	1	0
      924	2023-08-30 07:37:09	42	0	1	0
     2647	2023-08-30 07:37:27	42	0	1	0
     1818	2023-08-30 07:42:11	42	0	1	0
      333	2023-08-30 07:43:21	42	0	1	0
      333	2023-08-30 07:43:22	42	0	1	0
      148	2023-08-30 07:48:06	42	0	1	0
      192	2023-08-30 07:49:17	42	0	1	0
      192	2023-08-30 07:49:19	42	0	1	0
     1528	2023-08-30 07:51:42	42	0	1	0
      909	2023-08-30 07:52:56	42	0	1	0
      203	2023-08-30 07:58:20	42	0	1	0
     1817	2023-08-30 07:58:41	42	0	1	0
      424	2023-08-30 08:00:35	42	0	1	0
     2647	2023-08-30 12:04:38	42	1	1	0
      203	2023-08-30 12:05:37	42	1	1	0
      333	2023-08-30 12:07:41	42	1	1	0
      333	2023-08-30 12:07:44	42	1	1	0
     1754	2023-08-30 12:08:12	42	1	1	0
     1818	2023-08-30 12:08:42	42	1	1	0
      203	2023-08-30 12:11:27	42	0	1	0
      909	2023-08-30 12:12:04	42	1	1	0
     1754	2023-08-30 12:15:13	42	0	1	0
     1528	2023-08-30 12:19:33	42	1	1	0
      424	2023-08-30 12:19:48	42	1	1	0
      924	2023-08-30 12:20:29	42	1	1	0
      909	2023-08-30 12:28:34	42	0	1	0
     2647	2023-08-30 12:28:41	42	0	1	0
      924	2023-08-30 12:32:55	42	0	1	0
     1818	2023-08-30 12:34:02	42	0	1	0
      333	2023-08-30 12:34:09	42	0	1	0
      333	2023-08-30 12:34:11	42	0	1	0
     1528	2023-08-30 12:34:25	42	0	1	0
      424	2023-08-30 12:35:06	42	0	1	0
      203	2023-08-30 17:00:01	42	1	1	0
     2647	2023-08-30 17:00:07	42	1	1	0
     1754	2023-08-30 17:00:13	42	1	1	0
     1818	2023-08-30 17:00:23	42	1	1	0
      924	2023-08-30 17:00:29	42	1	1	0
     1817	2023-08-30 17:01:02	42	1	1	0
      424	2023-08-30 17:01:19	42	1	1	0
      909	2023-08-30 17:01:34	42	1	1	0
      148	2023-08-30 17:01:49	42	1	1	0
      384	2023-08-30 17:01:59	42	1	1	0
      384	2023-08-30 17:02:00	42	1	1	0
     1528	2023-08-30 17:02:10	42	1	1	0
      424	2023-08-30 17:02:16	42	1	1	0
      192	2023-08-30 17:24:08	42	1	1	0
      192	2023-08-30 17:24:09	42	1	1	0
      333	2023-08-30 17:28:17	42	1	1	0
      333	2023-08-30 17:28:19	42	1	1	0
     1877	2023-08-30 17:30:34	42	1	1	0
     1877	2023-08-31 06:56:13	42	0	1	0
     1754	2023-08-31 07:05:58	42	0	1	0
     1818	2023-08-31 07:10:27	42	0	1	0
     2647	2023-08-31 07:21:25	42	0	1	0
      384	2023-08-31 07:38:51	42	0	1	0
      148	2023-08-31 07:44:51	42	0	1	0
      148	2023-08-31 07:44:53	42	0	1	0
      203	2023-08-31 07:45:00	42	0	1	0
      333	2023-08-31 07:45:43	42	0	1	0
      333	2023-08-31 07:45:45	42	0	1	0
     1528	2023-08-31 07:49:26	42	0	1	0
      924	2023-08-31 07:49:53	42	0	1	0
      148	2023-08-31 07:49:57	42	0	1	0
      148	2023-08-31 07:49:59	42	0	1	0
      909	2023-08-31 07:52:43	42	0	1	0
      192	2023-08-31 07:54:54	42	0	1	0
      192	2023-08-31 07:54:56	42	0	1	0
      424	2023-08-31 07:56:04	42	0	1	0
     1817	2023-08-31 08:03:43	42	0	1	0
     1754	2023-08-31 12:02:31	42	1	1	0
     1528	2023-08-31 12:05:12	42	1	1	0
      924	2023-08-31 12:05:23	42	1	1	0
      424	2023-08-31 12:05:59	42	1	1	0
      203	2023-08-31 12:06:28	42	1	1	0
      148	2023-08-31 12:07:42	42	1	1	0
     2647	2023-08-31 12:07:47	42	1	1	0
      909	2023-08-31 12:12:14	42	1	1	0
      203	2023-08-31 12:12:33	42	0	1	0
      333	2023-08-31 12:12:43	42	1	1	0
      333	2023-08-31 12:12:45	42	1	1	0
     2647	2023-08-31 12:12:52	42	0	1	0
     1754	2023-08-31 12:13:03	42	0	1	0
     1528	2023-08-31 12:17:33	42	0	1	0
      924	2023-08-31 12:19:06	42	0	1	0
      424	2023-08-31 12:22:11	42	0	1	0
      148	2023-08-31 12:24:43	42	0	1	0
      909	2023-08-31 12:27:22	42	0	1	0
      333	2023-08-31 12:28:06	42	0	1	0
      333	2023-08-31 12:28:08	42	0	1	0
      333	2023-08-31 12:28:20	42	0	1	0
     1528	2023-08-31 12:52:57	42	0	1	0
     2647	2023-08-31 17:00:21	42	1	1	0
     2647	2023-08-31 17:00:29	42	1	1	0
     1877	2023-08-31 17:01:47	42	1	1	0
      924	2023-08-31 17:03:53	42	1	1	0
      203	2023-08-31 17:05:38	42	1	1	0
      148	2023-08-31 17:05:52	42	1	1	0
      148	2023-08-31 17:05:54	42	1	1	0
      333	2023-08-31 17:06:02	42	1	1	0
      333	2023-08-31 17:06:03	42	1	1	0
      384	2023-08-31 17:06:09	42	1	1	0
      384	2023-08-31 17:06:10	42	1	1	0
      384	2023-08-31 17:06:11	42	1	1	0
     1528	2023-08-31 17:06:17	42	1	1	0
      424	2023-08-31 17:06:21	42	1	1	0
     1818	2023-08-31 17:06:26	42	1	1	0
      909	2023-08-31 17:06:33	42	1	1	0
     1754	2023-08-31 17:06:42	42	1	1	0
     1817	2023-08-31 17:20:31	42	1	1	0
      192	2023-08-31 22:17:37	42	1	1	0
      192	2023-08-31 22:17:38	42	1	1	0
     1817	2023-09-01 06:04:01	42	0	1	0
     1818	2023-09-01 06:06:06	42	0	1	0
     1818	2023-09-01 06:06:10	42	0	1	0
      192	2023-09-01 06:27:02	42	0	1	0
      192	2023-09-01 06:27:04	42	0	1	0
     1877	2023-09-01 06:33:21	42	0	1	0
      384	2023-09-01 06:41:55	42	0	1	0
      924	2023-09-01 07:05:14	42	0	1	0
      909	2023-09-01 07:10:22	42	0	1	0
     1754	2023-09-01 07:16:11	42	0	1	0
      333	2023-09-01 07:24:10	42	0	1	0
      333	2023-09-01 07:24:12	42	0	1	0
      148	2023-09-01 07:27:12	42	0	1	0
      148	2023-09-01 07:27:13	42	0	1	0
     2647	2023-09-01 07:37:02	42	0	1	0
     1528	2023-09-01 07:44:15	42	0	1	0
      424	2023-09-01 07:59:52	42	0	1	0
