     1450	2023-07-31 07:11:25	44	0	1	0
     1450	2023-07-31 07:11:27	44	0	1	0
     1011	2023-07-31 07:11:41	44	0	1	0
     2169	2023-07-31 07:23:46	44	0	1	0
     2169	2023-07-31 07:23:49	44	0	1	0
      370	2023-07-31 07:42:47	44	0	1	0
      371	2023-07-31 07:44:58	44	0	1	0
     1978	2023-07-31 07:48:17	44	0	1	0
     2876	2023-07-31 07:49:43	44	0	1	0
     1169	2023-07-31 07:51:40	44	0	1	0
     2422	2023-07-31 07:53:40	44	0	1	0
     2422	2023-07-31 07:53:42	44	0	1	0
     2237	2023-07-31 07:57:48	44	0	1	0
     2184	2023-07-31 07:59:48	44	0	1	0
      155	2023-07-31 08:00:28	44	0	1	0
      568	2023-07-31 08:29:16	44	0	1	0
      568	2023-07-31 12:02:49	44	1	1	0
     1011	2023-07-31 12:03:23	44	1	1	0
     2876	2023-07-31 12:07:26	44	1	1	0
      371	2023-07-31 12:19:18	44	1	1	0
     2237	2023-07-31 12:19:26	44	1	1	0
     2876	2023-07-31 12:20:12	44	0	1	0
     1978	2023-07-31 12:23:43	44	1	1	0
     1011	2023-07-31 12:25:21	44	0	1	0
      371	2023-07-31 12:25:29	44	0	1	0
     1978	2023-07-31 12:25:39	44	0	1	0
     2237	2023-07-31 12:26:51	44	0	1	0
     2422	2023-07-31 12:31:03	44	1	1	0
     2422	2023-07-31 12:45:58	44	0	1	0
     2169	2023-07-31 17:01:33	44	1	1	0
     2422	2023-07-31 17:31:18	44	1	1	0
     2422	2023-07-31 17:31:20	44	1	1	0
      371	2023-07-31 17:32:41	44	1	1	0
     2876	2023-07-31 17:33:41	44	1	1	0
     1450	2023-07-31 17:35:09	44	1	1	0
     1450	2023-07-31 17:35:12	44	1	1	0
     1978	2023-07-31 17:35:21	44	1	1	0
     1978	2023-07-31 17:35:27	44	1	1	0
     1169	2023-07-31 17:36:15	44	1	1	0
     2237	2023-07-31 17:36:34	44	1	1	0
     2184	2023-07-31 17:39:04	44	1	1	0
     1011	2023-07-31 17:57:00	44	1	1	0
      155	2023-07-31 18:47:14	44	1	1	0
     1169	2023-07-31 19:18:23	44	1	1	0
      839	2023-08-01 07:36:22	44	0	1	0
     1450	2023-08-01 07:36:28	44	0	1	0
     1450	2023-08-01 07:36:30	44	0	1	0
     1169	2023-08-01 07:38:10	44	0	1	0
     1011	2023-08-01 07:43:11	44	0	1	0
      370	2023-08-01 07:48:42	44	0	1	0
     2169	2023-08-01 07:50:33	44	0	1	0
      155	2023-08-01 07:55:58	44	0	1	0
     2184	2023-08-01 07:57:44	44	0	1	0
      371	2023-08-01 07:57:59	44	0	1	0
     2422	2023-08-01 07:58:59	44	0	1	0
     2422	2023-08-01 07:59:04	44	0	1	0
     2876	2023-08-01 08:00:48	44	0	1	0
     2237	2023-08-01 08:03:21	44	0	1	0
     1978	2023-08-01 08:05:01	44	0	1	0
     2876	2023-08-01 12:01:07	44	1	1	0
     2184	2023-08-01 12:01:51	44	1	1	0
     2876	2023-08-01 12:13:12	44	0	1	0
     2184	2023-08-01 12:13:25	44	0	1	0
     2422	2023-08-01 12:15:50	44	1	1	0
     2422	2023-08-01 12:15:52	44	1	1	0
     2237	2023-08-01 12:17:38	44	1	1	0
     2169	2023-08-01 12:17:45	44	1	1	0
     1169	2023-08-01 12:17:58	44	1	1	0
      839	2023-08-01 12:18:01	44	1	1	0
      155	2023-08-01 12:18:20	44	1	1	0
     2422	2023-08-01 12:18:37	44	0	1	0
     1011	2023-08-01 12:19:09	44	1	1	0
      370	2023-08-01 12:19:38	44	1	1	0
     1450	2023-08-01 12:19:51	44	1	1	0
     1450	2023-08-01 12:19:53	44	1	1	0
     1978	2023-08-01 12:20:05	44	1	1	0
     2169	2023-08-01 12:22:34	44	0	1	0
      371	2023-08-01 12:22:46	44	0	1	0
      839	2023-08-01 12:23:05	44	0	1	0
      371	2023-08-01 12:23:13	44	0	1	0
      371	2023-08-01 12:26:03	44	0	1	0
     2237	2023-08-01 12:26:37	44	0	1	0
     1450	2023-08-01 12:31:44	44	0	1	0
     1450	2023-08-01 12:31:46	44	0	1	0
     1169	2023-08-01 12:39:53	44	0	1	0
      370	2023-08-01 12:40:13	44	0	1	0
     1011	2023-08-01 12:44:07	44	0	1	0
      155	2023-08-01 12:51:04	44	0	1	0
     1978	2023-08-01 12:51:16	44	0	1	0
      155	2023-08-01 12:52:20	44	1	1	0
      155	2023-08-01 12:52:23	44	1	1	0
     2237	2023-08-01 17:04:18	44	1	1	0
     2169	2023-08-01 17:05:11	44	1	1	0
     1169	2023-08-01 17:08:15	44	1	1	0
      371	2023-08-01 17:27:11	44	1	1	0
     1450	2023-08-01 17:29:55	44	1	1	0
     1450	2023-08-01 17:29:58	44	1	1	0
      370	2023-08-01 17:31:17	44	1	1	0
     1978	2023-08-01 17:33:30	44	1	1	0
     2876	2023-08-01 17:39:58	44	1	1	0
      839	2023-08-01 17:43:38	44	1	1	0
     2422	2023-08-01 17:45:29	44	1	1	0
     2422	2023-08-01 17:45:31	44	1	1	0
      155	2023-08-01 18:23:43	44	1	1	0
     1011	2023-08-01 18:24:14	44	1	1	0
      371	2023-08-01 18:55:43	44	1	1	0
     2184	2023-08-01 19:20:33	44	1	1	0
     1011	2023-08-02 07:02:19	44	0	1	0
     1450	2023-08-02 07:04:42	44	0	1	0
     1450	2023-08-02 07:04:45	44	0	1	0
     1169	2023-08-02 07:27:52	44	0	1	0
     2169	2023-08-02 07:43:16	44	0	1	0
      370	2023-08-02 07:49:12	44	0	1	0
      371	2023-08-02 07:50:16	44	0	1	0
      371	2023-08-02 07:50:25	44	0	1	0
      839	2023-08-02 07:52:19	44	0	1	0
      839	2023-08-02 07:52:29	44	0	1	0
     2237	2023-08-02 07:52:44	44	0	1	0
     1978	2023-08-02 07:56:47	44	0	1	0
     2184	2023-08-02 07:58:31	44	0	1	0
      155	2023-08-02 08:05:53	44	0	1	0
     2422	2023-08-02 08:07:02	44	0	1	0
     2422	2023-08-02 08:07:18	44	0	1	0
     2876	2023-08-02 08:19:09	44	0	1	0
      568	2023-08-02 08:24:56	44	0	1	0
     2876	2023-08-02 12:03:54	44	1	1	0
     2169	2023-08-02 12:04:07	44	1	1	0
      568	2023-08-02 12:05:42	44	1	1	0
      839	2023-08-02 12:06:44	44	1	1	0
      371	2023-08-02 12:06:51	44	1	1	0
     1011	2023-08-02 12:06:58	44	1	1	0
     2169	2023-08-02 12:07:24	44	0	1	0
     2184	2023-08-02 12:07:36	44	1	1	0
      155	2023-08-02 12:11:25	44	1	1	0
     2184	2023-08-02 12:12:14	44	0	1	0
      155	2023-08-02 12:31:02	44	0	1	0
     1169	2023-08-02 12:31:09	44	1	1	0
      839	2023-08-02 12:31:43	44	0	1	0
     1169	2023-08-02 12:33:55	44	0	1	0
     2237	2023-08-02 12:34:23	44	1	1	0
     1450	2023-08-02 12:35:32	44	1	1	0
     1450	2023-08-02 12:35:34	44	1	1	0
     1978	2023-08-02 12:40:52	44	1	1	0
      371	2023-08-02 12:41:03	44	0	1	0
      568	2023-08-02 12:41:24	44	0	1	0
     2237	2023-08-02 12:41:30	44	0	1	0
     1011	2023-08-02 12:41:39	44	0	1	0
     2422	2023-08-02 12:41:44	44	1	1	0
     2422	2023-08-02 12:43:09	44	0	1	0
     1450	2023-08-02 12:43:14	44	0	1	0
     1450	2023-08-02 12:43:16	44	0	1	0
     2169	2023-08-02 17:04:54	44	1	1	0
      370	2023-08-02 17:10:19	44	0	1	0
      370	2023-08-02 17:10:24	44	1	1	0
      839	2023-08-02 17:10:45	44	1	1	0
     2422	2023-08-02 17:22:57	44	1	1	0
     2422	2023-08-02 17:22:59	44	1	1	0
     2237	2023-08-02 17:23:10	44	1	1	0
     1169	2023-08-02 17:28:35	44	1	1	0
      371	2023-08-02 17:28:38	44	1	1	0
      155	2023-08-02 17:34:41	44	1	1	0
     1978	2023-08-02 17:34:59	44	1	1	0
     1450	2023-08-02 17:38:16	44	1	1	0
     1450	2023-08-02 17:38:19	44	1	1	0
     2876	2023-08-02 18:27:40	44	1	1	0
      568	2023-08-02 19:06:45	44	0	1	0
      568	2023-08-02 19:06:53	44	1	1	0
     1011	2023-08-02 19:27:10	44	1	1	0
     2184	2023-08-02 19:35:33	44	1	1	0
     1450	2023-08-03 07:31:04	44	0	1	0
     1450	2023-08-03 07:31:07	44	0	1	0
     1011	2023-08-03 07:32:09	44	0	1	0
     2169	2023-08-03 07:41:03	44	0	1	0
     2169	2023-08-03 07:41:06	44	0	1	0
      839	2023-08-03 07:41:13	44	0	1	0
     1978	2023-08-03 07:51:38	44	0	1	0
     2237	2023-08-03 07:54:39	44	0	1	0
      370	2023-08-03 07:55:43	44	0	1	0
      371	2023-08-03 07:56:08	44	0	1	0
     2184	2023-08-03 07:59:09	44	0	1	0
     1169	2023-08-03 07:59:44	44	0	1	0
     2876	2023-08-03 08:02:52	44	0	1	0
     2422	2023-08-03 08:04:07	44	0	1	0
     2876	2023-08-03 12:03:58	44	1	1	0
      568	2023-08-03 12:04:57	44	1	1	0
     2184	2023-08-03 12:06:37	44	1	1	0
     2169	2023-08-03 12:10:03	44	1	1	0
     2169	2023-08-03 12:10:07	44	1	1	0
     2169	2023-08-03 12:10:10	44	1	1	0
     2184	2023-08-03 12:12:19	44	0	1	0
     2169	2023-08-03 12:18:33	44	0	1	0
     2876	2023-08-03 12:25:28	44	0	1	0
      568	2023-08-03 12:34:57	44	0	1	0
      839	2023-08-03 12:35:04	44	1	1	0
     1450	2023-08-03 12:37:30	44	1	1	0
     1450	2023-08-03 12:37:32	44	1	1	0
     1011	2023-08-03 12:37:37	44	1	1	0
     2237	2023-08-03 12:37:43	44	1	1	0
      370	2023-08-03 12:37:57	44	1	1	0
      839	2023-08-03 12:39:43	44	0	1	0
      370	2023-08-03 12:42:51	44	0	1	0
     1450	2023-08-03 12:48:29	44	0	1	0
     1450	2023-08-03 12:48:31	44	0	1	0
     2237	2023-08-03 12:48:34	44	0	1	0
     1011	2023-08-03 12:49:01	44	0	1	0
      839	2023-08-03 17:03:05	44	1	1	0
      370	2023-08-03 17:18:15	44	1	1	0
     2237	2023-08-03 17:49:26	44	1	1	0
     1978	2023-08-03 17:50:16	44	1	1	0
     1978	2023-08-03 17:50:21	44	1	1	0
     2169	2023-08-03 17:50:55	44	1	1	0
     2876	2023-08-03 17:52:19	44	1	1	0
     1169	2023-08-03 18:01:25	44	1	1	0
      371	2023-08-03 18:01:38	44	1	1	0
     2184	2023-08-03 18:02:16	44	1	1	0
     1450	2023-08-03 18:11:34	44	1	1	0
     1450	2023-08-03 18:11:36	44	1	1	0
      568	2023-08-03 18:16:25	44	1	1	0
     2422	2023-08-03 18:22:45	44	1	1	0
     2422	2023-08-03 18:22:47	44	1	1	0
     1011	2023-08-03 19:02:20	44	1	1	0
      839	2023-08-04 07:31:54	44	0	1	0
     1450	2023-08-04 07:32:01	44	0	1	0
     1450	2023-08-04 07:32:04	44	0	1	0
     1011	2023-08-04 07:45:38	44	0	1	0
     2169	2023-08-04 07:53:13	44	0	1	0
     2169	2023-08-04 07:53:15	44	0	1	0
      370	2023-08-04 07:54:11	44	0	1	0
     1978	2023-08-04 07:57:23	44	0	1	0
     1978	2023-08-04 07:57:28	44	0	1	0
     2237	2023-08-04 07:58:52	44	0	1	0
     2422	2023-08-04 08:01:18	44	0	1	0
     2422	2023-08-04 08:01:24	44	0	1	0
     2184	2023-08-04 08:02:22	44	0	1	0
      371	2023-08-04 08:08:41	44	0	1	0
     2876	2023-08-04 08:22:11	44	0	1	0
      568	2023-08-04 08:26:51	44	0	1	0
      370	2023-08-04 12:01:15	44	1	1	0
     2184	2023-08-04 12:01:21	44	1	1	0
     2237	2023-08-04 12:01:27	44	1	1	0
     1011	2023-08-04 12:01:37	44	1	1	0
      839	2023-08-04 12:01:52	44	1	1	0
     2876	2023-08-04 12:03:06	44	1	1	0
     2422	2023-08-04 12:03:21	44	1	1	0
     2169	2023-08-04 12:03:32	44	1	1	0
     2169	2023-08-04 12:03:35	44	1	1	0
      839	2023-08-04 12:07:47	44	0	1	0
      370	2023-08-04 12:08:07	44	0	1	0
     1450	2023-08-04 12:09:18	44	1	1	0
     1450	2023-08-04 12:09:20	44	1	1	0
     1978	2023-08-04 12:09:25	44	1	1	0
     1978	2023-08-04 12:09:28	44	1	1	0
      371	2023-08-04 12:10:16	44	1	1	0
     2169	2023-08-04 12:10:30	44	0	1	0
     2169	2023-08-04 12:10:33	44	0	1	0
     2184	2023-08-04 12:11:08	44	0	1	0
     2237	2023-08-04 12:11:14	44	0	1	0
     2876	2023-08-04 12:11:23	44	0	1	0
     1450	2023-08-04 12:12:52	44	0	1	0
     1450	2023-08-04 12:12:55	44	0	1	0
     1978	2023-08-04 12:13:14	44	0	1	0
     1978	2023-08-04 12:13:16	44	0	1	0
      568	2023-08-04 12:18:10	44	1	1	0
      371	2023-08-04 12:25:46	44	0	1	0
     2422	2023-08-04 12:27:19	44	0	1	0
     2169	2023-08-04 17:03:52	44	1	1	0
     2169	2023-08-04 17:03:54	44	1	1	0
      371	2023-08-04 17:03:58	44	1	1	0
      370	2023-08-04 17:09:24	44	1	1	0
      839	2023-08-04 17:09:59	44	1	1	0
     1978	2023-08-04 17:11:58	44	1	1	0
     2876	2023-08-04 17:18:02	44	1	1	0
     1450	2023-08-04 17:30:14	44	1	1	0
     1450	2023-08-04 17:30:17	44	1	1	0
     1011	2023-08-04 17:52:17	44	1	1	0
     2422	2023-08-04 18:10:46	44	1	1	0
     2422	2023-08-04 18:10:48	44	1	1	0
      568	2023-08-04 18:12:33	44	1	1	0
     2237	2023-08-04 18:52:16	44	1	1	0
     2184	2023-08-04 18:52:52	44	1	1	0
     1450	2023-08-07 07:32:39	44	0	1	0
     1450	2023-08-07 07:32:41	44	0	1	0
     1978	2023-08-07 07:35:07	44	0	1	0
     2169	2023-08-07 07:43:05	44	0	1	0
     2169	2023-08-07 07:43:07	44	0	1	0
     1011	2023-08-07 07:45:35	44	0	1	0
      839	2023-08-07 07:47:02	44	0	1	0
      370	2023-08-07 07:50:33	44	0	1	0
      371	2023-08-07 07:53:53	44	0	1	0
      155	2023-08-07 07:53:57	44	0	1	0
     2184	2023-08-07 07:54:35	44	0	1	0
     1169	2023-08-07 07:58:41	44	0	1	0
     2237	2023-08-07 08:02:28	44	0	1	0
      568	2023-08-07 08:05:01	44	0	1	0
     2422	2023-08-07 08:07:58	44	0	1	0
     2422	2023-08-07 08:08:01	44	0	1	0
     2876	2023-08-07 08:15:39	44	0	1	0
     1169	2023-08-07 12:01:13	44	1	1	0
     2169	2023-08-07 12:02:33	44	1	1	0
     2169	2023-08-07 12:02:35	44	1	1	0
      370	2023-08-07 12:04:44	44	1	1	0
     1169	2023-08-07 12:05:19	44	0	1	0
     1978	2023-08-07 12:08:48	44	1	1	0
      568	2023-08-07 12:08:54	44	1	1	0
     2237	2023-08-07 12:09:29	44	1	1	0
     1011	2023-08-07 12:09:33	44	1	1	0
     2422	2023-08-07 12:09:57	44	1	1	0
     1978	2023-08-07 12:11:35	44	0	1	0
     2237	2023-08-07 12:12:02	44	0	1	0
     1011	2023-08-07 12:12:06	44	0	1	0
      568	2023-08-07 12:12:10	44	0	1	0
     1450	2023-08-07 12:12:50	44	1	1	0
     1450	2023-08-07 12:12:52	44	1	1	0
     2422	2023-08-07 12:13:29	44	0	1	0
      371	2023-08-07 12:16:26	44	1	1	0
     1450	2023-08-07 12:19:37	44	0	1	0
     1450	2023-08-07 12:19:40	44	0	1	0
     2169	2023-08-07 12:35:31	44	0	1	0
      839	2023-08-07 12:37:41	44	1	1	0
      370	2023-08-07 12:42:39	44	0	1	0
      371	2023-08-07 12:45:27	44	0	1	0
      839	2023-08-07 12:49:06	44	0	1	0
     2169	2023-08-07 17:08:42	44	1	1	0
     2169	2023-08-07 17:08:45	44	1	1	0
      371	2023-08-07 17:10:32	44	1	1	0
     2237	2023-08-07 17:12:11	44	1	1	0
      370	2023-08-07 17:13:23	44	1	1	0
      839	2023-08-07 17:15:45	44	1	1	0
     1978	2023-08-07 17:25:41	44	0	1	0
     1978	2023-08-07 17:25:46	44	1	1	0
     1978	2023-08-07 17:25:49	44	1	1	0
     1978	2023-08-07 17:25:52	44	1	1	0
     1450	2023-08-07 17:28:11	44	1	1	0
     1450	2023-08-07 17:28:14	44	1	1	0
     2422	2023-08-07 17:28:34	44	1	1	0
     2422	2023-08-07 17:28:36	44	1	1	0
     1011	2023-08-07 18:11:53	44	1	1	0
     2184	2023-08-07 18:11:59	44	1	1	0
     2876	2023-08-07 18:13:13	44	1	1	0
      568	2023-08-07 18:30:16	44	1	1	0
      155	2023-08-07 19:27:16	44	1	1	0
     1450	2023-08-08 07:34:47	44	0	1	0
     1450	2023-08-08 07:34:49	44	0	1	0
      839	2023-08-08 07:34:56	44	0	1	0
     1011	2023-08-08 07:37:36	44	0	1	0
     2169	2023-08-08 07:45:16	44	0	1	0
     2169	2023-08-08 07:45:19	44	0	1	0
      370	2023-08-08 07:51:20	44	0	1	0
     1978	2023-08-08 07:56:37	44	0	1	0
     2422	2023-08-08 08:00:12	44	0	1	0
     1169	2023-08-08 08:02:27	44	0	1	0
     2184	2023-08-08 08:02:56	44	0	1	0
     2237	2023-08-08 08:08:05	44	0	1	0
     2876	2023-08-08 08:13:35	44	0	1	0
      371	2023-08-08 08:14:37	44	0	1	0
      568	2023-08-08 08:28:41	44	0	1	0
     2876	2023-08-08 12:01:07	44	1	1	0
     2184	2023-08-08 12:01:12	44	1	1	0
     1169	2023-08-08 12:01:45	44	1	1	0
     2237	2023-08-08 12:01:48	44	1	1	0
     1011	2023-08-08 12:02:58	44	1	1	0
      568	2023-08-08 12:03:05	44	1	1	0
      371	2023-08-08 12:03:22	44	1	1	0
     1169	2023-08-08 12:04:24	44	0	1	0
     1450	2023-08-08 12:05:32	44	1	1	0
     1450	2023-08-08 12:05:35	44	1	1	0
     2237	2023-08-08 12:06:08	44	0	1	0
     1011	2023-08-08 12:06:12	44	0	1	0
      371	2023-08-08 12:06:25	44	0	1	0
     1978	2023-08-08 12:06:42	44	1	1	0
      568	2023-08-08 12:07:16	44	0	1	0
     2184	2023-08-08 12:07:49	44	0	1	0
     2876	2023-08-08 12:08:59	44	0	1	0
     2422	2023-08-08 12:18:38	44	1	1	0
     2169	2023-08-08 12:18:56	44	1	1	0
     2169	2023-08-08 12:18:59	44	1	1	0
     2422	2023-08-08 12:21:59	44	0	1	0
     1450	2023-08-08 12:28:57	44	0	1	0
     1450	2023-08-08 12:28:59	44	0	1	0
     1978	2023-08-08 12:30:35	44	0	1	0
      370	2023-08-08 12:30:56	44	1	1	0
      839	2023-08-08 12:31:53	44	1	1	0
      370	2023-08-08 12:32:36	44	0	1	0
     2169	2023-08-08 12:38:47	44	0	1	0
     2169	2023-08-08 12:38:50	44	0	1	0
     2169	2023-08-08 17:02:43	44	1	1	0
     2169	2023-08-08 17:02:45	44	1	1	0
      839	2023-08-08 17:05:19	44	1	1	0
      370	2023-08-08 17:05:59	44	1	1	0
      371	2023-08-08 17:07:30	44	1	1	0
     2876	2023-08-08 17:18:14	44	1	1	0
     1450	2023-08-08 17:28:19	44	1	1	0
     1450	2023-08-08 17:28:21	44	1	1	0
     2422	2023-08-08 17:58:34	44	1	1	0
     2422	2023-08-08 17:58:40	44	1	1	0
     1978	2023-08-08 18:17:58	44	1	1	0
     1978	2023-08-08 18:18:01	44	1	1	0
      568	2023-08-08 18:26:49	44	1	1	0
     2184	2023-08-08 18:29:24	44	1	1	0
     2237	2023-08-08 19:23:24	44	1	1	0
     1011	2023-08-08 19:23:30	44	1	1	0
     1450	2023-08-09 07:45:38	44	0	1	0
     1450	2023-08-09 07:45:40	44	0	1	0
     1011	2023-08-09 07:48:17	44	0	1	0
     1978	2023-08-09 07:50:14	44	0	1	0
     2237	2023-08-09 07:50:23	44	0	1	0
      371	2023-08-09 07:50:35	44	0	1	0
     2169	2023-08-09 07:54:27	44	0	1	0
      370	2023-08-09 07:55:48	44	0	1	0
      839	2023-08-09 07:56:19	44	0	1	0
     2184	2023-08-09 07:58:00	44	0	1	0
     1169	2023-08-09 08:00:35	44	0	1	0
     2422	2023-08-09 08:00:52	44	0	1	0
     2876	2023-08-09 08:14:38	44	0	1	0
      568	2023-08-09 08:37:56	44	0	1	0
     2184	2023-08-09 12:01:08	44	1	1	0
     2237	2023-08-09 12:01:14	44	1	1	0
     2876	2023-08-09 12:01:22	44	1	1	0
     1011	2023-08-09 12:02:37	44	1	1	0
     1169	2023-08-09 12:02:42	44	1	1	0
      371	2023-08-09 12:05:43	44	1	1	0
     1169	2023-08-09 12:06:20	44	0	1	0
     2184	2023-08-09 12:07:31	44	0	1	0
     2237	2023-08-09 12:07:46	44	0	1	0
     2876	2023-08-09 12:07:51	44	0	1	0
     1450	2023-08-09 12:15:18	44	1	1	0
     1450	2023-08-09 12:15:21	44	1	1	0
     1011	2023-08-09 12:18:04	44	0	1	0
     1450	2023-08-09 12:23:52	44	0	1	0
     1450	2023-08-09 12:23:54	44	0	1	0
      839	2023-08-09 12:26:48	44	1	1	0
     2169	2023-08-09 12:27:46	44	1	1	0
     1978	2023-08-09 12:27:56	44	1	1	0
      568	2023-08-09 12:27:59	44	1	1	0
      370	2023-08-09 12:28:17	44	1	1	0
      371	2023-08-09 12:28:36	44	0	1	0
      371	2023-08-09 12:29:40	44	1	1	0
      839	2023-08-09 12:30:59	44	0	1	0
      370	2023-08-09 12:31:43	44	0	1	0
      371	2023-08-09 12:31:59	44	0	1	0
     2169	2023-08-09 12:35:25	44	0	1	0
     1978	2023-08-09 12:37:31	44	0	1	0
      568	2023-08-09 12:44:50	44	0	1	0
     2169	2023-08-09 17:04:13	44	1	1	0
     2169	2023-08-09 17:04:15	44	1	1	0
     2422	2023-08-09 17:16:28	44	1	1	0
     2422	2023-08-09 17:16:30	44	1	1	0
      370	2023-08-09 17:17:01	44	1	1	0
      839	2023-08-09 17:17:05	44	1	1	0
     1450	2023-08-09 17:19:12	44	1	1	0
     1450	2023-08-09 17:19:15	44	1	1	0
     2876	2023-08-09 17:23:40	44	1	1	0
      371	2023-08-09 17:25:22	44	1	1	0
     1011	2023-08-09 17:26:13	44	1	1	0
     1978	2023-08-09 17:27:25	44	1	1	0
     1169	2023-08-09 17:27:39	44	1	1	0
     2237	2023-08-09 18:15:20	44	1	1	0
      568	2023-08-09 18:59:57	44	1	1	0
     2184	2023-08-09 19:03:28	44	1	1	0
     1450	2023-08-10 07:45:52	44	0	1	0
     1450	2023-08-10 07:45:55	44	0	1	0
     1011	2023-08-10 07:46:02	44	0	1	0
     2169	2023-08-10 07:46:09	44	0	1	0
     2169	2023-08-10 07:46:11	44	0	1	0
      370	2023-08-10 07:49:37	44	0	1	0
     1169	2023-08-10 07:55:57	44	0	1	0
      839	2023-08-10 07:56:40	44	0	1	0
     2422	2023-08-10 08:01:46	44	0	1	0
      371	2023-08-10 08:10:23	44	0	1	0
     2876	2023-08-10 08:15:21	44	0	1	0
      155	2023-08-10 08:20:39	44	0	1	0
      568	2023-08-10 08:27:16	44	0	1	0
     1169	2023-08-10 12:02:00	44	1	1	0
      839	2023-08-10 12:02:48	44	1	1	0
     1011	2023-08-10 12:02:58	44	1	1	0
      371	2023-08-10 12:03:03	44	1	1	0
      155	2023-08-10 12:03:08	44	1	1	0
     2169	2023-08-10 12:03:14	44	1	1	0
      568	2023-08-10 12:03:59	44	1	1	0
     2876	2023-08-10 12:04:05	44	1	1	0
      155	2023-08-10 12:08:06	44	0	1	0
     1011	2023-08-10 12:08:27	44	0	1	0
      371	2023-08-10 12:08:34	44	0	1	0
     2876	2023-08-10 12:10:43	44	0	1	0
     1169	2023-08-10 12:25:23	44	0	1	0
      839	2023-08-10 12:28:00	44	0	1	0
      568	2023-08-10 12:29:07	44	0	1	0
     2169	2023-08-10 12:31:06	44	0	1	0
     2169	2023-08-10 17:03:32	44	1	1	0
     2169	2023-08-10 17:03:34	44	1	1	0
     1450	2023-08-10 17:07:14	44	1	1	0
     1450	2023-08-10 17:07:16	44	1	1	0
      839	2023-08-10 17:08:04	44	1	1	0
      370	2023-08-10 17:08:52	44	1	1	0
     2876	2023-08-10 17:11:44	44	1	1	0
      371	2023-08-10 17:26:42	44	1	1	0
      155	2023-08-10 17:29:23	44	1	1	0
     1169	2023-08-10 17:36:36	44	1	1	0
      371	2023-08-10 17:38:53	44	1	1	0
     2422	2023-08-10 17:41:36	44	1	1	0
     2422	2023-08-10 17:41:38	44	1	1	0
      568	2023-08-10 18:01:31	44	1	1	0
     1011	2023-08-10 18:50:26	44	1	1	0
     2169	2023-08-11 07:41:35	44	0	1	0
     1450	2023-08-11 07:41:57	44	0	1	0
     1450	2023-08-11 07:41:59	44	0	1	0
      370	2023-08-11 07:43:40	44	0	1	0
     1011	2023-08-11 07:44:38	44	0	1	0
      839	2023-08-11 07:47:37	44	0	1	0
     2237	2023-08-11 07:54:25	44	0	1	0
     1978	2023-08-11 07:56:14	44	0	1	0
     1978	2023-08-11 07:56:17	44	0	1	0
      155	2023-08-11 07:58:04	44	0	1	0
     1169	2023-08-11 07:59:46	44	0	1	0
     2422	2023-08-11 08:10:36	44	0	1	0
     2876	2023-08-11 08:12:23	44	0	1	0
      568	2023-08-11 08:30:01	44	0	1	0
     2876	2023-08-11 12:01:35	44	1	1	0
     2184	2023-08-11 12:03:08	44	1	1	0
     2237	2023-08-11 12:03:13	44	1	1	0
     1169	2023-08-11 12:03:40	44	1	1	0
      568	2023-08-11 12:05:40	44	1	1	0
     1011	2023-08-11 12:05:47	44	1	1	0
     1169	2023-08-11 12:06:01	44	0	1	0
     2237	2023-08-11 12:06:21	44	0	1	0
     2876	2023-08-11 12:06:42	44	0	1	0
      155	2023-08-11 12:08:31	44	1	1	0
     2184	2023-08-11 12:08:46	44	0	1	0
      568	2023-08-11 12:08:54	44	0	1	0
     1011	2023-08-11 12:09:18	44	0	1	0
     1450	2023-08-11 12:09:37	44	1	1	0
     1450	2023-08-11 12:09:40	44	1	1	0
     2169	2023-08-11 12:14:08	44	1	1	0
      839	2023-08-11 12:16:15	44	1	1	0
     1450	2023-08-11 12:23:51	44	0	1	0
     1450	2023-08-11 12:23:54	44	0	1	0
     2169	2023-08-11 12:28:05	44	0	1	0
     2169	2023-08-11 12:28:08	44	0	1	0
      839	2023-08-11 12:35:23	44	0	1	0
      155	2023-08-11 12:42:46	44	0	1	0
     1978	2023-08-11 12:42:55	44	1	1	0
     1978	2023-08-11 12:46:03	44	1	1	0
     1978	2023-08-11 12:46:10	44	0	1	0
     1978	2023-08-11 12:46:13	44	0	1	0
     1978	2023-08-11 12:46:16	44	0	1	0
      155	2023-08-11 12:53:30	44	0	1	0
     2422	2023-08-11 14:01:39	44	1	1	0
      370	2023-08-11 17:05:45	44	1	1	0
     2169	2023-08-11 17:07:08	44	1	1	0
     2169	2023-08-11 17:07:10	44	1	1	0
      155	2023-08-11 17:08:42	44	1	1	0
     2876	2023-08-11 17:09:32	44	1	1	0
      839	2023-08-11 17:10:23	44	1	1	0
     2184	2023-08-11 17:11:50	44	1	1	0
     2237	2023-08-11 17:15:56	44	1	1	0
     1169	2023-08-11 17:16:21	44	1	1	0
     1450	2023-08-11 17:27:56	44	1	1	0
     1450	2023-08-11 17:27:59	44	1	1	0
      568	2023-08-11 17:49:20	44	1	1	0
     1978	2023-08-11 17:50:27	44	1	1	0
     1978	2023-08-11 17:50:30	44	1	1	0
     1011	2023-08-11 19:46:45	44	1	1	0
     1450	2023-08-14 07:31:13	44	0	1	0
     1450	2023-08-14 07:31:15	44	0	1	0
      370	2023-08-14 07:32:07	44	0	1	0
     1978	2023-08-14 07:34:12	44	0	1	0
     1978	2023-08-14 07:34:15	44	0	1	0
     1011	2023-08-14 07:45:00	44	0	1	0
      839	2023-08-14 07:46:30	44	0	1	0
     2237	2023-08-14 07:50:44	44	0	1	0
     1169	2023-08-14 07:53:01	44	0	1	0
     2184	2023-08-14 07:59:50	44	0	1	0
      155	2023-08-14 08:04:25	44	0	1	0
     2876	2023-08-14 08:11:25	44	0	1	0
      568	2023-08-14 08:31:55	44	0	1	0
     2169	2023-08-14 08:47:09	44	0	1	0
     2876	2023-08-14 12:03:47	44	1	1	0
     2876	2023-08-14 12:03:52	44	1	1	0
     2237	2023-08-14 12:05:38	44	1	1	0
     2184	2023-08-14 12:06:50	44	1	1	0
     1169	2023-08-14 12:07:47	44	1	1	0
     2169	2023-08-14 12:08:37	44	1	1	0
     2169	2023-08-14 12:08:40	44	1	1	0
     1450	2023-08-14 12:09:04	44	1	1	0
     1450	2023-08-14 12:09:07	44	1	1	0
      839	2023-08-14 12:09:18	44	1	1	0
     2169	2023-08-14 12:11:05	44	0	1	0
     2876	2023-08-14 12:11:31	44	0	1	0
      568	2023-08-14 12:12:01	44	1	1	0
     1169	2023-08-14 12:12:34	44	0	1	0
     1450	2023-08-14 12:22:32	44	0	1	0
     1450	2023-08-14 12:22:35	44	0	1	0
     1011	2023-08-14 12:34:56	44	1	1	0
      155	2023-08-14 12:35:43	44	1	1	0
     1978	2023-08-14 12:36:11	44	1	1	0
      839	2023-08-14 12:38:30	44	0	1	0
     2184	2023-08-14 12:38:49	44	0	1	0
      568	2023-08-14 12:39:43	44	0	1	0
     1011	2023-08-14 12:39:47	44	0	1	0
     2237	2023-08-14 12:39:59	44	0	1	0
      155	2023-08-14 12:40:03	44	0	1	0
     1978	2023-08-14 12:41:24	44	0	1	0
     2169	2023-08-14 17:03:33	44	1	1	0
     2169	2023-08-14 17:03:36	44	1	1	0
     2237	2023-08-14 17:04:56	44	1	1	0
      839	2023-08-14 17:09:37	44	1	1	0
      155	2023-08-14 17:15:11	44	1	1	0
     1450	2023-08-14 17:18:32	44	1	1	0
     1450	2023-08-14 17:18:34	44	1	1	0
     2876	2023-08-14 17:19:42	44	1	1	0
     1978	2023-08-14 17:41:24	44	1	1	0
     2184	2023-08-14 17:49:02	44	1	1	0
     1011	2023-08-14 18:13:41	44	1	1	0
     1450	2023-08-15 07:40:24	44	0	1	0
     1450	2023-08-15 07:40:27	44	0	1	0
      370	2023-08-15 07:41:02	44	0	1	0
      371	2023-08-15 07:47:21	44	0	1	0
     2169	2023-08-15 07:48:28	44	0	1	0
     2169	2023-08-15 07:48:31	44	0	1	0
      839	2023-08-15 07:49:09	44	0	1	0
     1169	2023-08-15 07:54:05	44	0	1	0
     1978	2023-08-15 07:54:13	44	0	1	0
     2237	2023-08-15 07:55:31	44	0	1	0
     1011	2023-08-15 07:59:30	44	0	1	0
     2184	2023-08-15 08:00:35	44	0	1	0
     2422	2023-08-15 08:00:37	44	0	1	0
     2422	2023-08-15 08:00:43	44	0	1	0
     2876	2023-08-15 08:02:46	44	0	1	0
      155	2023-08-15 08:13:57	44	0	1	0
      568	2023-08-15 08:18:54	44	0	1	0
     2876	2023-08-15 12:01:11	44	1	1	0
      839	2023-08-15 12:01:22	44	1	1	0
     2169	2023-08-15 12:06:24	44	1	1	0
     2876	2023-08-15 12:07:20	44	0	1	0
     1011	2023-08-15 12:09:59	44	1	1	0
     1450	2023-08-15 12:10:07	44	1	1	0
     1450	2023-08-15 12:10:09	44	1	1	0
      371	2023-08-15 12:11:17	44	1	1	0
     1169	2023-08-15 12:11:23	44	1	1	0
     1978	2023-08-15 12:11:28	44	1	1	0
     2237	2023-08-15 12:11:47	44	1	1	0
     1011	2023-08-15 12:12:04	44	0	1	0
     2169	2023-08-15 12:12:28	44	0	1	0
     1169	2023-08-15 12:13:03	44	0	1	0
     1978	2023-08-15 12:13:08	44	0	1	0
     2237	2023-08-15 12:13:28	44	0	1	0
      370	2023-08-15 12:14:46	44	1	1	0
     1450	2023-08-15 12:27:36	44	0	1	0
     1450	2023-08-15 12:27:38	44	0	1	0
      370	2023-08-15 12:27:54	44	0	1	0
      371	2023-08-15 12:28:51	44	0	1	0
      839	2023-08-15 12:30:21	44	0	1	0
     2184	2023-08-15 12:37:52	44	1	1	0
      155	2023-08-15 12:38:06	44	1	1	0
      568	2023-08-15 12:40:52	44	1	1	0
     2184	2023-08-15 12:43:38	44	0	1	0
      568	2023-08-15 12:45:31	44	0	1	0
      155	2023-08-15 12:49:51	44	0	1	0
     2169	2023-08-15 17:02:26	44	1	1	0
     2169	2023-08-15 17:02:29	44	1	1	0
     2169	2023-08-15 17:02:31	44	1	1	0
      370	2023-08-15 17:08:22	44	1	1	0
     1169	2023-08-15 17:08:27	44	1	1	0
      839	2023-08-15 17:08:45	44	1	1	0
      155	2023-08-15 17:10:33	44	1	1	0
      371	2023-08-15 17:11:23	44	1	1	0
     2876	2023-08-15 17:32:50	44	1	1	0
     1450	2023-08-15 17:45:13	44	1	1	0
     1450	2023-08-15 17:45:15	44	1	1	0
     1978	2023-08-15 17:46:27	44	1	1	0
     1011	2023-08-15 17:47:02	44	1	1	0
     2422	2023-08-15 17:57:39	44	1	1	0
     2237	2023-08-15 18:20:56	44	1	1	0
     2184	2023-08-15 18:53:49	44	1	1	0
      568	2023-08-15 19:10:16	44	1	1	0
     2169	2023-08-16 07:45:55	44	0	1	0
     1450	2023-08-16 07:46:19	44	0	1	0
     1450	2023-08-16 07:46:21	44	0	1	0
      370	2023-08-16 07:46:41	44	0	1	0
      371	2023-08-16 07:51:50	44	0	1	0
     1978	2023-08-16 07:52:26	44	0	1	0
      839	2023-08-16 07:53:50	44	0	1	0
     1011	2023-08-16 07:55:34	44	0	1	0
      155	2023-08-16 07:56:59	44	0	1	0
     1169	2023-08-16 07:57:12	44	0	1	0
     2237	2023-08-16 07:59:23	44	0	1	0
     2184	2023-08-16 07:59:26	44	0	1	0
     2184	2023-08-16 07:59:34	44	0	1	0
     2876	2023-08-16 07:59:39	44	0	1	0
     2422	2023-08-16 08:01:34	44	0	1	0
      568	2023-08-16 08:29:33	44	0	1	0
     2169	2023-08-16 12:02:42	44	1	1	0
     2876	2023-08-16 12:08:02	44	1	1	0
     2184	2023-08-16 12:08:37	44	1	1	0
      839	2023-08-16 12:08:55	44	1	1	0
      371	2023-08-16 12:09:50	44	1	1	0
     1169	2023-08-16 12:10:08	44	1	1	0
      568	2023-08-16 12:11:44	44	1	1	0
      371	2023-08-16 12:12:10	44	1	1	0
     1169	2023-08-16 12:12:30	44	0	1	0
     2237	2023-08-16 12:13:14	44	1	1	0
      568	2023-08-16 12:16:45	44	0	1	0
     2184	2023-08-16 12:17:08	44	0	1	0
     2237	2023-08-16 12:17:28	44	0	1	0
     2876	2023-08-16 12:18:52	44	0	1	0
      155	2023-08-16 12:19:25	44	1	1	0
     1450	2023-08-16 12:19:35	44	1	1	0
     1450	2023-08-16 12:19:38	44	1	1	0
      370	2023-08-16 12:19:47	44	1	1	0
      371	2023-08-16 12:20:00	44	0	1	0
      370	2023-08-16 12:21:04	44	0	1	0
     1011	2023-08-16 12:21:24	44	1	1	0
      155	2023-08-16 12:22:17	44	0	1	0
     1450	2023-08-16 12:22:23	44	0	1	0
     1450	2023-08-16 12:22:26	44	0	1	0
     1978	2023-08-16 12:22:38	44	1	1	0
     1011	2023-08-16 12:23:18	44	0	1	0
     1978	2023-08-16 12:24:01	44	0	1	0
     2169	2023-08-16 12:26:41	44	0	1	0
      839	2023-08-16 12:27:02	44	0	1	0
     2169	2023-08-16 17:01:06	44	1	1	0
     2169	2023-08-16 17:01:08	44	1	1	0
     2422	2023-08-16 17:01:21	44	1	1	0
      839	2023-08-16 17:02:48	44	1	1	0
      371	2023-08-16 17:03:00	44	1	1	0
     2876	2023-08-16 17:04:38	44	1	1	0
     1978	2023-08-16 17:05:38	44	1	1	0
      370	2023-08-16 17:05:41	44	1	1	0
      155	2023-08-16 17:07:11	44	1	1	0
      839	2023-08-16 17:11:24	44	0	1	0
     1169	2023-08-16 17:18:15	44	1	1	0
     2184	2023-08-16 17:40:38	44	1	1	0
     1450	2023-08-16 17:43:20	44	1	1	0
     1450	2023-08-16 17:43:23	44	1	1	0
     1011	2023-08-16 17:44:38	44	1	1	0
      568	2023-08-16 17:49:03	44	1	1	0
     2237	2023-08-16 18:09:45	44	1	1	0
     1450	2023-08-17 07:40:51	44	0	1	0
     1450	2023-08-17 07:40:53	44	0	1	0
     2169	2023-08-17 07:44:56	44	0	1	0
     2169	2023-08-17 07:44:59	44	0	1	0
      839	2023-08-17 07:47:07	44	0	1	0
     2876	2023-08-17 07:48:10	44	0	1	0
     2237	2023-08-17 07:49:46	44	0	1	0
     1011	2023-08-17 07:51:51	44	0	1	0
      371	2023-08-17 07:52:29	44	0	1	0
     1169	2023-08-17 07:54:22	44	0	1	0
     1978	2023-08-17 07:57:26	44	0	1	0
      155	2023-08-17 07:57:57	44	0	1	0
     2184	2023-08-17 08:02:34	44	0	1	0
      568	2023-08-17 08:07:43	44	0	1	0
     2422	2023-08-17 08:14:55	44	0	1	0
     2422	2023-08-17 08:14:58	44	0	1	0
     2169	2023-08-17 12:03:01	44	1	1	0
     1169	2023-08-17 12:03:13	44	1	1	0
     2184	2023-08-17 12:04:07	44	1	1	0
     2876	2023-08-17 12:05:56	44	1	1	0
     1169	2023-08-17 12:10:07	44	0	1	0
      568	2023-08-17 12:10:16	44	1	1	0
     2169	2023-08-17 12:11:53	44	0	1	0
     2876	2023-08-17 12:15:38	44	0	1	0
      155	2023-08-17 12:16:21	44	1	1	0
     2184	2023-08-17 12:17:21	44	0	1	0
     2237	2023-08-17 12:18:10	44	1	1	0
      839	2023-08-17 12:18:35	44	1	1	0
     1978	2023-08-17 12:18:39	44	1	1	0
     1978	2023-08-17 12:21:23	44	0	1	0
     2237	2023-08-17 12:22:16	44	0	1	0
      568	2023-08-17 12:23:22	44	0	1	0
     1011	2023-08-17 12:24:14	44	1	1	0
      155	2023-08-17 12:24:24	44	0	1	0
      371	2023-08-17 12:24:47	44	1	1	0
     1011	2023-08-17 12:26:04	44	0	1	0
      371	2023-08-17 12:41:18	44	0	1	0
      839	2023-08-17 12:54:23	44	0	1	0
     2169	2023-08-17 17:01:47	44	1	1	0
     2169	2023-08-17 17:01:49	44	1	1	0
      155	2023-08-17 17:02:36	44	1	1	0
      371	2023-08-17 17:03:06	44	1	1	0
     1978	2023-08-17 17:03:16	44	1	1	0
     1978	2023-08-17 17:03:18	44	1	1	0
     1011	2023-08-17 17:03:33	44	1	1	0
     1450	2023-08-17 17:03:55	44	1	1	0
     1450	2023-08-17 17:03:58	44	1	1	0
      839	2023-08-17 17:04:12	44	1	1	0
     2876	2023-08-17 17:04:50	44	1	1	0
     2422	2023-08-17 17:07:35	44	1	1	0
     2422	2023-08-17 17:07:40	44	1	1	0
     2237	2023-08-17 17:54:05	44	1	1	0
     2184	2023-08-17 18:30:03	44	1	1	0
      568	2023-08-17 18:44:14	44	1	1	0
     1169	2023-08-17 18:52:38	44	1	1	0
     1450	2023-08-18 07:43:01	44	0	1	0
     1450	2023-08-18 07:43:04	44	0	1	0
      370	2023-08-18 07:43:39	44	0	1	0
     2169	2023-08-18 07:45:21	44	0	1	0
     2169	2023-08-18 07:45:24	44	0	1	0
      839	2023-08-18 07:49:43	44	0	1	0
     1011	2023-08-18 07:50:07	44	0	1	0
     2237	2023-08-18 07:56:06	44	0	1	0
     1169	2023-08-18 07:57:07	44	0	1	0
     2184	2023-08-18 07:57:12	44	0	1	0
     1978	2023-08-18 07:58:02	44	0	1	0
     1978	2023-08-18 07:58:06	44	0	1	0
     2422	2023-08-18 07:58:11	44	0	1	0
     2422	2023-08-18 07:58:14	44	0	1	0
      568	2023-08-18 08:00:20	44	0	1	0
     2876	2023-08-18 08:03:21	44	0	1	0
      371	2023-08-18 08:08:56	44	0	1	0
     2876	2023-08-18 12:01:25	44	1	1	0
     2184	2023-08-18 12:02:08	44	1	1	0
     1169	2023-08-18 12:02:38	44	1	1	0
      568	2023-08-18 12:02:43	44	1	1	0
     1978	2023-08-18 12:03:12	44	1	1	0
     1978	2023-08-18 12:03:15	44	1	1	0
     1011	2023-08-18 12:04:36	44	1	1	0
     2237	2023-08-18 12:04:46	44	1	1	0
     1169	2023-08-18 12:05:17	44	0	1	0
     2237	2023-08-18 12:06:11	44	0	1	0
     1978	2023-08-18 12:07:03	44	0	1	0
     2184	2023-08-18 12:07:14	44	0	1	0
     2876	2023-08-18 12:07:30	44	0	1	0
      568	2023-08-18 12:07:44	44	0	1	0
     1011	2023-08-18 12:09:42	44	0	1	0
      370	2023-08-18 12:18:13	44	1	1	0
      839	2023-08-18 12:18:38	44	1	1	0
     2169	2023-08-18 12:21:18	44	1	1	0
      371	2023-08-18 12:28:46	44	1	1	0
      839	2023-08-18 12:29:13	44	1	1	0
     2169	2023-08-18 12:29:40	44	0	1	0
      371	2023-08-18 12:31:24	44	0	1	0
      370	2023-08-18 12:53:58	44	0	1	0
      370	2023-08-18 17:01:48	44	1	1	0
     2169	2023-08-18 17:02:32	44	1	1	0
      371	2023-08-18 17:02:42	44	1	1	0
     1978	2023-08-18 17:04:15	44	1	1	0
     1450	2023-08-18 17:04:32	44	1	1	0
     1450	2023-08-18 17:04:35	44	1	1	0
      839	2023-08-18 17:05:54	44	1	1	0
      839	2023-08-18 17:05:59	44	1	1	0
     2876	2023-08-18 17:07:07	44	1	1	0
     1169	2023-08-18 17:09:24	44	1	1	0
      568	2023-08-18 17:59:49	44	1	1	0
     2422	2023-08-18 18:03:09	44	1	1	0
     2422	2023-08-18 18:03:11	44	1	1	0
     2237	2023-08-18 18:20:09	44	1	1	0
     1011	2023-08-18 20:30:50	44	1	1	0
      839	2023-08-22 07:36:41	44	0	1	0
     1450	2023-08-22 07:36:47	44	0	1	0
     1450	2023-08-22 07:36:50	44	0	1	0
     1011	2023-08-22 07:43:27	44	0	1	0
      370	2023-08-22 07:47:59	44	0	1	0
     2184	2023-08-22 07:55:04	44	0	1	0
     2169	2023-08-22 07:56:46	44	0	1	0
      568	2023-08-22 07:57:47	44	0	1	0
     2422	2023-08-22 07:59:03	44	0	1	0
     2422	2023-08-22 07:59:05	44	0	1	0
      371	2023-08-22 08:05:10	44	0	1	0
     2237	2023-08-22 08:06:58	44	0	1	0
     2876	2023-08-22 08:08:51	44	0	1	0
     1978	2023-08-22 08:10:06	44	0	1	0
     1978	2023-08-22 08:10:10	44	0	1	0
      839	2023-08-22 12:02:15	44	1	1	0
     2876	2023-08-22 12:02:34	44	1	1	0
     2169	2023-08-22 12:02:44	44	1	1	0
     2169	2023-08-22 12:02:46	44	1	1	0
     2184	2023-08-22 12:02:48	44	1	1	0
     1450	2023-08-22 12:05:55	44	1	1	0
     1450	2023-08-22 12:05:58	44	1	1	0
      370	2023-08-22 12:06:27	44	1	1	0
      371	2023-08-22 12:07:48	44	1	1	0
     1978	2023-08-22 12:09:54	44	1	1	0
     2876	2023-08-22 12:11:45	44	0	1	0
     2237	2023-08-22 12:12:18	44	1	1	0
     1011	2023-08-22 12:12:25	44	1	1	0
      568	2023-08-22 12:12:39	44	1	1	0
     2184	2023-08-22 12:13:14	44	0	1	0
     2169	2023-08-22 12:13:44	44	0	1	0
     1011	2023-08-22 12:15:08	44	0	1	0
      568	2023-08-22 12:15:41	44	0	1	0
      839	2023-08-22 12:15:47	44	0	1	0
     2237	2023-08-22 12:16:12	44	0	1	0
     1450	2023-08-22 12:22:04	44	0	1	0
     1450	2023-08-22 12:22:06	44	0	1	0
     1978	2023-08-22 12:32:00	44	0	1	0
      370	2023-08-22 12:42:27	44	0	1	0
     2169	2023-08-22 17:04:43	44	1	1	0
     1169	2023-08-22 17:04:54	44	1	1	0
      371	2023-08-22 17:07:02	44	1	1	0
     2237	2023-08-22 17:07:22	44	1	1	0
      839	2023-08-22 17:07:36	44	0	1	0
     2876	2023-08-22 17:09:42	44	1	1	0
     2184	2023-08-22 17:10:19	44	1	1	0
      370	2023-08-22 17:10:33	44	1	1	0
     1011	2023-08-22 17:10:49	44	1	1	0
     2422	2023-08-22 17:26:53	44	1	1	0
     2422	2023-08-22 17:26:55	44	1	1	0
     1978	2023-08-22 17:27:02	44	1	1	0
     1450	2023-08-22 17:29:59	44	1	1	0
     1450	2023-08-22 17:30:01	44	1	1	0
      568	2023-08-22 18:05:39	44	1	1	0
      155	2023-08-22 18:06:58	44	1	1	0
     1450	2023-08-23 07:40:14	44	0	1	0
     1450	2023-08-23 07:40:16	44	0	1	0
      839	2023-08-23 07:41:07	44	0	1	0
     2169	2023-08-23 07:43:41	44	0	1	0
     2422	2023-08-23 07:50:33	44	0	1	0
     2422	2023-08-23 07:50:43	44	0	1	0
     1011	2023-08-23 07:53:32	44	0	1	0
     1978	2023-08-23 07:57:49	44	0	1	0
     1169	2023-08-23 07:59:51	44	0	1	0
     2184	2023-08-23 08:00:18	44	0	1	0
     2876	2023-08-23 08:04:18	44	0	1	0
      371	2023-08-23 08:05:23	44	0	1	0
      568	2023-08-23 08:05:42	44	0	1	0
     2237	2023-08-23 08:06:19	44	0	1	0
      370	2023-08-23 08:14:00	44	0	1	0
      155	2023-08-23 08:17:59	44	0	1	0
     2184	2023-08-23 12:02:50	44	1	1	0
     2876	2023-08-23 12:03:40	44	1	1	0
      568	2023-08-23 12:03:51	44	1	1	0
      370	2023-08-23 12:05:30	44	1	1	0
     1450	2023-08-23 12:05:45	44	1	1	0
     1450	2023-08-23 12:05:48	44	1	1	0
     1978	2023-08-23 12:09:32	44	1	1	0
     2169	2023-08-23 12:10:10	44	1	1	0
     2237	2023-08-23 12:10:19	44	1	1	0
     2876	2023-08-23 12:11:22	44	0	1	0
     1169	2023-08-23 12:11:41	44	1	1	0
      839	2023-08-23 12:11:45	44	1	1	0
      839	2023-08-23 12:13:47	44	0	1	0
      371	2023-08-23 12:15:02	44	1	1	0
      155	2023-08-23 12:15:11	44	1	1	0
     1011	2023-08-23 12:15:40	44	1	1	0
     1169	2023-08-23 12:16:09	44	0	1	0
     2184	2023-08-23 12:16:19	44	0	1	0
     2237	2023-08-23 12:16:53	44	0	1	0
      568	2023-08-23 12:16:58	44	0	1	0
      155	2023-08-23 12:19:15	44	0	1	0
     1011	2023-08-23 12:19:22	44	0	1	0
     2169	2023-08-23 12:19:54	44	0	1	0
     1450	2023-08-23 12:29:33	44	0	1	0
     1450	2023-08-23 12:29:36	44	0	1	0
      370	2023-08-23 12:30:44	44	0	1	0
     1978	2023-08-23 12:39:13	44	0	1	0
      371	2023-08-23 12:43:09	44	0	1	0
     2169	2023-08-23 17:02:43	44	1	1	0
      371	2023-08-23 17:03:25	44	1	1	0
      370	2023-08-23 17:04:10	44	1	1	0
      839	2023-08-23 17:05:51	44	1	1	0
     1011	2023-08-23 17:08:15	44	1	1	0
     2876	2023-08-23 17:12:43	44	1	1	0
     2422	2023-08-23 17:24:39	44	1	1	0
     2422	2023-08-23 17:24:41	44	1	1	0
     2237	2023-08-23 17:35:43	44	1	1	0
     2184	2023-08-23 17:35:45	44	1	1	0
     2184	2023-08-23 17:35:48	44	1	1	0
      155	2023-08-23 17:35:59	44	1	1	0
     1450	2023-08-23 17:37:02	44	1	1	0
     1450	2023-08-23 17:37:05	44	1	1	0
     1978	2023-08-23 17:39:10	44	1	1	0
     1169	2023-08-23 17:50:32	44	1	1	0
     1169	2023-08-23 18:00:25	44	1	1	0
      568	2023-08-23 18:18:42	44	1	1	0
     1450	2023-08-24 07:34:49	44	0	1	0
     1450	2023-08-24 07:34:51	44	0	1	0
      370	2023-08-24 07:38:58	44	0	1	0
     2169	2023-08-24 07:47:57	44	0	1	0
     2237	2023-08-24 07:52:19	44	0	1	0
     2876	2023-08-24 07:54:02	44	0	1	0
      839	2023-08-24 07:55:26	44	0	1	0
     1169	2023-08-24 07:55:47	44	0	1	0
     1011	2023-08-24 07:56:11	44	0	1	0
      371	2023-08-24 07:58:28	44	0	1	0
     1978	2023-08-24 08:00:11	44	0	1	0
     2184	2023-08-24 08:02:46	44	0	1	0
     2422	2023-08-24 08:04:27	44	0	1	0
     2422	2023-08-24 08:04:30	44	0	1	0
      568	2023-08-24 08:04:39	44	0	1	0
     2237	2023-08-24 12:03:05	44	1	1	0
     2876	2023-08-24 12:03:37	44	0	1	0
     2876	2023-08-24 12:03:50	44	1	1	0
     2876	2023-08-24 12:03:54	44	1	1	0
     1011	2023-08-24 12:04:53	44	1	1	0
     2184	2023-08-24 12:05:36	44	1	1	0
      568	2023-08-24 12:06:06	44	1	1	0
      371	2023-08-24 12:08:16	44	1	1	0
     2237	2023-08-24 12:09:00	44	0	1	0
     2876	2023-08-24 12:10:50	44	0	1	0
     1169	2023-08-24 12:13:00	44	1	1	0
      568	2023-08-24 12:13:47	44	0	1	0
      371	2023-08-24 12:14:28	44	0	1	0
     2184	2023-08-24 12:15:14	44	0	1	0
     1011	2023-08-24 12:15:51	44	0	1	0
     2422	2023-08-24 12:22:11	44	1	1	0
     1169	2023-08-24 12:22:49	44	0	1	0
      839	2023-08-24 12:23:23	44	1	1	0
      370	2023-08-24 12:23:33	44	1	1	0
     2169	2023-08-24 12:24:34	44	1	1	0
     2422	2023-08-24 12:27:07	44	0	1	0
     1978	2023-08-24 12:30:47	44	1	1	0
     1450	2023-08-24 12:30:56	44	1	1	0
     1450	2023-08-24 12:30:59	44	1	1	0
     2169	2023-08-24 12:31:34	44	0	1	0
     2169	2023-08-24 12:31:36	44	0	1	0
      370	2023-08-24 12:34:04	44	0	1	0
      839	2023-08-24 12:34:31	44	0	1	0
     1450	2023-08-24 12:37:36	44	0	1	0
     1450	2023-08-24 12:37:38	44	0	1	0
     1978	2023-08-24 12:59:36	44	0	1	0
      371	2023-08-24 17:02:09	44	1	1	0
     2169	2023-08-24 17:02:21	44	1	1	0
     2169	2023-08-24 17:02:24	44	1	1	0
     1169	2023-08-24 17:04:27	44	1	1	0
      839	2023-08-24 17:06:56	44	1	1	0
      370	2023-08-24 17:10:13	44	1	1	0
     2876	2023-08-24 17:12:28	44	1	1	0
     2422	2023-08-24 17:26:33	44	1	1	0
     2422	2023-08-24 17:26:35	44	1	1	0
     1011	2023-08-24 17:35:20	44	1	1	0
     1450	2023-08-24 17:38:02	44	1	1	0
     1450	2023-08-24 17:38:04	44	1	1	0
     2237	2023-08-24 17:38:49	44	1	1	0
     2184	2023-08-24 17:38:59	44	1	1	0
     1978	2023-08-24 17:51:38	44	1	1	0
      568	2023-08-24 18:04:24	44	1	1	0
      839	2023-08-25 07:42:09	44	0	1	0
     2169	2023-08-25 07:42:25	44	0	1	0
     2169	2023-08-25 07:42:28	44	0	1	0
     1450	2023-08-25 07:43:53	44	0	1	0
     1450	2023-08-25 07:43:56	44	0	1	0
      370	2023-08-25 07:44:23	44	0	1	0
     1011	2023-08-25 07:46:57	44	0	1	0
     1978	2023-08-25 07:54:06	44	0	1	0
      371	2023-08-25 07:54:11	44	0	1	0
     2184	2023-08-25 07:59:55	44	0	1	0
     2876	2023-08-25 08:00:28	44	0	1	0
     2237	2023-08-25 08:00:32	44	0	1	0
     1169	2023-08-25 08:01:04	44	0	1	0
      568	2023-08-25 08:03:07	44	0	1	0
     2422	2023-08-25 08:16:04	44	0	1	0
     2422	2023-08-25 08:16:09	44	0	1	0
     2876	2023-08-25 12:01:13	44	1	1	0
      371	2023-08-25 12:02:25	44	1	1	0
     1450	2023-08-25 12:02:51	44	1	1	0
     1450	2023-08-25 12:02:53	44	1	1	0
     1978	2023-08-25 12:02:58	44	1	1	0
     2184	2023-08-25 12:03:25	44	1	1	0
     2169	2023-08-25 12:06:26	44	1	1	0
      568	2023-08-25 12:07:12	44	1	1	0
     1011	2023-08-25 12:07:20	44	1	1	0
     2237	2023-08-25 12:09:33	44	1	1	0
     1169	2023-08-25 12:11:06	44	1	1	0
     1011	2023-08-25 12:14:57	44	0	1	0
      568	2023-08-25 12:15:23	44	0	1	0
     1169	2023-08-25 12:15:28	44	0	1	0
     2237	2023-08-25 12:15:38	44	0	1	0
     2184	2023-08-25 12:15:50	44	0	1	0
     2169	2023-08-25 12:17:55	44	0	1	0
     2876	2023-08-25 12:19:24	44	0	1	0
     2422	2023-08-25 12:23:52	44	1	1	0
     1450	2023-08-25 12:28:16	44	0	1	0
     1450	2023-08-25 12:28:19	44	0	1	0
      371	2023-08-25 12:32:49	44	0	1	0
     2422	2023-08-25 12:44:22	44	0	1	0
     1978	2023-08-25 12:51:22	44	0	1	0
      371	2023-08-25 17:01:08	44	1	1	0
     2169	2023-08-25 17:01:31	44	1	1	0
     2169	2023-08-25 17:01:34	44	1	1	0
      839	2023-08-25 17:03:04	44	1	1	0
     1169	2023-08-25 17:06:33	44	1	1	0
      370	2023-08-25 17:10:43	44	1	1	0
     2876	2023-08-25 17:11:15	44	0	1	0
     2876	2023-08-25 17:11:21	44	1	1	0
     1011	2023-08-25 17:37:33	44	1	1	0
     1450	2023-08-25 17:39:06	44	1	1	0
     1450	2023-08-25 17:39:08	44	1	1	0
     2422	2023-08-25 17:43:22	44	1	1	0
     2422	2023-08-25 17:43:24	44	1	1	0
      568	2023-08-25 17:52:01	44	1	1	0
     1978	2023-08-25 17:57:51	44	1	1	0
     2237	2023-08-25 18:00:39	44	1	1	0
     2184	2023-08-25 18:01:34	44	1	1	0
      370	2023-08-28 07:02:47	44	0	1	0
      839	2023-08-28 07:02:53	44	0	1	0
     1450	2023-08-29 07:38:13	44	0	1	0
     1450	2023-08-29 07:38:16	44	0	1	0
      839	2023-08-29 07:38:25	44	0	1	0
     1978	2023-08-29 07:38:30	44	0	1	0
      371	2023-08-29 07:38:51	44	0	1	0
      370	2023-08-29 07:40:28	44	0	1	0
     2169	2023-08-29 07:43:44	44	0	1	0
     2169	2023-08-29 07:43:46	44	0	1	0
     2237	2023-08-29 07:45:54	44	0	1	0
     1011	2023-08-29 07:47:24	44	0	1	0
     2184	2023-08-29 07:51:57	44	0	1	0
     2422	2023-08-29 07:53:30	44	0	1	0
     2422	2023-08-29 07:53:32	44	0	1	0
      568	2023-08-29 08:00:20	44	0	1	0
     1169	2023-08-29 08:06:04	44	0	1	0
     2876	2023-08-29 08:10:49	44	0	1	0
     2876	2023-08-29 12:02:52	44	1	1	0
     2169	2023-08-29 12:02:58	44	1	1	0
     2169	2023-08-29 12:03:00	44	1	1	0
     2184	2023-08-29 12:03:37	44	1	1	0
     2169	2023-08-29 12:09:15	44	0	1	0
     2876	2023-08-29 12:09:55	44	0	1	0
     1169	2023-08-29 12:10:20	44	1	1	0
      371	2023-08-29 12:11:16	44	1	1	0
      568	2023-08-29 12:11:53	44	1	1	0
      839	2023-08-29 12:17:04	44	1	1	0
     1169	2023-08-29 12:20:41	44	0	1	0
      568	2023-08-29 12:22:19	44	0	1	0
     2184	2023-08-29 12:25:54	44	0	1	0
      839	2023-08-29 12:26:14	44	0	1	0
      371	2023-08-29 12:29:51	44	0	1	0
     2422	2023-08-29 12:30:54	44	1	1	0
     2237	2023-08-29 12:33:09	44	1	1	0
     1011	2023-08-29 12:33:18	44	1	1	0
     1978	2023-08-29 12:34:17	44	1	1	0
     2422	2023-08-29 12:36:59	44	0	1	0
     1978	2023-08-29 12:38:10	44	0	1	0
     1011	2023-08-29 12:39:57	44	0	1	0
     2237	2023-08-29 12:40:02	44	0	1	0
     2169	2023-08-29 17:04:52	44	1	1	0
      371	2023-08-29 17:09:48	44	1	1	0
      370	2023-08-29 17:32:16	44	1	1	0
     1450	2023-08-29 17:37:43	44	1	1	0
     1450	2023-08-29 17:37:45	44	1	1	0
     2876	2023-08-29 17:46:40	44	1	1	0
     2184	2023-08-29 17:55:16	44	1	1	0
      568	2023-08-29 17:55:21	44	1	1	0
     1011	2023-08-29 18:36:39	44	1	1	0
     2422	2023-08-29 20:12:03	44	1	1	0
     2422	2023-08-29 20:12:05	44	1	1	0
     1169	2023-08-29 21:25:28	44	1	1	0
     1978	2023-08-29 21:25:34	44	1	1	0
      155	2023-08-29 21:32:19	44	1	1	0
      839	2023-08-29 21:32:46	44	1	1	0
     1169	2023-08-29 21:43:52	44	1	1	0
     2237	2023-08-29 21:43:58	44	1	1	0
     1450	2023-08-30 06:46:20	44	0	1	0
     1450	2023-08-30 06:46:23	44	0	1	0
     2237	2023-08-30 06:46:29	44	0	1	0
     2876	2023-08-30 06:48:29	44	0	1	0
      839	2023-08-30 06:54:52	44	0	1	0
      371	2023-08-30 07:00:59	44	0	1	0
      371	2023-08-30 07:01:22	44	0	1	0
     1011	2023-08-30 07:04:12	44	0	1	0
     1169	2023-08-30 07:21:54	44	0	1	0
      155	2023-08-30 07:22:10	44	0	1	0
      370	2023-08-30 07:36:36	44	0	1	0
     1978	2023-08-30 07:44:29	44	0	1	0
     2169	2023-08-30 07:45:26	44	0	1	0
      568	2023-08-30 07:46:59	44	0	1	0
     2184	2023-08-30 07:47:32	44	0	1	0
     2422	2023-08-30 08:01:02	44	0	1	0
     2422	2023-08-30 08:01:04	44	0	1	0
     2169	2023-08-30 12:12:16	44	1	1	0
     2169	2023-08-30 12:12:18	44	1	1	0
     2169	2023-08-30 12:20:39	44	0	1	0
      371	2023-08-30 12:23:03	44	1	1	0
      839	2023-08-30 12:24:35	44	1	1	0
      371	2023-08-30 12:26:08	44	0	1	0
     1011	2023-08-30 12:33:32	44	1	1	0
      839	2023-08-30 12:43:58	44	0	1	0
     1011	2023-08-30 12:44:35	44	0	1	0
      370	2023-08-30 17:01:24	44	1	1	0
      839	2023-08-30 17:01:48	44	1	1	0
     1169	2023-08-30 17:02:17	44	1	1	0
     2422	2023-08-30 17:02:41	44	1	1	0
     2422	2023-08-30 17:02:45	44	1	1	0
     2169	2023-08-30 17:03:11	44	1	1	0
     2169	2023-08-30 17:03:14	44	1	1	0
     1169	2023-08-30 17:07:13	44	1	1	0
      371	2023-08-30 17:07:36	44	1	1	0
      371	2023-08-30 17:08:14	44	1	1	0
     1169	2023-08-30 17:16:21	44	1	1	0
     1978	2023-08-30 18:16:30	44	1	1	0
     1011	2023-08-30 18:16:42	44	1	1	0
     2876	2023-08-30 18:35:14	44	1	1	0
     2184	2023-08-30 18:35:28	44	1	1	0
     1450	2023-08-30 18:36:10	44	1	1	0
     1450	2023-08-30 18:36:12	44	1	1	0
      568	2023-08-30 18:37:43	44	1	1	0
      568	2023-08-30 18:38:37	44	1	1	0
      155	2023-08-30 18:39:18	44	1	1	0
     2237	2023-08-30 18:41:59	44	1	1	0
     2237	2023-08-30 18:42:07	44	1	1	0
     1450	2023-08-31 07:38:38	44	0	1	0
     1450	2023-08-31 07:38:40	44	0	1	0
      839	2023-08-31 07:38:49	44	0	1	0
     2237	2023-08-31 07:44:37	44	0	1	0
      370	2023-08-31 07:44:44	44	0	1	0
     1978	2023-08-31 07:45:17	44	0	1	0
     2169	2023-08-31 07:49:45	44	0	1	0
     1169	2023-08-31 07:51:02	44	0	1	0
     2184	2023-08-31 07:52:19	44	0	1	0
      568	2023-08-31 08:01:54	44	0	1	0
      371	2023-08-31 08:03:09	44	0	1	0
      155	2023-08-31 08:03:53	44	0	1	0
     2876	2023-08-31 08:08:17	44	0	1	0
     1011	2023-08-31 08:11:48	44	0	1	0
     2422	2023-08-31 08:20:05	44	0	1	0
     2169	2023-08-31 12:04:57	44	1	1	0
     2422	2023-08-31 12:09:05	44	1	1	0
     2169	2023-08-31 12:09:28	44	0	1	0
     1978	2023-08-31 12:09:33	44	1	1	0
     1978	2023-08-31 12:09:36	44	1	1	0
      371	2023-08-31 12:11:07	44	1	1	0
     1169	2023-08-31 12:26:16	44	1	1	0
     1169	2023-08-31 12:45:03	44	0	1	0
      370	2023-08-31 12:45:08	44	1	1	0
     1978	2023-08-31 12:45:24	44	0	1	0
     1978	2023-08-31 12:45:27	44	0	1	0
      370	2023-08-31 12:46:11	44	0	1	0
     2422	2023-08-31 12:51:18	44	0	1	0
      371	2023-08-31 12:52:32	44	0	1	0
     1169	2023-08-31 16:59:17	44	1	1	0
     1169	2023-08-31 17:03:08	44	1	1	0
      371	2023-08-31 17:03:17	44	1	1	0
     2169	2023-08-31 17:05:25	44	1	1	0
     2422	2023-08-31 17:48:11	44	1	1	0
     2422	2023-08-31 17:48:13	44	1	1	0
     1978	2023-08-31 17:51:07	44	1	1	0
     1450	2023-08-31 18:04:10	44	1	1	0
     1450	2023-08-31 18:04:12	44	1	1	0
     1011	2023-08-31 18:04:47	44	1	1	0
      370	2023-08-31 18:04:51	44	1	1	0
     2237	2023-08-31 18:04:57	44	1	1	0
      839	2023-08-31 18:05:08	44	1	1	0
     2876	2023-08-31 18:06:12	44	1	1	0
     2184	2023-08-31 18:14:21	44	1	1	0
      155	2023-08-31 18:15:24	44	1	1	0
      568	2023-08-31 19:51:03	44	1	1	0
     1450	2023-09-01 06:27:46	44	0	1	0
     1450	2023-09-01 06:27:48	44	0	1	0
      370	2023-09-01 06:27:52	44	0	1	0
      839	2023-09-01 06:28:34	44	0	1	0
     2169	2023-09-01 07:49:54	44	0	1	0
      371	2023-09-01 07:50:03	44	0	1	0
     1011	2023-09-01 07:53:23	44	0	1	0
     2237	2023-09-01 07:56:14	44	0	1	0
     2422	2023-09-01 07:58:11	44	0	1	0
     2876	2023-09-01 08:03:36	44	0	1	0
