     1064	2023-07-31 00:00:04	4	0	1	0
     2866	2023-07-31 06:28:42	4	0	1	0
     2761	2023-07-31 07:26:18	4	0	1	0
     2761	2023-07-31 07:26:19	4	0	1	0
     2112	2023-07-31 07:27:29	4	0	1	0
     2112	2023-07-31 07:27:31	4	0	1	0
     2125	2023-07-31 07:42:04	4	0	1	0
     2125	2023-07-31 07:42:05	4	0	1	0
      817	2023-07-31 07:47:29	4	0	1	0
      324	2023-07-31 07:54:15	4	0	1	0
      324	2023-07-31 07:54:18	4	0	1	0
     2827	2023-07-31 07:55:03	4	0	1	0
     2827	2023-07-31 07:55:04	4	0	1	0
      516	2023-07-31 07:55:11	4	0	1	0
      920	2023-07-31 07:55:57	4	0	1	0
     2238	2023-07-31 07:57:08	4	0	1	0
      470	2023-07-31 07:57:57	4	0	1	0
     1417	2023-07-31 07:58:23	4	0	1	0
     1417	2023-07-31 07:58:25	4	0	1	0
     1417	2023-07-31 07:58:27	4	0	1	0
     1217	2023-07-31 07:58:31	4	0	1	0
       37	2023-07-31 08:00:27	4	0	1	0
       37	2023-07-31 08:00:33	4	0	1	0
     1205	2023-07-31 08:08:23	4	0	1	0
     1064	2023-07-31 08:17:21	4	1	1	0
     2827	2023-07-31 12:01:36	4	1	1	0
     2827	2023-07-31 12:01:38	4	1	1	0
     1417	2023-07-31 12:02:42	4	1	1	0
     1417	2023-07-31 12:02:44	4	1	1	0
     2035	2023-07-31 12:06:19	4	1	1	0
     2112	2023-07-31 12:06:42	4	1	1	0
     2866	2023-07-31 12:07:14	4	1	1	0
     2615	2023-07-31 12:08:13	4	1	1	0
     2001	2023-07-31 12:08:25	4	1	1	0
     2001	2023-07-31 12:08:27	4	1	1	0
     2827	2023-07-31 12:08:41	4	0	1	0
     2827	2023-07-31 12:08:42	4	0	1	0
     2125	2023-07-31 12:12:22	4	1	1	0
     2112	2023-07-31 12:13:25	4	0	1	0
     2866	2023-07-31 12:13:35	4	0	1	0
     2238	2023-07-31 12:14:11	4	1	1	0
     1417	2023-07-31 12:14:18	4	0	1	0
     1417	2023-07-31 12:14:19	4	0	1	0
     1417	2023-07-31 12:14:21	4	0	1	0
     2761	2023-07-31 12:14:44	4	1	1	0
     2761	2023-07-31 12:14:46	4	1	1	0
     1217	2023-07-31 12:14:48	4	1	1	0
     1217	2023-07-31 12:14:49	4	1	1	0
     2035	2023-07-31 12:15:42	4	0	1	0
      470	2023-07-31 12:17:08	4	1	1	0
      516	2023-07-31 12:17:55	4	1	1	0
     1205	2023-07-31 12:18:03	4	1	1	0
      516	2023-07-31 12:18:10	4	0	1	0
      920	2023-07-31 12:19:50	4	1	1	0
      324	2023-07-31 12:23:22	4	1	1	0
      324	2023-07-31 12:23:27	4	1	1	0
     2761	2023-07-31 12:27:35	4	0	1	0
     2761	2023-07-31 12:27:37	4	0	1	0
      623	2023-07-31 12:28:08	4	1	1	0
     2615	2023-07-31 12:28:15	4	0	1	0
     2615	2023-07-31 12:28:19	4	0	1	0
     2615	2023-07-31 12:28:23	4	0	1	0
     1217	2023-07-31 12:30:24	4	0	1	0
     2238	2023-07-31 12:34:12	4	0	1	0
      920	2023-07-31 12:34:32	4	0	1	0
      470	2023-07-31 12:36:15	4	1	1	0
      470	2023-07-31 12:36:18	4	0	1	0
     2125	2023-07-31 12:38:00	4	0	1	0
     1205	2023-07-31 12:38:05	4	0	1	0
      324	2023-07-31 12:41:37	4	0	1	0
      324	2023-07-31 12:41:39	4	0	1	0
      817	2023-07-31 12:44:15	4	1	1	0
      623	2023-07-31 12:45:39	4	0	1	0
      817	2023-07-31 12:51:52	4	0	1	0
      817	2023-07-31 12:51:56	4	0	1	0
     2001	2023-07-31 12:57:52	4	0	1	0
       37	2023-07-31 16:16:48	4	1	1	0
       37	2023-07-31 16:16:51	4	1	1	0
     2866	2023-07-31 17:01:10	4	1	1	0
     2001	2023-07-31 17:01:32	4	1	1	0
      817	2023-07-31 17:03:42	4	1	1	0
      920	2023-07-31 17:03:49	4	1	1	0
      516	2023-07-31 17:04:29	4	1	1	0
     1417	2023-07-31 17:06:40	4	1	1	0
     1417	2023-07-31 17:06:41	4	1	1	0
     1417	2023-07-31 17:06:43	4	1	1	0
     1417	2023-07-31 17:06:45	4	1	1	0
     2761	2023-07-31 17:06:50	4	1	1	0
     2761	2023-07-31 17:06:52	4	1	1	0
     2761	2023-07-31 17:06:53	4	1	1	0
     2238	2023-07-31 17:06:58	4	1	1	0
     2827	2023-07-31 17:07:09	4	1	1	0
     2827	2023-07-31 17:07:11	4	1	1	0
     2035	2023-07-31 17:07:16	4	1	1	0
     1217	2023-07-31 17:07:49	4	0	1	0
     1217	2023-07-31 17:07:54	4	1	1	0
     2035	2023-07-31 17:08:02	4	1	1	0
     2112	2023-07-31 17:08:07	4	1	1	0
     2112	2023-07-31 17:08:12	4	1	1	0
      470	2023-07-31 17:09:47	4	1	1	0
      516	2023-07-31 17:11:34	4	1	1	0
     1205	2023-07-31 17:32:00	4	1	1	0
     2125	2023-07-31 17:51:22	4	1	1	0
     2125	2023-07-31 17:51:24	4	1	1	0
      324	2023-07-31 17:53:16	4	1	1	0
      324	2023-07-31 17:54:39	4	1	1	0
     2615	2023-07-31 18:07:42	4	1	1	0
      623	2023-07-31 18:30:13	4	1	1	0
     2125	2023-07-31 22:37:02	4	1	1	0
     2866	2023-08-01 06:26:21	4	0	1	0
     2112	2023-08-01 07:35:56	4	0	1	0
     2112	2023-08-01 07:35:58	4	0	1	0
      470	2023-08-01 07:38:54	4	0	1	0
     1420	2023-08-01 07:39:38	4	0	1	0
     1205	2023-08-01 07:42:17	4	0	1	0
     2761	2023-08-01 07:45:17	4	0	1	0
     2761	2023-08-01 07:45:19	4	0	1	0
     1417	2023-08-01 07:49:59	4	0	1	0
     1417	2023-08-01 07:50:02	4	0	1	0
     2125	2023-08-01 07:52:40	4	0	1	0
     2125	2023-08-01 07:52:42	4	0	1	0
      920	2023-08-01 07:52:59	4	0	1	0
      516	2023-08-01 07:54:47	4	0	1	0
     2238	2023-08-01 07:54:59	4	0	1	0
      817	2023-08-01 07:55:40	4	0	1	0
     2001	2023-08-01 07:55:59	4	0	1	0
      324	2023-08-01 07:57:24	4	0	1	0
      324	2023-08-01 07:57:26	4	0	1	0
       37	2023-08-01 08:01:37	4	0	1	0
       37	2023-08-01 08:01:40	4	0	1	0
     2827	2023-08-01 08:11:54	4	0	1	0
     2827	2023-08-01 08:11:55	4	0	1	0
     2035	2023-08-01 12:01:56	4	1	1	0
      817	2023-08-01 12:02:01	4	1	1	0
     2827	2023-08-01 12:05:15	4	1	1	0
     2827	2023-08-01 12:05:16	4	1	1	0
     2827	2023-08-01 12:05:18	4	1	1	0
     1205	2023-08-01 12:05:43	4	1	1	0
     2238	2023-08-01 12:05:48	4	1	1	0
     1417	2023-08-01 12:06:00	4	1	1	0
     1417	2023-08-01 12:06:03	4	1	1	0
     2761	2023-08-01 12:06:12	4	1	1	0
     2761	2023-08-01 12:06:15	4	1	1	0
     2866	2023-08-01 12:06:36	4	1	1	0
     1420	2023-08-01 12:06:46	4	1	1	0
      516	2023-08-01 12:06:51	4	1	1	0
      516	2023-08-01 12:07:04	4	0	1	0
     2827	2023-08-01 12:08:02	4	0	1	0
     2827	2023-08-01 12:08:04	4	0	1	0
     2827	2023-08-01 12:08:05	4	0	1	0
      920	2023-08-01 12:08:12	4	1	1	0
     2125	2023-08-01 12:09:32	4	1	1	0
     2112	2023-08-01 12:11:28	4	1	1	0
      470	2023-08-01 12:11:34	4	1	1	0
     2761	2023-08-01 12:14:56	4	0	1	0
     2761	2023-08-01 12:14:58	4	0	1	0
     2615	2023-08-01 12:15:03	4	1	1	0
     2615	2023-08-01 12:15:08	4	1	1	0
      324	2023-08-01 12:15:26	4	1	1	0
     1205	2023-08-01 12:16:17	4	0	1	0
     2112	2023-08-01 12:24:10	4	0	1	0
     2866	2023-08-01 12:24:25	4	0	1	0
     2615	2023-08-01 12:24:34	4	0	1	0
     2615	2023-08-01 12:24:39	4	0	1	0
     2615	2023-08-01 12:24:42	4	0	1	0
     2238	2023-08-01 12:27:40	4	0	1	0
      817	2023-08-01 12:28:06	4	0	1	0
      817	2023-08-01 12:28:07	4	0	1	0
      920	2023-08-01 12:28:10	4	0	1	0
     1417	2023-08-01 12:28:51	4	0	1	0
     1417	2023-08-01 12:28:52	4	0	1	0
     1417	2023-08-01 12:28:54	4	0	1	0
     1417	2023-08-01 12:29:02	4	0	1	0
      920	2023-08-01 12:31:23	4	1	1	0
     1420	2023-08-01 12:34:13	4	0	1	0
     2125	2023-08-01 12:34:43	4	0	1	0
      623	2023-08-01 12:39:10	4	0	1	0
      623	2023-08-01 12:39:15	4	0	1	0
     2001	2023-08-01 12:45:21	4	1	1	0
     2035	2023-08-01 12:46:02	4	0	1	0
     2001	2023-08-01 12:47:05	4	0	1	0
      324	2023-08-01 12:53:08	4	0	1	0
      470	2023-08-01 12:53:31	4	0	1	0
       37	2023-08-01 16:07:34	4	1	1	0
       37	2023-08-01 16:07:36	4	1	1	0
     2866	2023-08-01 17:01:06	4	1	1	0
     2827	2023-08-01 17:01:14	4	1	1	0
     2827	2023-08-01 17:01:15	4	1	1	0
     2761	2023-08-01 17:02:14	4	1	1	0
     2761	2023-08-01 17:02:16	4	1	1	0
     2615	2023-08-01 17:03:21	4	1	1	0
     2615	2023-08-01 17:03:26	4	1	1	0
     2615	2023-08-01 17:03:31	4	1	1	0
      817	2023-08-01 17:03:38	4	1	1	0
     1205	2023-08-01 17:05:11	4	1	1	0
     1417	2023-08-01 17:05:15	4	1	1	0
     1417	2023-08-01 17:05:17	4	1	1	0
     1417	2023-08-01 17:05:19	4	1	1	0
     1417	2023-08-01 17:05:21	4	1	1	0
      516	2023-08-01 17:05:39	4	1	1	0
      516	2023-08-01 17:06:01	4	1	1	0
     2112	2023-08-01 17:07:25	4	1	1	0
     2112	2023-08-01 17:07:26	4	1	1	0
      920	2023-08-01 17:07:38	4	1	1	0
     2238	2023-08-01 17:10:17	4	1	1	0
      470	2023-08-01 17:11:57	4	1	1	0
     2001	2023-08-01 17:16:54	4	1	1	0
      623	2023-08-01 17:45:32	4	1	1	0
     2035	2023-08-01 17:51:57	4	1	1	0
     2125	2023-08-01 17:55:51	4	1	1	0
     2125	2023-08-01 17:55:53	4	1	1	0
     2125	2023-08-01 17:55:57	4	1	1	0
     2125	2023-08-01 18:10:19	4	1	1	0
     1420	2023-08-01 18:51:46	4	1	1	0
     2615	2023-08-01 18:51:52	4	1	1	0
      324	2023-08-01 19:20:20	4	1	1	0
      714	2023-08-02 00:00:02	4	0	1	0
      714	2023-08-02 00:00:04	4	0	1	0
     2866	2023-08-02 06:36:26	4	0	1	0
     1417	2023-08-02 07:03:39	4	0	1	0
     1417	2023-08-02 07:03:41	4	0	1	0
     1417	2023-08-02 07:03:44	4	0	1	0
     1417	2023-08-02 07:03:46	4	0	1	0
     1417	2023-08-02 07:03:55	4	0	1	0
     2112	2023-08-02 07:25:18	4	0	1	0
     2112	2023-08-02 07:25:20	4	0	1	0
     2761	2023-08-02 07:28:41	4	0	1	0
     2761	2023-08-02 07:28:45	4	0	1	0
     2125	2023-08-02 07:30:42	4	0	1	0
     2125	2023-08-02 07:30:43	4	0	1	0
      470	2023-08-02 07:53:06	4	0	1	0
     1217	2023-08-02 07:56:52	4	0	1	0
     2001	2023-08-02 07:56:56	4	0	1	0
      920	2023-08-02 07:58:09	4	0	1	0
       37	2023-08-02 07:59:03	4	0	1	0
       37	2023-08-02 07:59:05	4	0	1	0
      714	2023-08-02 08:00:16	4	1	1	0
      714	2023-08-02 08:00:18	4	1	1	0
     1420	2023-08-02 08:00:35	4	0	1	0
      817	2023-08-02 08:01:54	4	0	1	0
     1205	2023-08-02 08:04:01	4	0	1	0
     2827	2023-08-02 08:10:26	4	0	1	0
     2827	2023-08-02 08:10:28	4	0	1	0
     2238	2023-08-02 08:23:18	4	0	1	0
     2761	2023-08-02 12:01:11	4	1	1	0
     2761	2023-08-02 12:01:13	4	1	1	0
     2615	2023-08-02 12:01:17	4	1	1	0
     2615	2023-08-02 12:01:21	4	1	1	0
     2035	2023-08-02 12:01:40	4	1	1	0
     1417	2023-08-02 12:01:49	4	1	1	0
     1417	2023-08-02 12:01:51	4	1	1	0
     2827	2023-08-02 12:02:00	4	1	1	0
     2827	2023-08-02 12:02:02	4	1	1	0
     2001	2023-08-02 12:02:40	4	1	1	0
     1417	2023-08-02 12:06:23	4	0	1	0
     1417	2023-08-02 12:06:25	4	0	1	0
     2238	2023-08-02 12:07:14	4	1	1	0
     2112	2023-08-02 12:08:01	4	1	1	0
     2866	2023-08-02 12:08:09	4	1	1	0
     2035	2023-08-02 12:09:02	4	0	1	0
     2827	2023-08-02 12:10:07	4	0	1	0
     2827	2023-08-02 12:10:08	4	0	1	0
     2001	2023-08-02 12:10:59	4	0	1	0
     1205	2023-08-02 12:12:50	4	1	1	0
     1217	2023-08-02 12:12:52	4	1	1	0
     2761	2023-08-02 12:19:43	4	0	1	0
     2761	2023-08-02 12:19:45	4	0	1	0
     2615	2023-08-02 12:19:50	4	0	1	0
     2615	2023-08-02 12:19:54	4	0	1	0
     2112	2023-08-02 12:21:06	4	0	1	0
     2866	2023-08-02 12:21:15	4	0	1	0
      470	2023-08-02 12:22:09	4	1	1	0
     1217	2023-08-02 12:22:53	4	0	1	0
      920	2023-08-02 12:33:32	4	1	1	0
      817	2023-08-02 12:34:41	4	1	1	0
     2238	2023-08-02 12:37:32	4	0	1	0
      817	2023-08-02 12:37:38	4	0	1	0
      817	2023-08-02 12:37:40	4	0	1	0
     2125	2023-08-02 12:43:46	4	1	1	0
      920	2023-08-02 12:45:03	4	0	1	0
     2125	2023-08-02 12:57:31	4	0	1	0
     1205	2023-08-02 12:59:07	4	0	1	0
       37	2023-08-02 16:20:01	4	1	1	0
       37	2023-08-02 16:20:03	4	1	1	0
     2866	2023-08-02 17:01:09	4	1	1	0
     2615	2023-08-02 17:02:19	4	1	1	0
     2615	2023-08-02 17:02:24	4	1	1	0
     2615	2023-08-02 17:02:28	4	1	1	0
      470	2023-08-02 17:02:41	4	1	1	0
     2827	2023-08-02 17:03:03	4	1	1	0
     2827	2023-08-02 17:03:05	4	1	1	0
      817	2023-08-02 17:03:54	4	1	1	0
     2238	2023-08-02 17:04:53	4	1	1	0
     2615	2023-08-02 17:05:16	4	1	1	0
     1217	2023-08-02 17:06:00	4	1	1	0
      920	2023-08-02 17:06:07	4	1	1	0
      920	2023-08-02 17:06:24	4	1	1	0
     2761	2023-08-02 17:07:01	4	1	1	0
     2001	2023-08-02 17:07:07	4	1	1	0
     2761	2023-08-02 17:07:20	4	1	1	0
     2112	2023-08-02 17:07:25	4	1	1	0
     2112	2023-08-02 17:07:27	4	1	1	0
     1417	2023-08-02 17:08:09	4	1	1	0
     1417	2023-08-02 17:08:11	4	1	1	0
     1417	2023-08-02 17:08:14	4	1	1	0
     2035	2023-08-02 17:25:37	4	1	1	0
     2125	2023-08-02 18:09:12	4	1	1	0
     2125	2023-08-02 18:09:13	4	1	1	0
     2125	2023-08-02 18:09:15	4	1	1	0
      623	2023-08-02 18:55:45	4	1	1	0
     1420	2023-08-02 19:59:46	4	1	1	0
     2866	2023-08-03 06:26:29	4	0	1	0
     2112	2023-08-03 07:28:07	4	0	1	0
     2112	2023-08-03 07:28:09	4	0	1	0
     1064	2023-08-03 07:29:53	4	0	1	0
       37	2023-08-03 07:33:02	4	0	1	0
       37	2023-08-03 07:34:12	4	0	1	0
       37	2023-08-03 07:34:15	4	0	1	0
      817	2023-08-03 07:40:55	4	0	1	0
     2761	2023-08-03 07:44:00	4	0	1	0
     2761	2023-08-03 07:44:02	4	0	1	0
     2001	2023-08-03 07:50:34	4	0	1	0
     2125	2023-08-03 07:52:37	4	0	1	0
     2125	2023-08-03 07:52:39	4	0	1	0
      516	2023-08-03 07:56:53	4	0	1	0
      920	2023-08-03 07:58:19	4	0	1	0
      324	2023-08-03 07:58:53	4	0	1	0
      324	2023-08-03 07:58:56	4	0	1	0
      324	2023-08-03 07:59:12	4	0	1	0
     1420	2023-08-03 07:59:47	4	0	1	0
     2238	2023-08-03 08:02:59	4	0	1	0
     2827	2023-08-03 08:09:11	4	0	1	0
     2827	2023-08-03 08:09:13	4	0	1	0
     1417	2023-08-03 08:28:20	4	0	1	0
     1417	2023-08-03 08:28:24	4	0	1	0
     1217	2023-08-03 08:43:22	4	0	1	0
      324	2023-08-03 12:01:05	4	1	1	0
      324	2023-08-03 12:01:06	4	1	1	0
     2761	2023-08-03 12:03:53	4	1	1	0
     2761	2023-08-03 12:03:56	4	1	1	0
      516	2023-08-03 12:04:00	4	1	1	0
     2827	2023-08-03 12:04:15	4	1	1	0
     2615	2023-08-03 12:04:26	4	1	1	0
     2615	2023-08-03 12:04:30	4	1	1	0
     2238	2023-08-03 12:04:35	4	1	1	0
     1417	2023-08-03 12:07:00	4	1	1	0
     1417	2023-08-03 12:07:04	4	1	1	0
     2035	2023-08-03 12:07:50	4	1	1	0
     2866	2023-08-03 12:11:22	4	1	1	0
     1420	2023-08-03 12:12:20	4	1	1	0
     2125	2023-08-03 12:12:25	4	1	1	0
      324	2023-08-03 12:12:40	4	0	1	0
      324	2023-08-03 12:12:42	4	0	1	0
     2761	2023-08-03 12:12:46	4	0	1	0
     2761	2023-08-03 12:12:47	4	0	1	0
     1417	2023-08-03 12:12:52	4	0	1	0
     2238	2023-08-03 12:12:57	4	0	1	0
     2615	2023-08-03 12:13:06	4	0	1	0
     2615	2023-08-03 12:13:11	4	0	1	0
     2615	2023-08-03 12:13:15	4	0	1	0
      516	2023-08-03 12:13:38	4	0	1	0
      623	2023-08-03 12:15:20	4	1	1	0
     2035	2023-08-03 12:16:08	4	0	1	0
     1420	2023-08-03 12:17:47	4	0	1	0
     2001	2023-08-03 12:18:22	4	1	1	0
     2001	2023-08-03 12:18:24	4	1	1	0
     2112	2023-08-03 12:20:09	4	1	1	0
      817	2023-08-03 12:26:30	4	1	1	0
     2112	2023-08-03 12:28:15	4	0	1	0
     2866	2023-08-03 12:28:22	4	0	1	0
     2125	2023-08-03 12:29:10	4	0	1	0
      920	2023-08-03 12:41:18	4	1	1	0
     2001	2023-08-03 12:42:57	4	0	1	0
      920	2023-08-03 12:44:38	4	0	1	0
      817	2023-08-03 12:52:59	4	0	1	0
      714	2023-08-03 15:57:06	4	0	1	0
       37	2023-08-03 16:03:50	4	1	1	0
       37	2023-08-03 16:03:53	4	1	1	0
     1064	2023-08-03 16:04:03	4	1	1	0
       37	2023-08-03 16:04:13	4	1	1	0
       37	2023-08-03 16:04:19	4	1	1	0
     2866	2023-08-03 17:01:15	4	1	1	0
      817	2023-08-03 17:03:06	4	1	1	0
     2112	2023-08-03 17:05:21	4	1	1	0
     2112	2023-08-03 17:05:23	4	1	1	0
      920	2023-08-03 17:05:46	4	1	1	0
     2761	2023-08-03 17:08:31	4	1	1	0
     2761	2023-08-03 17:08:33	4	1	1	0
     2001	2023-08-03 17:08:37	4	1	1	0
     2001	2023-08-03 17:08:58	4	1	1	0
     2035	2023-08-03 17:09:12	4	1	1	0
      516	2023-08-03 17:12:37	4	1	1	0
      516	2023-08-03 17:12:50	4	1	1	0
     2238	2023-08-03 17:12:59	4	1	1	0
     2035	2023-08-03 17:14:21	4	1	1	0
     1217	2023-08-03 17:15:01	4	1	1	0
     1417	2023-08-03 17:15:45	4	1	1	0
     1417	2023-08-03 17:15:47	4	1	1	0
     1417	2023-08-03 17:15:48	4	1	1	0
     1417	2023-08-03 17:15:50	4	1	1	0
     2615	2023-08-03 17:48:15	4	1	1	0
     2615	2023-08-03 17:48:19	4	1	1	0
     1420	2023-08-03 17:52:18	4	1	1	0
     1420	2023-08-03 17:52:49	4	1	1	0
      623	2023-08-03 18:14:54	4	1	1	0
      324	2023-08-03 18:26:42	4	1	1	0
     2125	2023-08-03 18:26:50	4	1	1	0
     2125	2023-08-03 18:26:51	4	1	1	0
     2125	2023-08-03 18:26:53	4	1	1	0
      324	2023-08-03 18:26:57	4	1	1	0
     2125	2023-08-03 22:53:12	4	1	1	0
      714	2023-08-04 00:00:02	4	0	1	0
      714	2023-08-04 00:00:05	4	0	1	0
     2866	2023-08-04 06:36:08	4	0	1	0
       37	2023-08-04 06:57:06	4	0	1	0
       37	2023-08-04 06:57:10	4	0	1	0
      470	2023-08-04 07:23:36	4	0	1	0
      516	2023-08-04 07:23:52	4	0	1	0
     2112	2023-08-04 07:33:19	4	0	1	0
     2112	2023-08-04 07:33:21	4	0	1	0
     1064	2023-08-04 07:48:36	4	0	1	0
     2001	2023-08-04 07:52:14	4	0	1	0
     2125	2023-08-04 07:54:58	4	0	1	0
     2125	2023-08-04 07:54:59	4	0	1	0
      920	2023-08-04 07:56:44	4	0	1	0
     1217	2023-08-04 07:57:57	4	0	1	0
     2761	2023-08-04 08:00:17	4	0	1	0
     2761	2023-08-04 08:00:19	4	0	1	0
      623	2023-08-04 08:02:30	4	0	1	0
      324	2023-08-04 08:03:19	4	0	1	0
      324	2023-08-04 08:03:21	4	0	1	0
     1420	2023-08-04 08:05:35	4	0	1	0
      817	2023-08-04 08:11:37	4	0	1	0
     2238	2023-08-04 12:02:32	4	1	1	0
     2866	2023-08-04 12:02:42	4	1	1	0
      470	2023-08-04 12:03:14	4	1	1	0
     2615	2023-08-04 12:05:33	4	1	1	0
     2615	2023-08-04 12:05:37	4	1	1	0
     2001	2023-08-04 12:05:44	4	1	1	0
      324	2023-08-04 12:05:51	4	1	1	0
      324	2023-08-04 12:05:53	4	1	1	0
     2761	2023-08-04 12:05:58	4	1	1	0
     2761	2023-08-04 12:05:59	4	1	1	0
     2238	2023-08-04 12:06:07	4	0	1	0
     1217	2023-08-04 12:06:20	4	1	1	0
     2112	2023-08-04 12:10:09	4	1	1	0
     2761	2023-08-04 12:12:35	4	0	1	0
     2761	2023-08-04 12:12:41	4	0	1	0
     1420	2023-08-04 12:15:38	4	1	1	0
     2125	2023-08-04 12:15:48	4	1	1	0
     2035	2023-08-04 12:19:12	4	1	1	0
     2112	2023-08-04 12:22:04	4	0	1	0
      920	2023-08-04 12:22:11	4	1	1	0
      470	2023-08-04 12:22:19	4	0	1	0
     2866	2023-08-04 12:22:27	4	0	1	0
     2035	2023-08-04 12:23:01	4	0	1	0
     1420	2023-08-04 12:23:28	4	0	1	0
     2125	2023-08-04 12:23:58	4	0	1	0
     2125	2023-08-04 12:24:02	4	0	1	0
     2615	2023-08-04 12:25:01	4	0	1	0
     2615	2023-08-04 12:25:05	4	0	1	0
      817	2023-08-04 12:26:25	4	1	1	0
     2001	2023-08-04 12:28:57	4	0	1	0
      817	2023-08-04 12:34:42	4	0	1	0
      817	2023-08-04 12:34:44	4	0	1	0
     1217	2023-08-04 12:35:46	4	0	1	0
      920	2023-08-04 12:36:30	4	0	1	0
      324	2023-08-04 12:40:46	4	0	1	0
      324	2023-08-04 12:42:17	4	0	1	0
      516	2023-08-04 12:55:11	4	1	1	0
      516	2023-08-04 12:56:04	4	0	1	0
       37	2023-08-04 16:01:16	4	1	1	0
       37	2023-08-04 16:01:19	4	1	1	0
     1064	2023-08-04 16:01:25	4	1	1	0
     2866	2023-08-04 17:01:06	4	1	1	0
      817	2023-08-04 17:02:58	4	1	1	0
      920	2023-08-04 17:03:04	4	1	1	0
      470	2023-08-04 17:09:39	4	1	1	0
     2238	2023-08-04 17:11:44	4	1	1	0
     2001	2023-08-04 17:13:58	4	1	1	0
     2761	2023-08-04 17:14:21	4	1	1	0
     2761	2023-08-04 17:14:26	4	1	1	0
      516	2023-08-04 17:14:39	4	0	1	0
      516	2023-08-04 17:14:45	4	1	1	0
      516	2023-08-04 17:14:53	4	1	1	0
     2615	2023-08-04 17:19:39	4	1	1	0
     1217	2023-08-04 17:24:04	4	1	1	0
     2112	2023-08-04 17:30:36	4	1	1	0
     2112	2023-08-04 17:30:38	4	1	1	0
     1420	2023-08-04 17:46:22	4	1	1	0
     2125	2023-08-04 17:46:27	4	1	1	0
     2125	2023-08-04 17:46:29	4	1	1	0
      623	2023-08-04 18:09:36	4	1	1	0
      623	2023-08-04 18:11:09	4	1	1	0
     2035	2023-08-04 18:42:07	4	1	1	0
      324	2023-08-04 18:42:12	4	1	1	0
      324	2023-08-04 18:42:14	4	1	1	0
     1420	2023-08-04 23:31:58	4	1	1	0
     2125	2023-08-04 23:34:26	4	1	1	0
     1064	2023-08-05 07:40:36	4	0	1	0
     1064	2023-08-05 16:11:57	4	1	1	0
     1064	2023-08-06 00:07:37	4	1	1	0
     1064	2023-08-06 00:07:47	4	1	1	0
     1064	2023-08-06 08:08:13	4	1	1	0
      714	2023-08-06 14:26:34	4	0	1	0
      714	2023-08-07 00:00:03	4	0	1	0
      714	2023-08-07 00:00:05	4	0	1	0
     2866	2023-08-07 06:24:02	4	0	1	0
     2125	2023-08-07 06:35:13	4	0	1	0
     2125	2023-08-07 06:35:15	4	0	1	0
     1420	2023-08-07 06:47:33	4	0	1	0
     2112	2023-08-07 07:35:22	4	0	1	0
     2112	2023-08-07 07:35:24	4	0	1	0
     2761	2023-08-07 07:38:20	4	0	1	0
     2761	2023-08-07 07:38:22	4	0	1	0
       37	2023-08-07 07:40:49	4	0	1	0
       37	2023-08-07 07:40:52	4	0	1	0
      516	2023-08-07 07:45:30	4	0	1	0
      817	2023-08-07 07:47:15	4	0	1	0
      920	2023-08-07 07:52:29	4	0	1	0
     2238	2023-08-07 07:52:54	4	0	1	0
     1417	2023-08-07 07:53:48	4	0	1	0
     1417	2023-08-07 07:53:52	4	0	1	0
     1417	2023-08-07 07:53:54	4	0	1	0
     1217	2023-08-07 07:53:59	4	0	1	0
      324	2023-08-07 07:55:01	4	0	1	0
      324	2023-08-07 07:55:02	4	0	1	0
     2047	2023-08-07 07:55:24	4	0	1	0
      324	2023-08-07 07:56:39	4	0	1	0
      470	2023-08-07 07:57:31	4	0	1	0
     2827	2023-08-07 08:03:22	4	0	1	0
     2827	2023-08-07 08:03:24	4	0	1	0
     2615	2023-08-07 08:09:28	4	0	1	0
     2615	2023-08-07 08:09:32	4	0	1	0
     2615	2023-08-07 08:09:36	4	0	1	0
      623	2023-08-07 09:51:38	4	0	1	0
     1417	2023-08-07 12:01:27	4	1	1	0
     1417	2023-08-07 12:01:28	4	1	1	0
     2827	2023-08-07 12:01:48	4	1	1	0
     2827	2023-08-07 12:01:51	4	1	1	0
     1217	2023-08-07 12:04:38	4	1	1	0
     2001	2023-08-07 12:05:02	4	1	1	0
     2238	2023-08-07 12:05:08	4	1	1	0
     2035	2023-08-07 12:05:16	4	1	1	0
     2615	2023-08-07 12:05:34	4	1	1	0
     2615	2023-08-07 12:05:38	4	1	1	0
     2615	2023-08-07 12:05:42	4	1	1	0
     2761	2023-08-07 12:05:46	4	1	1	0
     2761	2023-08-07 12:05:48	4	1	1	0
     2827	2023-08-07 12:06:36	4	0	1	0
     2827	2023-08-07 12:06:38	4	0	1	0
      516	2023-08-07 12:07:14	4	1	1	0
     1417	2023-08-07 12:08:01	4	0	1	0
     1417	2023-08-07 12:08:03	4	0	1	0
      516	2023-08-07 12:08:25	4	0	1	0
     2035	2023-08-07 12:09:56	4	0	1	0
     2112	2023-08-07 12:11:44	4	1	1	0
     2866	2023-08-07 12:11:49	4	1	1	0
     2866	2023-08-07 12:11:55	4	1	1	0
     2125	2023-08-07 12:12:08	4	1	1	0
     1420	2023-08-07 12:15:04	4	1	1	0
     2001	2023-08-07 12:15:47	4	0	1	0
     2615	2023-08-07 12:17:29	4	0	1	0
     2615	2023-08-07 12:17:36	4	0	1	0
     2615	2023-08-07 12:17:40	4	0	1	0
     1217	2023-08-07 12:17:42	4	0	1	0
     1217	2023-08-07 12:17:45	4	0	1	0
     2761	2023-08-07 12:18:12	4	0	1	0
     2761	2023-08-07 12:18:14	4	0	1	0
     2238	2023-08-07 12:19:30	4	0	1	0
      324	2023-08-07 12:22:42	4	1	1	0
      324	2023-08-07 12:22:45	4	1	1	0
      324	2023-08-07 12:22:58	4	1	1	0
     2112	2023-08-07 12:24:22	4	0	1	0
     2866	2023-08-07 12:24:29	4	0	1	0
     2125	2023-08-07 12:28:23	4	0	1	0
     1420	2023-08-07 12:28:27	4	0	1	0
      920	2023-08-07 12:29:20	4	1	1	0
      470	2023-08-07 12:29:23	4	1	1	0
      920	2023-08-07 12:31:31	4	0	1	0
      623	2023-08-07 12:34:11	4	1	1	0
      623	2023-08-07 12:40:22	4	0	1	0
     2047	2023-08-07 12:40:29	4	0	1	0
     2047	2023-08-07 12:40:47	4	1	1	0
      470	2023-08-07 12:44:30	4	0	1	0
      324	2023-08-07 12:49:11	4	0	1	0
      817	2023-08-07 12:52:01	4	1	1	0
     2047	2023-08-07 12:52:19	4	0	1	0
      623	2023-08-07 12:57:42	4	0	1	0
      817	2023-08-07 12:57:55	4	0	1	0
       37	2023-08-07 16:03:48	4	1	1	0
       37	2023-08-07 16:03:50	4	1	1	0
     2866	2023-08-07 17:01:11	4	1	1	0
     2761	2023-08-07 17:01:16	4	1	1	0
     2761	2023-08-07 17:01:17	4	1	1	0
     1417	2023-08-07 17:01:22	4	1	1	0
     1417	2023-08-07 17:01:23	4	1	1	0
     1417	2023-08-07 17:01:25	4	1	1	0
      817	2023-08-07 17:02:56	4	1	1	0
     2827	2023-08-07 17:03:02	4	1	1	0
      920	2023-08-07 17:03:09	4	1	1	0
      470	2023-08-07 17:03:33	4	1	1	0
      623	2023-08-07 17:04:15	4	1	1	0
      623	2023-08-07 17:05:28	4	1	1	0
     2238	2023-08-07 17:05:56	4	1	1	0
      470	2023-08-07 17:06:36	4	1	1	0
     2001	2023-08-07 17:06:51	4	1	1	0
      516	2023-08-07 17:07:15	4	1	1	0
     2047	2023-08-07 17:07:57	4	1	1	0
     2112	2023-08-07 17:09:06	4	1	1	0
     2112	2023-08-07 17:09:13	4	1	1	0
      324	2023-08-07 17:24:01	4	1	1	0
     1217	2023-08-07 17:24:50	4	1	1	0
     2035	2023-08-07 17:48:35	4	1	1	0
     1420	2023-08-07 18:14:30	4	1	1	0
     2125	2023-08-07 18:14:47	4	1	1	0
     2125	2023-08-07 18:14:48	4	1	1	0
     2125	2023-08-07 18:14:51	4	1	1	0
     2615	2023-08-07 18:16:14	4	1	1	0
     2615	2023-08-07 18:16:18	4	1	1	0
     2615	2023-08-07 18:22:55	4	1	1	0
     2125	2023-08-07 23:51:50	4	1	1	0
     2866	2023-08-08 06:28:15	4	0	1	0
     2112	2023-08-08 07:30:25	4	0	1	0
     2112	2023-08-08 07:30:27	4	0	1	0
     1064	2023-08-08 07:33:20	4	0	1	0
     1205	2023-08-08 07:52:12	4	0	1	0
     2125	2023-08-08 07:53:05	4	0	1	0
     2125	2023-08-08 07:53:06	4	0	1	0
     2125	2023-08-08 07:53:17	4	0	1	0
     2761	2023-08-08 07:53:24	4	0	1	0
     2761	2023-08-08 07:53:26	4	0	1	0
      920	2023-08-08 07:55:30	4	0	1	0
     1420	2023-08-08 07:56:10	4	0	1	0
     2047	2023-08-08 07:56:44	4	0	1	0
      324	2023-08-08 07:56:49	4	0	1	0
      324	2023-08-08 07:56:51	4	0	1	0
       37	2023-08-08 07:57:18	4	0	1	0
       37	2023-08-08 07:57:22	4	0	1	0
     1217	2023-08-08 07:58:06	4	0	1	0
     2001	2023-08-08 07:58:52	4	0	1	0
     2001	2023-08-08 07:58:54	4	0	1	0
     1417	2023-08-08 07:59:16	4	0	1	0
     1417	2023-08-08 07:59:18	4	0	1	0
      470	2023-08-08 08:03:30	4	0	1	0
      516	2023-08-08 08:04:18	4	0	1	0
     2827	2023-08-08 08:06:18	4	0	1	0
     2827	2023-08-08 08:06:19	4	0	1	0
     2827	2023-08-08 08:06:30	4	0	1	0
      817	2023-08-08 08:06:42	4	0	1	0
     2238	2023-08-08 08:42:12	4	0	1	0
      516	2023-08-08 12:00:14	4	1	1	0
     1417	2023-08-08 12:01:13	4	1	1	0
     1417	2023-08-08 12:01:17	4	1	1	0
     2761	2023-08-08 12:01:26	4	1	1	0
     2761	2023-08-08 12:01:28	4	1	1	0
     2827	2023-08-08 12:01:33	4	1	1	0
     2827	2023-08-08 12:01:35	4	1	1	0
     2035	2023-08-08 12:01:49	4	1	1	0
     2001	2023-08-08 12:02:11	4	1	1	0
     2615	2023-08-08 12:03:09	4	1	1	0
     2615	2023-08-08 12:03:14	4	1	1	0
     2615	2023-08-08 12:03:19	4	1	1	0
      516	2023-08-08 12:03:38	4	0	1	0
     1417	2023-08-08 12:03:43	4	0	1	0
     1417	2023-08-08 12:03:47	4	0	1	0
      324	2023-08-08 12:04:18	4	1	1	0
     2238	2023-08-08 12:04:46	4	1	1	0
     2827	2023-08-08 12:05:20	4	0	1	0
     2827	2023-08-08 12:05:24	4	0	1	0
      324	2023-08-08 12:06:06	4	1	1	0
     2035	2023-08-08 12:06:38	4	0	1	0
     2001	2023-08-08 12:07:23	4	0	1	0
     2035	2023-08-08 12:07:27	4	0	1	0
     2112	2023-08-08 12:07:54	4	1	1	0
     2866	2023-08-08 12:08:01	4	1	1	0
      920	2023-08-08 12:12:12	4	1	1	0
     1205	2023-08-08 12:15:11	4	1	1	0
     1420	2023-08-08 12:15:14	4	1	1	0
     2761	2023-08-08 12:15:55	4	0	1	0
     2761	2023-08-08 12:15:57	4	0	1	0
     2125	2023-08-08 12:17:31	4	1	1	0
     2615	2023-08-08 12:18:14	4	0	1	0
     2615	2023-08-08 12:18:18	4	0	1	0
     2047	2023-08-08 12:19:57	4	1	1	0
     2047	2023-08-08 12:23:15	4	0	1	0
     2112	2023-08-08 12:24:30	4	0	1	0
     2238	2023-08-08 12:24:45	4	0	1	0
     2866	2023-08-08 12:25:23	4	0	1	0
      817	2023-08-08 12:25:34	4	1	1	0
      920	2023-08-08 12:34:13	4	0	1	0
      324	2023-08-08 12:38:31	4	0	1	0
      324	2023-08-08 12:38:37	4	0	1	0
      817	2023-08-08 12:40:00	4	0	1	0
      623	2023-08-08 12:42:28	4	0	1	0
     2125	2023-08-08 12:48:30	4	0	1	0
     1205	2023-08-08 12:48:42	4	0	1	0
     1420	2023-08-08 12:48:46	4	0	1	0
      714	2023-08-08 15:58:09	4	0	1	0
       37	2023-08-08 16:02:36	4	1	1	0
       37	2023-08-08 16:02:41	4	1	1	0
     1064	2023-08-08 16:02:47	4	1	1	0
     2866	2023-08-08 17:01:07	4	1	1	0
     2761	2023-08-08 17:02:46	4	1	1	0
     2761	2023-08-08 17:02:48	4	1	1	0
     1417	2023-08-08 17:02:53	4	1	1	0
     1417	2023-08-08 17:02:55	4	1	1	0
     1417	2023-08-08 17:02:56	4	1	1	0
     1417	2023-08-08 17:02:58	4	1	1	0
      817	2023-08-08 17:03:14	4	1	1	0
     2047	2023-08-08 17:03:36	4	1	1	0
      470	2023-08-08 17:04:32	4	1	1	0
     2615	2023-08-08 17:04:38	4	1	1	0
     2615	2023-08-08 17:04:42	4	1	1	0
     2112	2023-08-08 17:06:04	4	1	1	0
     2112	2023-08-08 17:06:07	4	1	1	0
     1205	2023-08-08 17:06:12	4	1	1	0
      516	2023-08-08 17:07:11	4	1	1	0
     2001	2023-08-08 17:07:50	4	1	1	0
     2238	2023-08-08 17:07:59	4	1	1	0
      920	2023-08-08 17:09:30	4	0	1	0
     2827	2023-08-08 17:09:45	4	1	1	0
     2827	2023-08-08 17:09:47	4	1	1	0
     2035	2023-08-08 17:14:16	4	1	1	0
     1217	2023-08-08 17:24:28	4	1	1	0
     1420	2023-08-08 17:57:01	4	1	1	0
     2125	2023-08-08 18:01:24	4	1	1	0
     2125	2023-08-08 18:01:25	4	1	1	0
     2125	2023-08-08 18:01:28	4	1	1	0
      324	2023-08-08 18:01:36	4	1	1	0
      324	2023-08-08 18:01:37	4	1	1	0
      324	2023-08-08 18:02:33	4	1	1	0
     2615	2023-08-08 18:17:19	4	1	1	0
      623	2023-08-08 18:46:18	4	1	1	0
      714	2023-08-09 00:00:03	4	0	1	0
      714	2023-08-09 00:00:08	4	0	1	0
     2866	2023-08-09 06:50:11	4	0	1	0
     2112	2023-08-09 07:34:37	4	0	1	0
     2112	2023-08-09 07:34:40	4	0	1	0
      324	2023-08-09 07:34:47	4	0	1	0
      324	2023-08-09 07:34:49	4	0	1	0
       37	2023-08-09 07:49:54	4	0	1	0
       37	2023-08-09 07:49:57	4	0	1	0
      817	2023-08-09 07:50:04	4	0	1	0
      920	2023-08-09 07:56:25	4	0	1	0
     2827	2023-08-09 07:56:30	4	0	1	0
     2827	2023-08-09 07:56:31	4	0	1	0
     2827	2023-08-09 07:56:33	4	0	1	0
     1217	2023-08-09 07:56:37	4	0	1	0
     1217	2023-08-09 07:56:45	4	0	1	0
     1417	2023-08-09 07:57:41	4	0	1	0
     1417	2023-08-09 07:57:43	4	0	1	0
     1417	2023-08-09 07:57:45	4	0	1	0
     2125	2023-08-09 07:57:55	4	0	1	0
     2125	2023-08-09 07:57:57	4	0	1	0
     2047	2023-08-09 07:58:33	4	0	1	0
      470	2023-08-09 07:58:41	4	0	1	0
      516	2023-08-09 07:59:07	4	0	1	0
     2238	2023-08-09 08:03:31	4	0	1	0
     1420	2023-08-09 08:12:02	4	0	1	0
     1205	2023-08-09 08:27:21	4	0	1	0
      623	2023-08-09 08:58:15	4	0	1	0
     1205	2023-08-09 12:01:04	4	1	1	0
      516	2023-08-09 12:01:36	4	1	1	0
      470	2023-08-09 12:02:34	4	1	1	0
      516	2023-08-09 12:03:18	4	0	1	0
     2035	2023-08-09 12:04:07	4	1	1	0
     1417	2023-08-09 12:05:25	4	1	1	0
     1417	2023-08-09 12:05:27	4	1	1	0
     1205	2023-08-09 12:07:30	4	0	1	0
     2827	2023-08-09 12:07:45	4	1	1	0
     2827	2023-08-09 12:07:46	4	1	1	0
     2866	2023-08-09 12:08:29	4	1	1	0
     1420	2023-08-09 12:09:14	4	1	1	0
     2035	2023-08-09 12:09:20	4	0	1	0
     2125	2023-08-09 12:09:26	4	1	1	0
     2827	2023-08-09 12:10:03	4	0	1	0
     1417	2023-08-09 12:10:08	4	0	1	0
     1417	2023-08-09 12:10:10	4	0	1	0
     2615	2023-08-09 12:10:40	4	1	1	0
     2615	2023-08-09 12:10:45	4	1	1	0
      920	2023-08-09 12:11:59	4	1	1	0
     1420	2023-08-09 12:12:12	4	0	1	0
     2238	2023-08-09 12:12:53	4	1	1	0
      817	2023-08-09 12:16:59	4	1	1	0
     2001	2023-08-09 12:19:45	4	0	1	0
     2001	2023-08-09 12:19:47	4	0	1	0
     1217	2023-08-09 12:24:44	4	1	1	0
     2238	2023-08-09 12:24:55	4	0	1	0
     2112	2023-08-09 12:25:08	4	1	1	0
     2112	2023-08-09 12:32:10	4	0	1	0
     2866	2023-08-09 12:32:20	4	0	1	0
     2047	2023-08-09 12:43:20	4	1	1	0
      324	2023-08-09 12:43:42	4	1	1	0
      324	2023-08-09 12:43:48	4	1	1	0
      470	2023-08-09 12:44:27	4	0	1	0
     2047	2023-08-09 12:45:15	4	0	1	0
      470	2023-08-09 12:48:20	4	0	1	0
      920	2023-08-09 12:49:40	4	0	1	0
      817	2023-08-09 12:49:48	4	0	1	0
     1217	2023-08-09 12:50:21	4	0	1	0
      920	2023-08-09 12:51:23	4	0	1	0
      324	2023-08-09 12:55:16	4	1	1	0
     2615	2023-08-09 12:55:24	4	0	1	0
     2615	2023-08-09 12:55:28	4	0	1	0
      324	2023-08-09 12:57:20	4	0	1	0
      324	2023-08-09 12:57:21	4	0	1	0
       37	2023-08-09 16:02:22	4	1	1	0
       37	2023-08-09 16:02:25	4	1	1	0
     2866	2023-08-09 17:01:16	4	1	1	0
     1417	2023-08-09 17:01:29	4	1	1	0
     1417	2023-08-09 17:01:31	4	1	1	0
     1417	2023-08-09 17:01:32	4	1	1	0
     2827	2023-08-09 17:01:37	4	1	1	0
     2827	2023-08-09 17:01:39	4	1	1	0
     2827	2023-08-09 17:01:40	4	1	1	0
     2238	2023-08-09 17:01:44	4	1	1	0
     2001	2023-08-09 17:03:07	4	1	1	0
     2001	2023-08-09 17:03:09	4	1	1	0
     1205	2023-08-09 17:03:16	4	1	1	0
      817	2023-08-09 17:03:29	4	1	1	0
     2035	2023-08-09 17:03:39	4	1	1	0
      920	2023-08-09 17:04:00	4	1	1	0
      516	2023-08-09 17:04:28	4	1	1	0
     2035	2023-08-09 17:04:39	4	1	1	0
     2112	2023-08-09 17:05:08	4	1	1	0
     2112	2023-08-09 17:05:11	4	1	1	0
     1217	2023-08-09 17:08:20	4	1	1	0
     2047	2023-08-09 17:12:47	4	1	1	0
     2615	2023-08-09 17:22:18	4	1	1	0
     2615	2023-08-09 17:22:23	4	1	1	0
     2615	2023-08-09 17:22:27	4	1	1	0
      623	2023-08-09 18:13:47	4	1	1	0
     1420	2023-08-09 18:14:24	4	1	1	0
      324	2023-08-09 18:14:31	4	1	1	0
      324	2023-08-09 18:14:32	4	1	1	0
     2001	2023-08-09 18:20:11	4	1	1	0
     2125	2023-08-09 19:44:33	4	1	1	0
     2125	2023-08-09 19:44:35	4	1	1	0
     2125	2023-08-09 19:44:36	4	1	1	0
     2866	2023-08-10 06:28:37	4	0	1	0
     1064	2023-08-10 07:33:18	4	0	1	0
       37	2023-08-10 07:37:26	4	0	1	0
       37	2023-08-10 07:37:28	4	0	1	0
     2112	2023-08-10 07:39:20	4	0	1	0
     2112	2023-08-10 07:39:21	4	0	1	0
     1217	2023-08-10 07:48:59	4	0	1	0
     2125	2023-08-10 07:50:38	4	0	1	0
     2125	2023-08-10 07:50:39	4	0	1	0
     2125	2023-08-10 07:50:43	4	0	1	0
     1205	2023-08-10 07:52:19	4	0	1	0
     2047	2023-08-10 07:54:00	4	0	1	0
     1417	2023-08-10 07:54:43	4	0	1	0
     1417	2023-08-10 07:54:45	4	0	1	0
      516	2023-08-10 07:54:51	4	0	1	0
      324	2023-08-10 07:56:14	4	0	1	0
      324	2023-08-10 07:56:18	4	0	1	0
     2001	2023-08-10 07:57:32	4	0	1	0
     2001	2023-08-10 07:57:33	4	0	1	0
      920	2023-08-10 07:57:37	4	0	1	0
      920	2023-08-10 08:00:26	4	0	1	0
      470	2023-08-10 08:01:32	4	0	1	0
     2827	2023-08-10 08:08:44	4	0	1	0
     2827	2023-08-10 08:08:46	4	0	1	0
     2827	2023-08-10 08:08:51	4	0	1	0
      817	2023-08-10 08:08:56	4	0	1	0
     1420	2023-08-10 08:11:29	4	0	1	0
     2761	2023-08-10 08:12:26	4	0	1	0
     2761	2023-08-10 08:12:28	4	0	1	0
      623	2023-08-10 08:32:15	4	0	1	0
     2238	2023-08-10 08:57:54	4	0	1	0
     1205	2023-08-10 12:00:20	4	1	1	0
     2761	2023-08-10 12:02:02	4	1	1	0
     2761	2023-08-10 12:02:04	4	1	1	0
     1417	2023-08-10 12:02:14	4	1	1	0
     1417	2023-08-10 12:02:18	4	1	1	0
     2238	2023-08-10 12:02:29	4	1	1	0
     2615	2023-08-10 12:02:39	4	1	1	0
     2615	2023-08-10 12:02:43	4	1	1	0
     2035	2023-08-10 12:02:51	4	1	1	0
     2001	2023-08-10 12:04:38	4	1	1	0
     2001	2023-08-10 12:04:40	4	1	1	0
     2866	2023-08-10 12:06:01	4	1	1	0
     2125	2023-08-10 12:06:09	4	1	1	0
      516	2023-08-10 12:06:18	4	1	1	0
     2827	2023-08-10 12:06:28	4	1	1	0
     2827	2023-08-10 12:06:30	4	1	1	0
     2827	2023-08-10 12:06:32	4	1	1	0
     2238	2023-08-10 12:06:38	4	0	1	0
     1417	2023-08-10 12:06:46	4	0	1	0
     1417	2023-08-10 12:06:48	4	0	1	0
     2035	2023-08-10 12:06:51	4	0	1	0
     2001	2023-08-10 12:07:58	4	0	1	0
      324	2023-08-10 12:08:15	4	1	1	0
      623	2023-08-10 12:08:30	4	1	1	0
      324	2023-08-10 12:08:40	4	1	1	0
     2112	2023-08-10 12:08:45	4	1	1	0
      623	2023-08-10 12:09:07	4	0	1	0
      516	2023-08-10 12:09:12	4	0	1	0
     2827	2023-08-10 12:09:43	4	0	1	0
     2827	2023-08-10 12:09:45	4	0	1	0
     1205	2023-08-10 12:10:32	4	0	1	0
     2125	2023-08-10 12:12:16	4	0	1	0
      817	2023-08-10 12:16:16	4	1	1	0
     2761	2023-08-10 12:19:24	4	0	1	0
     2761	2023-08-10 12:19:26	4	0	1	0
     2615	2023-08-10 12:20:56	4	0	1	0
     2615	2023-08-10 12:21:00	4	0	1	0
     2112	2023-08-10 12:23:17	4	0	1	0
     2866	2023-08-10 12:23:23	4	0	1	0
      470	2023-08-10 12:24:12	4	1	1	0
     1217	2023-08-10 12:26:48	4	1	1	0
     1420	2023-08-10 12:26:50	4	1	1	0
      920	2023-08-10 12:29:14	4	1	1	0
      470	2023-08-10 12:30:35	4	0	1	0
      324	2023-08-10 12:32:07	4	0	1	0
      324	2023-08-10 12:32:09	4	0	1	0
      324	2023-08-10 12:32:50	4	0	1	0
     1217	2023-08-10 12:35:31	4	0	1	0
     1420	2023-08-10 12:36:34	4	0	1	0
      817	2023-08-10 12:36:41	4	1	1	0
      920	2023-08-10 12:39:56	4	0	1	0
     2047	2023-08-10 12:40:03	4	1	1	0
     2047	2023-08-10 12:41:21	4	0	1	0
      714	2023-08-10 14:53:17	4	0	1	0
      714	2023-08-10 14:53:20	4	0	1	0
       37	2023-08-10 16:03:44	4	1	1	0
       37	2023-08-10 16:03:46	4	1	1	0
     1064	2023-08-10 16:03:53	4	1	1	0
     2866	2023-08-10 17:01:07	4	1	1	0
     2047	2023-08-10 17:01:29	4	1	1	0
      470	2023-08-10 17:01:34	4	1	1	0
      817	2023-08-10 17:02:18	4	1	1	0
      920	2023-08-10 17:04:13	4	1	1	0
     2001	2023-08-10 17:08:04	4	1	1	0
     1417	2023-08-10 17:12:22	4	1	1	0
     1417	2023-08-10 17:12:24	4	1	1	0
     1417	2023-08-10 17:12:26	4	1	1	0
     2827	2023-08-10 17:12:34	4	1	1	0
     2827	2023-08-10 17:12:38	4	1	1	0
     2761	2023-08-10 17:13:03	4	1	1	0
     2761	2023-08-10 17:13:04	4	1	1	0
     2238	2023-08-10 17:13:14	4	1	1	0
     2615	2023-08-10 17:13:47	4	0	1	0
     2615	2023-08-10 17:13:52	4	1	1	0
     2615	2023-08-10 17:13:56	4	1	1	0
     2112	2023-08-10 17:17:06	4	1	1	0
     2112	2023-08-10 17:17:07	4	1	1	0
      516	2023-08-10 17:17:13	4	1	1	0
     2035	2023-08-10 17:19:46	4	1	1	0
     1217	2023-08-10 17:19:49	4	1	1	0
      623	2023-08-10 17:55:32	4	1	1	0
      623	2023-08-10 17:56:47	4	1	1	0
     1420	2023-08-10 18:04:44	4	1	1	0
      324	2023-08-10 18:05:07	4	1	1	0
      324	2023-08-10 18:05:09	4	1	1	0
     2615	2023-08-10 18:05:44	4	1	1	0
     1420	2023-08-10 18:07:16	4	1	1	0
      324	2023-08-10 18:08:46	4	1	1	0
     2125	2023-08-10 18:56:04	4	1	1	0
     2125	2023-08-10 18:56:06	4	1	1	0
     2125	2023-08-10 18:56:07	4	1	1	0
     1205	2023-08-10 19:28:30	4	1	1	0
      714	2023-08-11 00:00:03	4	0	1	0
      714	2023-08-11 00:00:08	4	0	1	0
     2866	2023-08-11 06:30:18	4	0	1	0
     2125	2023-08-11 07:11:40	4	0	1	0
     2125	2023-08-11 07:11:42	4	0	1	0
     2112	2023-08-11 07:27:12	4	0	1	0
     2112	2023-08-11 07:27:14	4	0	1	0
      516	2023-08-11 07:31:08	4	0	1	0
     2761	2023-08-11 07:36:40	4	0	1	0
     2761	2023-08-11 07:36:41	4	0	1	0
     1064	2023-08-11 07:39:34	4	0	1	0
      817	2023-08-11 07:53:29	4	0	1	0
     1417	2023-08-11 07:56:30	4	0	1	0
     1417	2023-08-11 07:56:32	4	0	1	0
      920	2023-08-11 07:56:52	4	0	1	0
     2827	2023-08-11 07:56:58	4	0	1	0
     2827	2023-08-11 07:57:00	4	0	1	0
      470	2023-08-11 07:59:46	4	0	1	0
      714	2023-08-11 08:00:27	4	1	1	0
      714	2023-08-11 08:00:30	4	1	1	0
     2047	2023-08-11 08:00:45	4	0	1	0
     1217	2023-08-11 08:02:33	4	0	1	0
      324	2023-08-11 08:04:26	4	0	1	0
      324	2023-08-11 08:04:28	4	0	1	0
       37	2023-08-11 08:05:23	4	0	1	0
       37	2023-08-11 08:05:25	4	0	1	0
     2001	2023-08-11 08:07:01	4	1	1	0
     2001	2023-08-11 08:07:04	4	0	1	0
     1420	2023-08-11 08:07:29	4	0	1	0
     1205	2023-08-11 08:08:56	4	0	1	0
     2125	2023-08-11 12:02:43	4	1	1	0
     2125	2023-08-11 12:02:44	4	1	1	0
     2866	2023-08-11 12:02:59	4	1	1	0
      470	2023-08-11 12:03:06	4	1	1	0
     2615	2023-08-11 12:04:00	4	1	1	0
     2615	2023-08-11 12:04:04	4	1	1	0
     2827	2023-08-11 12:04:08	4	1	1	0
     2827	2023-08-11 12:04:10	4	1	1	0
     2827	2023-08-11 12:04:11	4	1	1	0
      516	2023-08-11 12:04:24	4	1	1	0
     2238	2023-08-11 12:04:39	4	1	1	0
     2035	2023-08-11 12:05:26	4	1	1	0
     2035	2023-08-11 12:05:40	4	1	1	0
      516	2023-08-11 12:06:04	4	0	1	0
     1417	2023-08-11 12:06:39	4	1	1	0
     1417	2023-08-11 12:06:41	4	1	1	0
     2001	2023-08-11 12:07:38	4	1	1	0
     2035	2023-08-11 12:07:53	4	0	1	0
     2827	2023-08-11 12:07:58	4	0	1	0
     2827	2023-08-11 12:08:01	4	0	1	0
     2827	2023-08-11 12:08:02	4	0	1	0
     2238	2023-08-11 12:08:19	4	0	1	0
     1417	2023-08-11 12:08:30	4	0	1	0
     1417	2023-08-11 12:08:32	4	0	1	0
     2112	2023-08-11 12:12:49	4	1	1	0
      324	2023-08-11 12:13:27	4	1	1	0
     1205	2023-08-11 12:18:01	4	1	1	0
      623	2023-08-11 12:18:16	4	1	1	0
      623	2023-08-11 12:19:13	4	0	1	0
     1217	2023-08-11 12:19:57	4	1	1	0
     1420	2023-08-11 12:23:07	4	1	1	0
      920	2023-08-11 12:23:37	4	1	1	0
     2112	2023-08-11 12:24:22	4	0	1	0
     2866	2023-08-11 12:24:29	4	0	1	0
     1217	2023-08-11 12:26:40	4	0	1	0
     2047	2023-08-11 12:27:13	4	1	1	0
     2125	2023-08-11 12:28:49	4	0	1	0
     2047	2023-08-11 12:29:34	4	0	1	0
     2761	2023-08-11 12:30:06	4	1	1	0
     2761	2023-08-11 12:30:09	4	1	1	0
     1205	2023-08-11 12:30:42	4	0	1	0
      817	2023-08-11 12:33:07	4	1	1	0
      817	2023-08-11 12:34:23	4	0	1	0
      817	2023-08-11 12:34:25	4	0	1	0
     2761	2023-08-11 12:35:34	4	0	1	0
     2761	2023-08-11 12:35:35	4	0	1	0
      470	2023-08-11 12:39:35	4	0	1	0
      324	2023-08-11 12:40:56	4	0	1	0
      324	2023-08-11 12:40:57	4	0	1	0
     1420	2023-08-11 12:41:55	4	0	1	0
      920	2023-08-11 12:47:53	4	0	1	0
     2615	2023-08-11 12:52:50	4	0	1	0
     2615	2023-08-11 12:52:54	4	0	1	0
     2615	2023-08-11 12:52:59	4	0	1	0
     2001	2023-08-11 12:53:04	4	0	1	0
     2001	2023-08-11 12:53:08	4	0	1	0
       37	2023-08-11 16:03:02	4	1	1	0
       37	2023-08-11 16:03:04	4	1	1	0
     1064	2023-08-11 16:03:09	4	1	1	0
     2866	2023-08-11 17:01:32	4	1	1	0
      817	2023-08-11 17:02:36	4	1	1	0
     2047	2023-08-11 17:02:42	4	1	1	0
     1417	2023-08-11 17:04:10	4	1	1	0
     1417	2023-08-11 17:04:11	4	1	1	0
     2761	2023-08-11 17:05:16	4	1	1	0
     2761	2023-08-11 17:05:17	4	1	1	0
     2761	2023-08-11 17:05:18	4	1	1	0
     2001	2023-08-11 17:05:27	4	1	1	0
     2238	2023-08-11 17:05:38	4	1	1	0
     2827	2023-08-11 17:06:04	4	1	1	0
     2112	2023-08-11 17:06:13	4	1	1	0
     2112	2023-08-11 17:06:14	4	1	1	0
      516	2023-08-11 17:06:19	4	1	1	0
     2615	2023-08-11 17:06:39	4	1	1	0
     2615	2023-08-11 17:06:43	4	1	1	0
     2615	2023-08-11 17:06:47	4	1	1	0
      920	2023-08-11 17:06:53	4	1	1	0
     1217	2023-08-11 17:10:09	4	1	1	0
      623	2023-08-11 17:11:42	4	1	1	0
      324	2023-08-11 17:29:05	4	1	1	0
      324	2023-08-11 17:29:07	4	1	1	0
      470	2023-08-11 17:30:00	4	1	1	0
     2035	2023-08-11 17:33:25	4	1	1	0
     2125	2023-08-11 20:05:08	4	1	1	0
     2125	2023-08-11 20:05:09	4	1	1	0
     1420	2023-08-11 20:05:13	4	1	1	0
     2615	2023-08-11 20:05:54	4	1	1	0
     2615	2023-08-11 20:05:58	4	1	1	0
     1205	2023-08-11 20:08:56	4	1	1	0
     1420	2023-08-11 22:27:25	4	1	1	0
     2125	2023-08-11 22:27:36	4	1	1	0
     1064	2023-08-12 07:36:05	4	0	1	0
     1064	2023-08-12 16:06:30	4	1	1	0
     1064	2023-08-12 23:56:56	4	0	1	0
     1064	2023-08-13 08:11:53	4	1	1	0
     1064	2023-08-13 08:12:00	4	1	1	0
     2866	2023-08-14 06:26:31	4	0	1	0
     2866	2023-08-14 06:26:36	4	0	1	0
     1205	2023-08-14 07:27:30	4	0	1	0
     2112	2023-08-14 07:28:57	4	0	1	0
     2112	2023-08-14 07:28:59	4	0	1	0
     1064	2023-08-14 07:34:29	4	0	1	0
     2761	2023-08-14 07:35:59	4	0	1	0
     2761	2023-08-14 07:36:00	4	0	1	0
     1217	2023-08-14 07:46:18	4	0	1	0
      516	2023-08-14 07:50:27	4	0	1	0
      817	2023-08-14 07:53:02	4	0	1	0
     2047	2023-08-14 07:53:14	4	1	1	0
     2047	2023-08-14 07:53:17	4	0	1	0
     1417	2023-08-14 07:54:00	4	0	1	0
     1417	2023-08-14 07:54:02	4	0	1	0
      324	2023-08-14 07:55:17	4	0	1	0
      324	2023-08-14 07:55:19	4	0	1	0
      324	2023-08-14 07:56:01	4	0	1	0
     1420	2023-08-14 07:56:23	4	0	1	0
      920	2023-08-14 07:58:16	4	0	1	0
     2125	2023-08-14 08:04:14	4	0	1	0
     2125	2023-08-14 08:04:16	4	0	1	0
     2827	2023-08-14 08:15:15	4	0	1	0
     2827	2023-08-14 08:15:17	4	0	1	0
     2238	2023-08-14 08:31:53	4	0	1	0
     2761	2023-08-14 12:01:05	4	1	1	0
     2761	2023-08-14 12:01:07	4	1	1	0
     2827	2023-08-14 12:01:13	4	1	1	0
     2827	2023-08-14 12:01:15	4	1	1	0
     1417	2023-08-14 12:01:19	4	1	1	0
     1417	2023-08-14 12:01:21	4	1	1	0
     2001	2023-08-14 12:01:42	4	1	1	0
     2035	2023-08-14 12:02:03	4	1	1	0
     2238	2023-08-14 12:02:08	4	1	1	0
     2112	2023-08-14 12:04:34	4	1	1	0
     2866	2023-08-14 12:04:41	4	1	1	0
      623	2023-08-14 12:04:49	4	1	1	0
      623	2023-08-14 12:05:05	4	0	1	0
     1417	2023-08-14 12:06:05	4	0	1	0
     1417	2023-08-14 12:06:09	4	0	1	0
     2238	2023-08-14 12:06:29	4	0	1	0
     2035	2023-08-14 12:06:33	4	0	1	0
     1217	2023-08-14 12:07:52	4	1	1	0
     2827	2023-08-14 12:12:39	4	0	1	0
     2827	2023-08-14 12:12:41	4	0	1	0
      516	2023-08-14 12:12:55	4	1	1	0
      516	2023-08-14 12:13:04	4	0	1	0
      920	2023-08-14 12:13:32	4	1	1	0
     2761	2023-08-14 12:14:54	4	0	1	0
     2761	2023-08-14 12:14:58	4	0	1	0
     1217	2023-08-14 12:19:31	4	0	1	0
     2112	2023-08-14 12:19:41	4	0	1	0
     2866	2023-08-14 12:19:53	4	0	1	0
      324	2023-08-14 12:19:59	4	1	1	0
      324	2023-08-14 12:20:00	4	1	1	0
     2047	2023-08-14 12:21:43	4	1	1	0
     2047	2023-08-14 12:23:05	4	0	1	0
      920	2023-08-14 12:40:21	4	0	1	0
      920	2023-08-14 12:40:27	4	0	1	0
      817	2023-08-14 12:42:07	4	1	1	0
      817	2023-08-14 12:44:04	4	0	1	0
      817	2023-08-14 12:44:05	4	0	1	0
      324	2023-08-14 12:54:30	4	0	1	0
     1064	2023-08-14 16:02:41	4	1	1	0
     2866	2023-08-14 17:01:10	4	1	1	0
     2866	2023-08-14 17:01:15	4	1	1	0
      817	2023-08-14 17:02:24	4	1	1	0
     2761	2023-08-14 17:03:18	4	1	1	0
     2761	2023-08-14 17:03:20	4	1	1	0
     1217	2023-08-14 17:03:26	4	1	1	0
     2001	2023-08-14 17:03:38	4	1	1	0
     2001	2023-08-14 17:03:39	4	1	1	0
     1417	2023-08-14 17:04:06	4	1	1	0
     1417	2023-08-14 17:04:07	4	1	1	0
     1417	2023-08-14 17:04:09	4	1	1	0
     2047	2023-08-14 17:05:09	4	1	1	0
      920	2023-08-14 17:05:43	4	1	1	0
     1205	2023-08-14 17:05:51	4	1	1	0
     2112	2023-08-14 17:06:04	4	1	1	0
     2112	2023-08-14 17:06:06	4	1	1	0
     2827	2023-08-14 17:06:14	4	1	1	0
     2827	2023-08-14 17:06:17	4	1	1	0
      516	2023-08-14 17:06:51	4	1	1	0
      324	2023-08-14 17:54:20	4	1	1	0
      324	2023-08-14 17:54:23	4	1	1	0
     2035	2023-08-14 17:54:41	4	1	1	0
     2035	2023-08-14 17:56:34	4	1	1	0
      324	2023-08-14 17:56:38	4	1	1	0
      623	2023-08-14 18:22:57	4	1	1	0
      623	2023-08-14 18:24:41	4	1	1	0
     1420	2023-08-14 19:39:09	4	1	1	0
     2125	2023-08-14 21:45:50	4	1	1	0
     2125	2023-08-14 21:45:52	4	1	1	0
     2125	2023-08-14 21:45:55	4	1	1	0
     2125	2023-08-14 23:11:50	4	1	1	0
     2866	2023-08-15 06:26:02	4	0	1	0
     2866	2023-08-15 06:26:12	4	0	1	0
     1420	2023-08-15 06:53:21	4	0	1	0
     2112	2023-08-15 07:30:39	4	0	1	0
     2112	2023-08-15 07:30:41	4	0	1	0
     1064	2023-08-15 07:35:36	4	0	1	0
     1205	2023-08-15 07:47:33	4	0	1	0
      817	2023-08-15 07:52:29	4	0	1	0
     2761	2023-08-15 07:54:54	4	0	1	0
     2761	2023-08-15 07:54:55	4	0	1	0
     2125	2023-08-15 07:55:02	4	0	1	0
     2125	2023-08-15 07:55:03	4	0	1	0
      920	2023-08-15 07:55:54	4	0	1	0
      324	2023-08-15 07:56:51	4	0	1	0
      324	2023-08-15 07:56:56	4	0	1	0
     2827	2023-08-15 07:57:07	4	0	1	0
     2827	2023-08-15 07:57:10	4	0	1	0
     2827	2023-08-15 07:57:12	4	0	1	0
     1417	2023-08-15 07:58:35	4	0	1	0
     1417	2023-08-15 07:58:38	4	0	1	0
     2047	2023-08-15 07:58:44	4	0	1	0
      414	2023-08-15 08:00:50	4	0	1	0
     1217	2023-08-15 08:16:13	4	0	1	0
     1417	2023-08-15 12:02:19	4	1	1	0
     1417	2023-08-15 12:02:25	4	1	1	0
     2112	2023-08-15 12:04:07	4	1	1	0
     2866	2023-08-15 12:04:36	4	1	1	0
     1205	2023-08-15 12:05:48	4	1	1	0
     2001	2023-08-15 12:05:53	4	1	1	0
     2238	2023-08-15 12:06:02	4	0	1	0
     2035	2023-08-15 12:06:20	4	1	1	0
     2827	2023-08-15 12:07:08	4	1	1	0
     2827	2023-08-15 12:07:09	4	1	1	0
     2827	2023-08-15 12:07:11	4	1	1	0
     1417	2023-08-15 12:09:35	4	0	1	0
     1417	2023-08-15 12:09:37	4	0	1	0
     2035	2023-08-15 12:10:28	4	0	1	0
     2047	2023-08-15 12:11:06	4	1	1	0
     2112	2023-08-15 12:11:28	4	0	1	0
     2866	2023-08-15 12:11:44	4	0	1	0
     2827	2023-08-15 12:13:26	4	0	1	0
     2827	2023-08-15 12:13:28	4	0	1	0
     1420	2023-08-15 12:16:32	4	1	1	0
     2047	2023-08-15 12:18:14	4	0	1	0
      324	2023-08-15 12:19:23	4	1	1	0
     1420	2023-08-15 12:20:03	4	0	1	0
     1205	2023-08-15 12:20:05	4	0	1	0
     2001	2023-08-15 12:20:17	4	0	1	0
      817	2023-08-15 12:23:38	4	1	1	0
     2761	2023-08-15 12:25:23	4	1	1	0
     2761	2023-08-15 12:25:25	4	1	1	0
     2125	2023-08-15 12:25:33	4	1	1	0
     1217	2023-08-15 12:26:25	4	1	1	0
      920	2023-08-15 12:29:03	4	1	1	0
     2761	2023-08-15 12:33:17	4	0	1	0
     2761	2023-08-15 12:33:18	4	0	1	0
      817	2023-08-15 12:34:09	4	0	1	0
      920	2023-08-15 12:35:45	4	0	1	0
     2125	2023-08-15 12:37:13	4	0	1	0
      324	2023-08-15 12:38:29	4	0	1	0
      324	2023-08-15 12:38:39	4	0	1	0
     1217	2023-08-15 12:40:49	4	0	1	0
      623	2023-08-15 12:47:30	4	1	1	0
      516	2023-08-15 12:49:29	4	0	1	0
      623	2023-08-15 12:50:16	4	0	1	0
      714	2023-08-15 15:58:03	4	0	1	0
     1064	2023-08-15 16:07:31	4	1	1	0
     2866	2023-08-15 17:01:06	4	1	1	0
     2761	2023-08-15 17:01:12	4	1	1	0
     2761	2023-08-15 17:01:13	4	1	1	0
      817	2023-08-15 17:01:32	4	1	1	0
     1217	2023-08-15 17:02:03	4	1	1	0
     1217	2023-08-15 17:02:07	4	1	1	0
     2001	2023-08-15 17:02:20	4	1	1	0
     1205	2023-08-15 17:03:00	4	1	1	0
      920	2023-08-15 17:03:15	4	1	1	0
     1417	2023-08-15 17:04:31	4	1	1	0
     1417	2023-08-15 17:04:36	4	1	1	0
     2112	2023-08-15 17:05:03	4	1	1	0
     2112	2023-08-15 17:05:04	4	1	1	0
      516	2023-08-15 17:05:33	4	1	1	0
      516	2023-08-15 17:05:48	4	1	1	0
     2047	2023-08-15 17:06:41	4	1	1	0
     2238	2023-08-15 17:07:20	4	1	1	0
     2035	2023-08-15 17:09:53	4	1	1	0
     1420	2023-08-15 17:29:45	4	1	1	0
     2125	2023-08-15 17:29:51	4	1	1	0
     2125	2023-08-15 17:29:53	4	1	1	0
     2125	2023-08-15 17:33:51	4	1	1	0
      324	2023-08-15 17:41:30	4	1	1	0
      324	2023-08-15 17:41:32	4	1	1	0
      324	2023-08-15 17:42:14	4	1	1	0
      623	2023-08-15 17:44:43	4	1	1	0
      714	2023-08-16 00:00:02	4	0	1	0
      714	2023-08-16 00:00:05	4	0	1	0
     2866	2023-08-16 06:29:41	4	0	1	0
      516	2023-08-16 07:17:01	4	0	1	0
       37	2023-08-16 07:34:03	4	0	1	0
       37	2023-08-16 07:34:05	4	0	1	0
     2112	2023-08-16 07:36:04	4	0	1	0
     2112	2023-08-16 07:36:06	4	0	1	0
     2125	2023-08-16 07:53:17	4	0	1	0
     2125	2023-08-16 07:53:18	4	0	1	0
     2827	2023-08-16 07:57:20	4	0	1	0
     2827	2023-08-16 07:57:22	4	0	1	0
     2827	2023-08-16 07:57:23	4	0	1	0
     1420	2023-08-16 07:59:03	4	0	1	0
      324	2023-08-16 07:59:24	4	0	1	0
      324	2023-08-16 07:59:26	4	0	1	0
     1217	2023-08-16 08:03:15	4	0	1	0
      920	2023-08-16 08:05:07	4	0	1	0
     2047	2023-08-16 08:05:43	4	0	1	0
     2761	2023-08-16 08:06:03	4	0	1	0
     2761	2023-08-16 08:06:05	4	0	1	0
     1417	2023-08-16 08:09:53	4	0	1	0
     1417	2023-08-16 08:09:55	4	0	1	0
     2238	2023-08-16 08:15:03	4	0	1	0
      817	2023-08-16 08:15:45	4	0	1	0
     1205	2023-08-16 08:20:44	4	0	1	0
     2827	2023-08-16 12:01:04	4	1	1	0
     2827	2023-08-16 12:01:06	4	1	1	0
     1205	2023-08-16 12:01:30	4	1	1	0
     1417	2023-08-16 12:01:36	4	1	1	0
     1417	2023-08-16 12:01:38	4	1	1	0
     1217	2023-08-16 12:03:02	4	1	1	0
     2866	2023-08-16 12:03:12	4	1	1	0
      516	2023-08-16 12:03:27	4	1	1	0
     2238	2023-08-16 12:04:13	4	1	1	0
     2761	2023-08-16 12:04:30	4	1	1	0
     2761	2023-08-16 12:04:31	4	1	1	0
     2827	2023-08-16 12:06:15	4	0	1	0
     2827	2023-08-16 12:06:17	4	0	1	0
     1420	2023-08-16 12:06:27	4	1	1	0
     1417	2023-08-16 12:06:53	4	0	1	0
     1417	2023-08-16 12:06:55	4	0	1	0
      516	2023-08-16 12:07:08	4	0	1	0
     2035	2023-08-16 12:07:14	4	1	1	0
      324	2023-08-16 12:07:45	4	1	1	0
      324	2023-08-16 12:08:35	4	1	1	0
     1217	2023-08-16 12:12:26	4	0	1	0
     2035	2023-08-16 12:12:45	4	0	1	0
     2238	2023-08-16 12:12:49	4	0	1	0
     2112	2023-08-16 12:13:33	4	1	1	0
      817	2023-08-16 12:13:40	4	1	1	0
     2001	2023-08-16 12:13:43	4	1	1	0
     2001	2023-08-16 12:16:28	4	0	1	0
     1420	2023-08-16 12:21:55	4	0	1	0
     2112	2023-08-16 12:23:06	4	0	1	0
     2047	2023-08-16 12:23:47	4	1	1	0
     2047	2023-08-16 12:25:27	4	0	1	0
     2866	2023-08-16 12:28:52	4	0	1	0
     2866	2023-08-16 12:29:06	4	0	1	0
      817	2023-08-16 12:30:08	4	0	1	0
      920	2023-08-16 12:31:20	4	1	1	0
      623	2023-08-16 12:41:38	4	1	1	0
     2761	2023-08-16 12:41:42	4	1	1	0
     2761	2023-08-16 12:41:49	4	0	1	0
     2761	2023-08-16 12:41:50	4	0	1	0
      920	2023-08-16 12:41:55	4	0	1	0
      623	2023-08-16 12:42:02	4	0	1	0
      324	2023-08-16 12:48:47	4	0	1	0
     2125	2023-08-16 12:49:15	4	1	1	0
     2615	2023-08-16 12:56:03	4	1	1	0
     2615	2023-08-16 12:56:07	4	1	1	0
     2125	2023-08-16 12:56:16	4	0	1	0
     2615	2023-08-16 12:59:07	4	0	1	0
     2615	2023-08-16 12:59:11	4	0	1	0
     2615	2023-08-16 12:59:15	4	0	1	0
       37	2023-08-16 16:12:44	4	0	1	0
       37	2023-08-16 16:12:46	4	0	1	0
     2866	2023-08-16 17:01:06	4	1	1	0
     2761	2023-08-16 17:02:03	4	1	1	0
     2761	2023-08-16 17:02:05	4	1	1	0
      817	2023-08-16 17:02:11	4	1	1	0
      920	2023-08-16 17:02:58	4	1	1	0
      920	2023-08-16 17:04:05	4	1	1	0
     2047	2023-08-16 17:06:02	4	1	1	0
     2827	2023-08-16 17:08:58	4	1	1	0
     2827	2023-08-16 17:08:59	4	1	1	0
      920	2023-08-16 17:12:31	4	0	1	0
     2001	2023-08-16 17:15:32	4	1	1	0
     1205	2023-08-16 17:24:12	4	1	1	0
     1417	2023-08-16 17:26:26	4	1	1	0
     1417	2023-08-16 17:26:29	4	1	1	0
     2615	2023-08-16 17:26:35	4	1	1	0
     2615	2023-08-16 17:26:39	4	1	1	0
     2615	2023-08-16 17:26:43	4	1	1	0
     2238	2023-08-16 17:27:02	4	1	1	0
      516	2023-08-16 17:43:07	4	1	1	0
      324	2023-08-16 17:43:25	4	1	1	0
      324	2023-08-16 17:43:26	4	1	1	0
     2112	2023-08-16 17:45:08	4	1	1	0
     2112	2023-08-16 17:45:10	4	1	1	0
      516	2023-08-16 17:46:48	4	1	1	0
      324	2023-08-16 17:52:33	4	1	1	0
     2035	2023-08-16 17:58:19	4	1	1	0
     2035	2023-08-16 18:07:03	4	1	1	0
     2035	2023-08-16 18:07:08	4	1	1	0
     2615	2023-08-16 18:34:06	4	1	1	0
     1217	2023-08-16 18:35:26	4	1	1	0
      623	2023-08-16 18:36:22	4	1	1	0
     1420	2023-08-16 20:26:13	4	1	1	0
     2125	2023-08-16 20:26:30	4	1	1	0
     2125	2023-08-16 20:26:32	4	1	1	0
     2125	2023-08-16 20:26:36	4	1	1	0
     2866	2023-08-17 06:37:21	4	0	1	0
     2866	2023-08-17 06:37:26	4	0	1	0
     2112	2023-08-17 07:28:19	4	0	1	0
     2112	2023-08-17 07:28:21	4	0	1	0
       37	2023-08-17 07:35:56	4	0	1	0
       37	2023-08-17 07:35:58	4	0	1	0
     1205	2023-08-17 07:36:27	4	0	1	0
     1064	2023-08-17 07:39:26	4	0	1	0
      817	2023-08-17 07:51:02	4	0	1	0
      516	2023-08-17 07:54:35	4	0	1	0
      516	2023-08-17 07:55:51	4	0	1	0
     1217	2023-08-17 07:55:56	4	0	1	0
     2125	2023-08-17 07:56:36	4	0	1	0
     2125	2023-08-17 07:56:38	4	0	1	0
      324	2023-08-17 08:00:49	4	0	1	0
      324	2023-08-17 08:00:51	4	0	1	0
      920	2023-08-17 08:04:14	4	0	1	0
     2047	2023-08-17 08:04:49	4	0	1	0
     2001	2023-08-17 08:06:27	4	0	1	0
     1417	2023-08-17 08:09:55	4	0	1	0
     1417	2023-08-17 08:09:57	4	0	1	0
     2238	2023-08-17 08:11:45	4	0	1	0
     2827	2023-08-17 08:12:44	4	0	1	0
     2827	2023-08-17 08:12:46	4	0	1	0
     2761	2023-08-17 08:17:59	4	0	1	0
     2761	2023-08-17 08:18:02	4	0	1	0
     1420	2023-08-17 09:26:39	4	0	1	0
      920	2023-08-17 12:02:32	4	1	1	0
     2866	2023-08-17 12:03:54	4	1	1	0
     2001	2023-08-17 12:05:36	4	1	1	0
     2035	2023-08-17 12:05:52	4	1	1	0
     2238	2023-08-17 12:06:07	4	1	1	0
     1417	2023-08-17 12:06:12	4	1	1	0
     1417	2023-08-17 12:06:15	4	1	1	0
     2761	2023-08-17 12:06:52	4	1	1	0
     2761	2023-08-17 12:06:53	4	1	1	0
     2827	2023-08-17 12:07:30	4	1	1	0
     2827	2023-08-17 12:07:32	4	1	1	0
     2615	2023-08-17 12:09:50	4	1	1	0
     2615	2023-08-17 12:09:55	4	1	1	0
     1417	2023-08-17 12:10:35	4	0	1	0
     1417	2023-08-17 12:10:37	4	0	1	0
     2035	2023-08-17 12:12:29	4	0	1	0
     2238	2023-08-17 12:12:31	4	0	1	0
      817	2023-08-17 12:12:51	4	1	1	0
     2035	2023-08-17 12:13:04	4	0	1	0
      516	2023-08-17 12:13:22	4	1	1	0
     2001	2023-08-17 12:13:25	4	1	1	0
     2001	2023-08-17 12:13:40	4	0	1	0
     2001	2023-08-17 12:13:42	4	0	1	0
      516	2023-08-17 12:14:03	4	0	1	0
     2827	2023-08-17 12:14:10	4	0	1	0
     2761	2023-08-17 12:17:11	4	0	1	0
     2761	2023-08-17 12:17:12	4	0	1	0
      324	2023-08-17 12:20:48	4	1	1	0
      324	2023-08-17 12:20:50	4	1	1	0
     2112	2023-08-17 12:22:37	4	1	1	0
     2866	2023-08-17 12:29:25	4	0	1	0
     2047	2023-08-17 12:33:13	4	1	1	0
      817	2023-08-17 12:35:02	4	0	1	0
     1205	2023-08-17 12:35:22	4	1	1	0
     2047	2023-08-17 12:35:29	4	0	1	0
      920	2023-08-17 12:35:43	4	0	1	0
     2112	2023-08-17 12:42:03	4	0	1	0
     1205	2023-08-17 12:44:17	4	0	1	0
      324	2023-08-17 12:45:23	4	0	1	0
     2125	2023-08-17 12:45:52	4	1	1	0
     2615	2023-08-17 12:58:35	4	0	1	0
     2615	2023-08-17 12:58:40	4	0	1	0
     2615	2023-08-17 12:58:47	4	0	1	0
      714	2023-08-17 13:04:30	4	0	1	0
      714	2023-08-17 13:04:35	4	0	1	0
       37	2023-08-17 16:06:30	4	1	1	0
       37	2023-08-17 16:06:32	4	1	1	0
     1064	2023-08-17 16:06:37	4	1	1	0
     2866	2023-08-17 17:01:35	4	1	1	0
     2866	2023-08-17 17:01:48	4	1	1	0
      817	2023-08-17 17:02:08	4	1	1	0
     1205	2023-08-17 17:03:05	4	1	1	0
     2047	2023-08-17 17:04:10	4	1	1	0
      920	2023-08-17 17:04:14	4	1	1	0
     2001	2023-08-17 17:04:39	4	1	1	0
     1417	2023-08-17 17:06:09	4	1	1	0
     1417	2023-08-17 17:06:11	4	1	1	0
     1417	2023-08-17 17:06:12	4	1	1	0
     2761	2023-08-17 17:06:17	4	1	1	0
     2761	2023-08-17 17:06:18	4	1	1	0
     1217	2023-08-17 17:07:00	4	1	1	0
     2112	2023-08-17 17:07:25	4	1	1	0
     2112	2023-08-17 17:07:27	4	1	1	0
      324	2023-08-17 17:45:03	4	1	1	0
      324	2023-08-17 17:45:04	4	1	1	0
     2125	2023-08-17 17:45:11	4	1	1	0
     2125	2023-08-17 17:45:13	4	1	1	0
      516	2023-08-17 18:18:18	4	1	1	0
     2827	2023-08-17 18:18:35	4	1	1	0
     2827	2023-08-17 18:18:37	4	1	1	0
     2035	2023-08-17 18:20:02	4	1	1	0
     2238	2023-08-17 18:23:44	4	1	1	0
     2035	2023-08-17 18:24:04	4	1	1	0
     2035	2023-08-17 18:32:46	4	1	1	0
     2615	2023-08-17 19:56:18	4	1	1	0
     2615	2023-08-17 19:56:22	4	1	1	0
     2615	2023-08-17 19:56:26	4	1	1	0
     2615	2023-08-17 19:56:32	4	1	1	0
     2125	2023-08-17 20:01:07	4	1	1	0
     1420	2023-08-17 20:31:25	4	1	1	0
     1420	2023-08-17 20:32:57	4	1	1	0
      714	2023-08-18 00:00:03	4	0	1	0
      714	2023-08-18 00:00:07	4	0	1	0
     2866	2023-08-18 06:28:49	4	0	1	0
     2866	2023-08-18 06:28:56	4	0	1	0
      516	2023-08-18 07:06:23	4	0	1	0
       37	2023-08-18 07:29:03	4	0	1	0
       37	2023-08-18 07:29:05	4	0	1	0
     2112	2023-08-18 07:47:54	4	0	1	0
     2112	2023-08-18 07:47:56	4	0	1	0
     1205	2023-08-18 07:51:16	4	0	1	0
      920	2023-08-18 07:56:10	4	0	1	0
     2827	2023-08-18 07:57:02	4	0	1	0
     2827	2023-08-18 07:57:03	4	0	1	0
     2125	2023-08-18 07:57:30	4	0	1	0
     2125	2023-08-18 07:57:31	4	0	1	0
     2047	2023-08-18 07:58:58	4	0	1	0
     1217	2023-08-18 08:02:11	4	0	1	0
     2238	2023-08-18 08:02:23	4	0	1	0
      817	2023-08-18 08:06:23	4	0	1	0
     1417	2023-08-18 08:11:18	4	0	1	0
     1417	2023-08-18 08:11:20	4	0	1	0
     2761	2023-08-18 08:13:02	4	0	1	0
     2761	2023-08-18 08:13:03	4	0	1	0
      324	2023-08-18 08:20:15	4	0	1	0
      324	2023-08-18 08:20:17	4	0	1	0
     2827	2023-08-18 12:01:04	4	1	1	0
     2827	2023-08-18 12:01:05	4	1	1	0
     1417	2023-08-18 12:01:20	4	1	1	0
     1417	2023-08-18 12:01:33	4	1	1	0
     2238	2023-08-18 12:01:41	4	1	1	0
     2001	2023-08-18 12:02:02	4	1	1	0
     1217	2023-08-18 12:02:14	4	1	1	0
     2761	2023-08-18 12:02:53	4	1	1	0
     2761	2023-08-18 12:02:55	4	1	1	0
     2866	2023-08-18 12:03:21	4	1	1	0
      817	2023-08-18 12:03:48	4	1	1	0
      920	2023-08-18 12:03:53	4	1	1	0
      920	2023-08-18 12:03:58	4	1	1	0
     2112	2023-08-18 12:05:09	4	1	1	0
      516	2023-08-18 12:06:29	4	1	1	0
      516	2023-08-18 12:07:03	4	0	1	0
     2827	2023-08-18 12:07:09	4	0	1	0
     2827	2023-08-18 12:07:10	4	0	1	0
     1417	2023-08-18 12:07:34	4	0	1	0
     1417	2023-08-18 12:07:36	4	0	1	0
     2125	2023-08-18 12:07:42	4	1	1	0
     2001	2023-08-18 12:12:54	4	0	1	0
     2035	2023-08-18 12:13:20	4	1	1	0
     2866	2023-08-18 12:14:42	4	0	1	0
     2112	2023-08-18 12:14:48	4	0	1	0
     2035	2023-08-18 12:15:54	4	0	1	0
     2761	2023-08-18 12:16:03	4	0	1	0
     2761	2023-08-18 12:16:04	4	0	1	0
     2238	2023-08-18 12:17:26	4	0	1	0
     1205	2023-08-18 12:18:19	4	1	1	0
      324	2023-08-18 12:19:34	4	1	1	0
     2125	2023-08-18 12:21:43	4	0	1	0
     1205	2023-08-18 12:24:24	4	1	1	0
     2125	2023-08-18 12:24:43	4	0	1	0
     2615	2023-08-18 12:29:44	4	1	1	0
     2615	2023-08-18 12:29:48	4	1	1	0
     1217	2023-08-18 12:30:04	4	0	1	0
      817	2023-08-18 12:32:23	4	0	1	0
     2047	2023-08-18 12:35:19	4	1	1	0
      324	2023-08-18 12:36:12	4	0	1	0
      324	2023-08-18 12:36:16	4	0	1	0
      324	2023-08-18 12:38:06	4	0	1	0
      920	2023-08-18 12:38:10	4	0	1	0
     2047	2023-08-18 12:38:49	4	0	1	0
     2615	2023-08-18 12:38:59	4	0	1	0
     2615	2023-08-18 12:39:07	4	0	1	0
     2615	2023-08-18 12:39:11	4	0	1	0
     2615	2023-08-18 12:39:41	4	0	1	0
     1064	2023-08-18 15:27:41	4	0	1	0
       37	2023-08-18 16:00:12	4	1	1	0
       37	2023-08-18 16:00:15	4	1	1	0
     2761	2023-08-18 17:01:27	4	1	1	0
     2761	2023-08-18 17:01:29	4	1	1	0
      817	2023-08-18 17:02:07	4	1	1	0
     2827	2023-08-18 17:02:41	4	0	1	0
     2827	2023-08-18 17:02:46	4	1	1	0
     2827	2023-08-18 17:02:48	4	1	1	0
      920	2023-08-18 17:02:59	4	1	1	0
     1217	2023-08-18 17:04:19	4	1	1	0
     1417	2023-08-18 17:04:59	4	1	1	0
     1417	2023-08-18 17:05:01	4	1	1	0
     1417	2023-08-18 17:05:03	4	1	1	0
     2112	2023-08-18 17:05:16	4	1	1	0
     2112	2023-08-18 17:05:17	4	1	1	0
     1217	2023-08-18 17:05:38	4	1	1	0
      516	2023-08-18 17:06:16	4	1	1	0
     2047	2023-08-18 17:07:56	4	1	1	0
     2615	2023-08-18 17:13:27	4	1	1	0
     2615	2023-08-18 17:13:32	4	1	1	0
     2615	2023-08-18 17:13:36	4	1	1	0
     2615	2023-08-18 17:32:40	4	1	1	0
     2238	2023-08-18 17:59:02	4	1	1	0
     2001	2023-08-18 18:02:45	4	1	1	0
     2001	2023-08-18 18:02:48	4	1	1	0
     2035	2023-08-18 18:10:03	4	1	1	0
     1205	2023-08-18 18:14:44	4	1	1	0
     2866	2023-08-18 18:15:00	4	1	1	0
     2866	2023-08-18 18:15:05	4	1	1	0
      324	2023-08-18 19:53:35	4	1	1	0
      324	2023-08-18 19:53:37	4	1	1	0
     2125	2023-08-18 19:55:58	4	1	1	0
     2125	2023-08-18 19:55:59	4	1	1	0
     2125	2023-08-18 19:56:01	4	1	1	0
      324	2023-08-18 19:56:08	4	1	1	0
     2125	2023-08-18 21:23:24	4	1	1	0
     2125	2023-08-18 21:23:33	4	1	1	0
     1064	2023-08-18 23:57:35	4	0	1	0
     1064	2023-08-19 00:00:12	4	0	1	0
     1064	2023-08-19 08:20:10	4	1	1	0
      714	2023-08-19 13:18:29	4	0	1	0
      714	2023-08-19 13:18:36	4	0	1	0
     2125	2023-08-19 14:25:20	4	0	1	0
     2125	2023-08-19 14:25:22	4	0	1	0
     1420	2023-08-19 15:49:18	4	0	1	0
     2125	2023-08-19 22:11:20	4	1	1	0
     2125	2023-08-19 22:11:21	4	1	1	0
     1420	2023-08-19 23:52:27	4	1	1	0
     2125	2023-08-19 23:52:37	4	1	1	0
     2125	2023-08-19 23:52:38	4	1	1	0
      714	2023-08-20 00:00:02	4	0	1	0
      714	2023-08-20 00:00:07	4	0	1	0
     1064	2023-08-20 07:51:02	4	0	1	0
      714	2023-08-20 08:01:36	4	1	1	0
      714	2023-08-20 08:01:39	4	1	1	0
     1064	2023-08-20 16:10:11	4	1	1	0
     2866	2023-08-22 06:26:34	4	0	1	0
     2866	2023-08-22 06:26:39	4	0	1	0
       37	2023-08-22 07:13:47	4	0	1	0
       37	2023-08-22 07:13:50	4	0	1	0
     1064	2023-08-22 07:36:27	4	0	1	0
     2112	2023-08-22 07:41:13	4	0	1	0
     2112	2023-08-22 07:41:15	4	0	1	0
     1420	2023-08-22 07:54:07	4	0	1	0
     2047	2023-08-22 07:54:46	4	0	1	0
     1217	2023-08-22 07:55:28	4	0	1	0
     1217	2023-08-22 07:55:34	4	0	1	0
     2125	2023-08-22 07:56:14	4	0	1	0
     2125	2023-08-22 07:56:15	4	0	1	0
     1205	2023-08-22 07:56:18	4	0	1	0
     2125	2023-08-22 07:58:06	4	0	1	0
      817	2023-08-22 07:58:26	4	0	1	0
     2001	2023-08-22 07:58:29	4	0	1	0
     2001	2023-08-22 07:58:31	4	0	1	0
      920	2023-08-22 07:59:50	4	0	1	0
      920	2023-08-22 07:59:59	4	0	1	0
     2761	2023-08-22 08:01:07	4	0	1	0
     2761	2023-08-22 08:01:09	4	0	1	0
     2827	2023-08-22 08:02:12	4	0	1	0
     2827	2023-08-22 08:02:14	4	0	1	0
     2238	2023-08-22 08:05:40	4	0	1	0
      324	2023-08-22 08:06:00	4	0	1	0
      324	2023-08-22 08:06:02	4	0	1	0
     1417	2023-08-22 08:14:57	4	0	1	0
     1417	2023-08-22 08:15:01	4	0	1	0
      623	2023-08-22 08:41:58	4	0	1	0
      516	2023-08-22 09:07:40	4	0	1	0
     2827	2023-08-22 12:02:21	4	1	1	0
     1417	2023-08-22 12:02:30	4	1	1	0
     1417	2023-08-22 12:02:32	4	1	1	0
     2761	2023-08-22 12:02:39	4	1	1	0
     2761	2023-08-22 12:02:41	4	1	1	0
     1420	2023-08-22 12:03:00	4	1	1	0
     2615	2023-08-22 12:03:41	4	1	1	0
     2615	2023-08-22 12:03:45	4	1	1	0
     2615	2023-08-22 12:03:50	4	1	1	0
      920	2023-08-22 12:08:48	4	1	1	0
     2047	2023-08-22 12:09:09	4	1	1	0
      516	2023-08-22 12:09:21	4	1	1	0
     1420	2023-08-22 12:09:27	4	0	1	0
     2001	2023-08-22 12:10:35	4	1	1	0
     2001	2023-08-22 12:10:44	4	1	1	0
      516	2023-08-22 12:11:03	4	0	1	0
     2238	2023-08-22 12:11:56	4	1	1	0
     1417	2023-08-22 12:14:56	4	0	1	0
     1417	2023-08-22 12:14:58	4	0	1	0
     2761	2023-08-22 12:15:38	4	0	1	0
     2761	2023-08-22 12:15:39	4	0	1	0
      324	2023-08-22 12:17:42	4	1	1	0
     2615	2023-08-22 12:18:37	4	0	1	0
     2615	2023-08-22 12:18:42	4	0	1	0
     2615	2023-08-22 12:18:48	4	0	1	0
     2866	2023-08-22 12:19:23	4	1	1	0
     2112	2023-08-22 12:19:30	4	1	1	0
     2238	2023-08-22 12:24:11	4	0	1	0
     2001	2023-08-22 12:24:14	4	0	1	0
     2001	2023-08-22 12:24:18	4	0	1	0
      817	2023-08-22 12:25:50	4	1	1	0
     1217	2023-08-22 12:26:25	4	1	1	0
     2125	2023-08-22 12:26:31	4	1	1	0
     2047	2023-08-22 12:26:47	4	0	1	0
     2827	2023-08-22 12:28:15	4	0	1	0
      817	2023-08-22 12:32:02	4	0	1	0
      817	2023-08-22 12:32:03	4	0	1	0
     1217	2023-08-22 12:33:46	4	0	1	0
     2112	2023-08-22 12:40:30	4	0	1	0
     2866	2023-08-22 12:40:45	4	0	1	0
      920	2023-08-22 12:45:42	4	0	1	0
     2125	2023-08-22 12:45:49	4	0	1	0
     1205	2023-08-22 12:45:58	4	1	1	0
      324	2023-08-22 12:47:09	4	0	1	0
      324	2023-08-22 12:47:11	4	0	1	0
     1205	2023-08-22 12:48:03	4	0	1	0
      324	2023-08-22 12:49:09	4	0	1	0
      714	2023-08-22 15:59:13	4	0	1	0
       37	2023-08-22 16:02:14	4	1	1	0
       37	2023-08-22 16:02:17	4	1	1	0
     1064	2023-08-22 16:02:36	4	1	1	0
     2866	2023-08-22 17:01:21	4	1	1	0
     1417	2023-08-22 17:01:33	4	1	1	0
     1417	2023-08-22 17:01:35	4	1	1	0
     1417	2023-08-22 17:01:36	4	1	1	0
     1417	2023-08-22 17:01:38	4	1	1	0
     1417	2023-08-22 17:01:49	4	1	1	0
     1417	2023-08-22 17:01:51	4	1	1	0
     2827	2023-08-22 17:02:16	4	1	1	0
     2827	2023-08-22 17:02:20	4	1	1	0
     2761	2023-08-22 17:02:24	4	1	1	0
     2761	2023-08-22 17:02:26	4	1	1	0
     2047	2023-08-22 17:03:10	4	1	1	0
     1205	2023-08-22 17:03:45	4	1	1	0
      817	2023-08-22 17:05:48	4	1	1	0
      920	2023-08-22 17:05:53	4	1	1	0
      516	2023-08-22 17:07:48	4	1	1	0
     2112	2023-08-22 17:08:05	4	1	1	0
     2112	2023-08-22 17:08:07	4	1	1	0
      516	2023-08-22 17:09:07	4	1	1	0
     1217	2023-08-22 17:09:32	4	1	1	0
     2001	2023-08-22 17:10:18	4	1	1	0
     2238	2023-08-22 17:10:48	4	1	1	0
     2615	2023-08-22 17:15:36	4	1	1	0
     2615	2023-08-22 17:15:41	4	1	1	0
     2615	2023-08-22 17:15:48	4	1	1	0
     2615	2023-08-22 17:36:35	4	1	1	0
     1420	2023-08-22 18:07:46	4	1	1	0
     1420	2023-08-22 18:26:09	4	1	1	0
     2125	2023-08-22 18:26:14	4	1	1	0
     2125	2023-08-22 18:26:15	4	1	1	0
      324	2023-08-22 18:26:24	4	1	1	0
      324	2023-08-22 18:26:29	4	1	1	0
      324	2023-08-22 18:29:52	4	1	1	0
      623	2023-08-22 18:59:39	4	1	1	0
     2125	2023-08-22 19:07:04	4	1	1	0
      714	2023-08-23 00:00:04	4	0	1	0
      714	2023-08-23 00:00:07	4	0	1	0
     2866	2023-08-23 06:26:23	4	0	1	0
     2866	2023-08-23 06:26:31	4	0	1	0
     1064	2023-08-23 07:35:05	4	0	1	0
     2112	2023-08-23 07:36:34	4	0	1	0
     2112	2023-08-23 07:36:36	4	0	1	0
     2047	2023-08-23 07:50:20	4	0	1	0
      470	2023-08-23 07:57:11	4	0	1	0
     2125	2023-08-23 07:58:31	4	0	1	0
     2125	2023-08-23 07:58:33	4	0	1	0
      516	2023-08-23 07:58:39	4	0	1	0
      324	2023-08-23 07:58:50	4	0	1	0
      324	2023-08-23 07:58:53	4	0	1	0
     1217	2023-08-23 07:59:00	4	0	1	0
      414	2023-08-23 07:59:03	4	0	1	0
      920	2023-08-23 07:59:12	4	0	1	0
     2125	2023-08-23 07:59:36	4	0	1	0
      324	2023-08-23 07:59:56	4	0	1	0
     1420	2023-08-23 08:00:58	4	0	1	0
     1417	2023-08-23 08:01:07	4	0	1	0
     1417	2023-08-23 08:01:10	4	0	1	0
     2827	2023-08-23 08:03:01	4	0	1	0
     2827	2023-08-23 08:03:06	4	0	1	0
      623	2023-08-23 08:04:07	4	0	1	0
      623	2023-08-23 08:04:41	4	0	1	0
     2001	2023-08-23 08:04:57	4	0	1	0
     2001	2023-08-23 08:04:59	4	0	1	0
     2238	2023-08-23 08:08:20	4	0	1	0
      817	2023-08-23 08:10:12	4	0	1	0
       37	2023-08-23 08:16:50	4	0	1	0
       37	2023-08-23 08:16:52	4	0	1	0
     2761	2023-08-23 08:27:34	4	0	1	0
     2761	2023-08-23 08:27:36	4	0	1	0
     1417	2023-08-23 12:02:00	4	1	1	0
     1417	2023-08-23 12:02:02	4	1	1	0
     1217	2023-08-23 12:02:17	4	1	1	0
     2615	2023-08-23 12:02:39	4	1	1	0
     2615	2023-08-23 12:02:46	4	1	1	0
     2866	2023-08-23 12:02:57	4	1	1	0
     2761	2023-08-23 12:03:20	4	1	1	0
     2761	2023-08-23 12:03:22	4	1	1	0
     2238	2023-08-23 12:04:12	4	1	1	0
      470	2023-08-23 12:04:15	4	1	1	0
     2866	2023-08-23 12:06:06	4	0	1	0
     2035	2023-08-23 12:06:24	4	1	1	0
     1217	2023-08-23 12:07:32	4	0	1	0
     2238	2023-08-23 12:07:41	4	0	1	0
      324	2023-08-23 12:10:02	4	1	1	0
      324	2023-08-23 12:10:16	4	1	1	0
     1417	2023-08-23 12:12:47	4	0	1	0
     1417	2023-08-23 12:12:49	4	0	1	0
     2035	2023-08-23 12:13:09	4	0	1	0
     2615	2023-08-23 12:15:00	4	0	1	0
     2615	2023-08-23 12:15:04	4	0	1	0
      470	2023-08-23 12:21:12	4	0	1	0
     2761	2023-08-23 12:21:33	4	0	1	0
     2761	2023-08-23 12:21:35	4	0	1	0
      324	2023-08-23 12:43:31	4	0	1	0
     2047	2023-08-23 12:48:21	4	1	1	0
      920	2023-08-23 12:48:26	4	1	1	0
      817	2023-08-23 12:49:20	4	1	1	0
     2001	2023-08-23 12:50:38	4	1	1	0
     2827	2023-08-23 12:50:42	4	1	1	0
     2827	2023-08-23 12:50:44	4	1	1	0
     2047	2023-08-23 12:50:54	4	0	1	0
      920	2023-08-23 12:50:57	4	0	1	0
     2827	2023-08-23 12:52:55	4	0	1	0
     2827	2023-08-23 12:52:58	4	0	1	0
      516	2023-08-23 12:55:07	4	1	1	0
      817	2023-08-23 12:56:35	4	0	1	0
      516	2023-08-23 12:56:40	4	0	1	0
     2001	2023-08-23 13:01:24	4	0	1	0
       37	2023-08-23 16:04:21	4	1	1	0
       37	2023-08-23 16:04:27	4	1	1	0
       37	2023-08-23 16:04:32	4	1	1	0
       37	2023-08-23 16:04:35	4	1	1	0
     1064	2023-08-23 16:04:40	4	1	1	0
     2866	2023-08-23 17:01:07	4	1	1	0
     2866	2023-08-23 17:01:17	4	1	1	0
     2827	2023-08-23 17:03:03	4	1	1	0
     2827	2023-08-23 17:03:05	4	1	1	0
     1417	2023-08-23 17:03:10	4	1	1	0
     1417	2023-08-23 17:03:12	4	1	1	0
     1417	2023-08-23 17:03:13	4	1	1	0
      817	2023-08-23 17:03:18	4	1	1	0
     2112	2023-08-23 17:04:09	4	1	1	0
     2112	2023-08-23 17:04:11	4	1	1	0
     2615	2023-08-23 17:04:21	4	1	1	0
     2615	2023-08-23 17:04:25	4	1	1	0
     2615	2023-08-23 17:04:31	4	1	1	0
     2001	2023-08-23 17:04:36	4	1	1	0
     2001	2023-08-23 17:04:38	4	1	1	0
      920	2023-08-23 17:07:05	4	0	1	0
      470	2023-08-23 17:08:33	4	0	1	0
      470	2023-08-23 17:08:38	4	1	1	0
      516	2023-08-23 17:09:23	4	1	1	0
      516	2023-08-23 17:12:06	4	1	1	0
     2047	2023-08-23 17:12:27	4	1	1	0
     2761	2023-08-23 17:14:22	4	1	1	0
     2761	2023-08-23 17:14:25	4	1	1	0
     1420	2023-08-23 17:17:12	4	1	1	0
     1217	2023-08-23 17:19:22	4	1	1	0
     1420	2023-08-23 17:38:44	4	1	1	0
      324	2023-08-23 17:42:10	4	1	1	0
      324	2023-08-23 17:42:29	4	1	1	0
      324	2023-08-23 17:44:23	4	1	1	0
     2238	2023-08-23 17:45:12	4	1	1	0
      623	2023-08-23 18:21:26	4	1	1	0
     2615	2023-08-23 18:37:09	4	1	1	0
     2035	2023-08-23 18:39:07	4	1	1	0
      414	2023-08-23 18:43:08	4	1	1	0
     2125	2023-08-23 20:30:24	4	1	1	0
     2125	2023-08-23 20:30:26	4	1	1	0
     2125	2023-08-23 20:30:27	4	1	1	0
     2866	2023-08-24 06:26:04	4	0	1	0
     2866	2023-08-24 06:26:09	4	0	1	0
     2125	2023-08-24 07:20:31	4	0	1	0
     2125	2023-08-24 07:20:34	4	0	1	0
     2125	2023-08-24 07:20:38	4	0	1	0
     2112	2023-08-24 07:41:45	4	0	1	0
     2112	2023-08-24 07:41:47	4	0	1	0
       37	2023-08-24 07:42:00	4	0	1	0
       37	2023-08-24 07:42:05	4	0	1	0
       37	2023-08-24 07:42:15	4	0	1	0
     1064	2023-08-24 07:46:12	4	0	1	0
      817	2023-08-24 07:54:41	4	0	1	0
     1417	2023-08-24 07:54:54	4	0	1	0
     1417	2023-08-24 07:54:56	4	0	1	0
     1417	2023-08-24 07:55:00	4	0	1	0
     2827	2023-08-24 07:58:10	4	0	1	0
     2827	2023-08-24 07:58:12	4	0	1	0
      516	2023-08-24 07:58:20	4	0	1	0
     2001	2023-08-24 07:58:42	4	0	1	0
     2001	2023-08-24 07:58:44	4	0	1	0
      470	2023-08-24 08:00:14	4	0	1	0
     2047	2023-08-24 08:00:43	4	0	1	0
      324	2023-08-24 08:01:24	4	0	1	0
      324	2023-08-24 08:01:25	4	0	1	0
     1420	2023-08-24 08:02:32	4	0	1	0
      920	2023-08-24 08:03:12	4	0	1	0
     1205	2023-08-24 08:09:29	4	0	1	0
     2761	2023-08-24 08:10:34	4	0	1	0
     2761	2023-08-24 08:10:35	4	0	1	0
     2238	2023-08-24 08:14:16	4	0	1	0
     1417	2023-08-24 12:02:21	4	1	1	0
     1417	2023-08-24 12:02:22	4	1	1	0
     2615	2023-08-24 12:02:27	4	1	1	0
     2615	2023-08-24 12:02:31	4	1	1	0
     2761	2023-08-24 12:02:35	4	1	1	0
     2761	2023-08-24 12:02:37	4	1	1	0
      324	2023-08-24 12:02:43	4	1	1	0
      324	2023-08-24 12:02:47	4	1	1	0
     2112	2023-08-24 12:03:21	4	1	1	0
     2238	2023-08-24 12:03:29	4	1	1	0
     2001	2023-08-24 12:03:31	4	1	1	0
     2001	2023-08-24 12:03:33	4	1	1	0
      516	2023-08-24 12:03:52	4	1	1	0
     2827	2023-08-24 12:05:01	4	1	1	0
     2827	2023-08-24 12:05:03	4	1	1	0
      516	2023-08-24 12:05:10	4	0	1	0
     2866	2023-08-24 12:05:54	4	1	1	0
     2615	2023-08-24 12:08:37	4	0	1	0
     2615	2023-08-24 12:08:43	4	0	1	0
     2827	2023-08-24 12:09:03	4	0	1	0
     2827	2023-08-24 12:09:06	4	0	1	0
     1417	2023-08-24 12:09:11	4	0	1	0
     1417	2023-08-24 12:09:14	4	0	1	0
     1417	2023-08-24 12:09:16	4	0	1	0
     2035	2023-08-24 12:10:22	4	1	1	0
     2035	2023-08-24 12:10:32	4	1	1	0
     2125	2023-08-24 12:12:29	4	1	1	0
     2047	2023-08-24 12:12:49	4	1	1	0
     2047	2023-08-24 12:15:09	4	0	1	0
     2112	2023-08-24 12:15:16	4	0	1	0
      920	2023-08-24 12:16:18	4	1	1	0
     2866	2023-08-24 12:17:42	4	0	1	0
      623	2023-08-24 12:18:19	4	1	1	0
     1417	2023-08-24 12:19:11	4	0	1	0
     2035	2023-08-24 12:19:14	4	0	1	0
     2001	2023-08-24 12:19:23	4	0	1	0
     2001	2023-08-24 12:19:25	4	0	1	0
     2035	2023-08-24 12:19:38	4	0	1	0
      920	2023-08-24 12:20:37	4	0	1	0
      623	2023-08-24 12:21:25	4	1	1	0
      623	2023-08-24 12:21:33	4	0	1	0
      623	2023-08-24 12:21:36	4	0	1	0
      817	2023-08-24 12:21:44	4	1	1	0
     2761	2023-08-24 12:25:33	4	0	1	0
     2761	2023-08-24 12:25:35	4	0	1	0
      817	2023-08-24 12:25:46	4	0	1	0
      817	2023-08-24 12:25:48	4	0	1	0
      324	2023-08-24 12:27:40	4	0	1	0
      324	2023-08-24 12:27:42	4	0	1	0
      324	2023-08-24 12:28:04	4	0	1	0
     2238	2023-08-24 12:34:55	4	0	1	0
      470	2023-08-24 12:35:50	4	1	1	0
      470	2023-08-24 12:37:15	4	0	1	0
     1217	2023-08-24 12:53:35	4	0	1	0
      714	2023-08-24 15:55:56	4	0	1	0
       37	2023-08-24 16:02:26	4	1	1	0
       37	2023-08-24 16:02:29	4	1	1	0
     1064	2023-08-24 16:02:35	4	1	1	0
     2866	2023-08-24 17:01:21	4	1	1	0
     2866	2023-08-24 17:01:26	4	1	1	0
      817	2023-08-24 17:04:18	4	1	1	0
      470	2023-08-24 17:05:23	4	1	1	0
     2112	2023-08-24 17:06:49	4	1	1	0
     2112	2023-08-24 17:06:51	4	1	1	0
     1205	2023-08-24 17:08:18	4	1	1	0
     2047	2023-08-24 17:09:52	4	1	1	0
     1417	2023-08-24 17:10:45	4	1	1	0
     1417	2023-08-24 17:10:54	4	1	1	0
     1417	2023-08-24 17:10:57	4	1	1	0
     1417	2023-08-24 17:11:04	4	1	1	0
     1417	2023-08-24 17:11:05	4	1	1	0
     1417	2023-08-24 17:11:12	4	1	1	0
     1417	2023-08-24 17:11:17	4	1	1	0
     1417	2023-08-24 17:11:20	4	1	1	0
     2761	2023-08-24 17:11:25	4	1	1	0
     2761	2023-08-24 17:11:26	4	1	1	0
      920	2023-08-24 17:11:41	4	1	1	0
     2827	2023-08-24 17:11:54	4	1	1	0
     2827	2023-08-24 17:11:57	4	1	1	0
     2827	2023-08-24 17:12:07	4	1	1	0
     2827	2023-08-24 17:12:09	4	1	1	0
     2001	2023-08-24 17:12:16	4	1	1	0
     1217	2023-08-24 17:12:27	4	1	1	0
     2238	2023-08-24 17:13:16	4	1	1	0
     2001	2023-08-24 17:15:28	4	1	1	0
      516	2023-08-24 17:35:00	4	1	1	0
      516	2023-08-24 17:56:10	4	1	1	0
     2238	2023-08-24 17:56:15	4	1	1	0
      623	2023-08-24 18:11:31	4	1	1	0
     2035	2023-08-24 18:20:11	4	1	1	0
      324	2023-08-24 18:20:41	4	1	1	0
     2035	2023-08-24 18:23:43	4	1	1	0
     2615	2023-08-24 18:31:49	4	1	1	0
     2615	2023-08-24 18:31:54	4	1	1	0
      324	2023-08-24 18:34:07	4	1	1	0
      324	2023-08-24 18:34:08	4	1	1	0
     2125	2023-08-24 19:23:29	4	1	1	0
     2125	2023-08-24 19:23:30	4	1	1	0
     2125	2023-08-24 19:23:31	4	1	1	0
     1420	2023-08-24 21:24:17	4	1	1	0
     2125	2023-08-24 21:24:33	4	1	1	0
     1420	2023-08-24 21:25:40	4	1	1	0
      714	2023-08-25 00:00:02	4	0	1	0
      714	2023-08-25 00:00:05	4	0	1	0
     2866	2023-08-25 05:58:48	4	0	1	0
     2866	2023-08-25 05:59:02	4	0	1	0
     1205	2023-08-25 06:36:09	4	0	1	0
      516	2023-08-25 07:08:46	4	0	1	0
      516	2023-08-25 07:09:46	4	0	1	0
     2112	2023-08-25 07:46:13	4	0	1	0
     2112	2023-08-25 07:46:14	4	0	1	0
     1064	2023-08-25 07:47:09	4	0	1	0
     1064	2023-08-25 07:47:14	4	0	1	0
      817	2023-08-25 07:52:48	4	0	1	0
     2001	2023-08-25 07:57:01	4	0	1	0
     1217	2023-08-25 07:57:56	4	0	1	0
      920	2023-08-25 07:58:31	4	0	1	0
      470	2023-08-25 07:59:55	4	0	1	0
     2125	2023-08-25 08:00:54	4	0	1	0
     2125	2023-08-25 08:00:56	4	0	1	0
     2761	2023-08-25 08:01:43	4	0	1	0
     2761	2023-08-25 08:01:44	4	0	1	0
      324	2023-08-25 08:01:47	4	0	1	0
      324	2023-08-25 08:01:48	4	0	1	0
     2761	2023-08-25 08:01:53	4	0	1	0
     2047	2023-08-25 08:02:03	4	0	1	0
     2827	2023-08-25 08:02:09	4	0	1	0
     2827	2023-08-25 08:02:10	4	0	1	0
     1417	2023-08-25 08:02:25	4	0	1	0
     1417	2023-08-25 08:02:27	4	0	1	0
       37	2023-08-25 08:02:37	4	0	1	0
       37	2023-08-25 08:02:39	4	0	1	0
      324	2023-08-25 08:02:46	4	0	1	0
     1420	2023-08-25 08:02:50	4	0	1	0
     1420	2023-08-25 12:01:01	4	1	1	0
     2125	2023-08-25 12:01:06	4	1	1	0
     2001	2023-08-25 12:01:12	4	1	1	0
     1417	2023-08-25 12:01:16	4	1	1	0
     1417	2023-08-25 12:01:18	4	1	1	0
     2866	2023-08-25 12:01:39	4	1	1	0
     2827	2023-08-25 12:02:37	4	1	1	0
     2827	2023-08-25 12:02:39	4	1	1	0
     2112	2023-08-25 12:03:09	4	1	1	0
     2761	2023-08-25 12:04:36	4	1	1	0
     2761	2023-08-25 12:04:38	4	1	1	0
     1217	2023-08-25 12:05:16	4	1	1	0
     1420	2023-08-25 12:08:23	4	0	1	0
     2238	2023-08-25 12:08:33	4	1	1	0
     2035	2023-08-25 12:08:41	4	1	1	0
     2827	2023-08-25 12:08:46	4	0	1	0
     2827	2023-08-25 12:08:48	4	0	1	0
      324	2023-08-25 12:08:56	4	1	1	0
      324	2023-08-25 12:08:58	4	1	1	0
     1417	2023-08-25 12:09:07	4	0	1	0
     1417	2023-08-25 12:09:11	4	0	1	0
     2035	2023-08-25 12:09:17	4	1	1	0
     2112	2023-08-25 12:09:28	4	0	1	0
     2866	2023-08-25 12:09:39	4	0	1	0
     2761	2023-08-25 12:10:09	4	0	1	0
     2761	2023-08-25 12:10:11	4	0	1	0
     2035	2023-08-25 12:15:29	4	0	1	0
     2035	2023-08-25 12:16:16	4	0	1	0
      470	2023-08-25 12:17:19	4	1	1	0
     2125	2023-08-25 12:17:25	4	0	1	0
      623	2023-08-25 12:22:02	4	1	1	0
     1217	2023-08-25 12:23:44	4	0	1	0
      623	2023-08-25 12:24:06	4	0	1	0
      470	2023-08-25 12:34:44	4	0	1	0
     2047	2023-08-25 12:35:15	4	1	1	0
      920	2023-08-25 12:35:21	4	1	1	0
     2047	2023-08-25 12:37:46	4	0	1	0
      516	2023-08-25 12:42:17	4	1	1	0
     2238	2023-08-25 12:42:22	4	0	1	0
     2615	2023-08-25 12:42:29	4	1	1	0
     2615	2023-08-25 12:42:34	4	1	1	0
      324	2023-08-25 12:42:56	4	0	1	0
      324	2023-08-25 12:43:01	4	0	1	0
      516	2023-08-25 12:45:03	4	0	1	0
      920	2023-08-25 12:45:32	4	0	1	0
      817	2023-08-25 12:45:38	4	1	1	0
     2615	2023-08-25 12:47:12	4	0	1	0
     2615	2023-08-25 12:47:17	4	0	1	0
      817	2023-08-25 12:49:20	4	0	1	0
      817	2023-08-25 12:49:21	4	0	1	0
     1064	2023-08-25 16:00:59	4	1	1	0
       37	2023-08-25 16:01:06	4	1	1	0
       37	2023-08-25 16:01:07	4	1	1	0
      817	2023-08-25 17:01:06	4	1	1	0
     2827	2023-08-25 17:01:21	4	1	1	0
     2827	2023-08-25 17:01:22	4	1	1	0
     2866	2023-08-25 17:01:32	4	1	1	0
     2112	2023-08-25 17:03:44	4	1	1	0
     2112	2023-08-25 17:03:45	4	1	1	0
      470	2023-08-25 17:04:28	4	1	1	0
      920	2023-08-25 17:05:45	4	1	1	0
     2047	2023-08-25 17:05:57	4	1	1	0
      470	2023-08-25 17:06:48	4	1	1	0
      623	2023-08-25 17:18:12	4	1	1	0
      623	2023-08-25 17:33:48	4	1	1	0
     2001	2023-08-25 17:39:17	4	1	1	0
     1217	2023-08-25 17:43:16	4	1	1	0
     1420	2023-08-25 17:45:28	4	1	1	0
      324	2023-08-25 18:01:40	4	1	1	0
      324	2023-08-25 18:01:42	4	1	1	0
     2125	2023-08-25 18:37:55	4	1	1	0
     2125	2023-08-25 18:37:56	4	1	1	0
     2125	2023-08-25 18:37:58	4	1	1	0
     1205	2023-08-25 19:09:59	4	1	1	0
      516	2023-08-25 19:25:11	4	1	1	0
     2761	2023-08-25 19:26:09	4	1	1	0
     2761	2023-08-25 19:26:13	4	1	1	0
     2615	2023-08-25 20:12:23	4	1	1	0
     2615	2023-08-25 20:12:27	4	1	1	0
     2238	2023-08-25 20:44:15	4	1	1	0
     2615	2023-08-25 21:05:49	4	1	1	0
     2615	2023-08-25 21:05:53	4	1	1	0
     2615	2023-08-25 21:21:09	4	1	1	0
     2035	2023-08-25 21:33:53	4	1	1	0
     2035	2023-08-25 21:35:57	4	1	1	0
     2125	2023-08-25 21:43:07	4	1	1	0
      324	2023-08-25 21:43:21	4	1	1	0
     1417	2023-08-25 22:17:27	4	1	1	0
     1417	2023-08-25 22:17:29	4	1	1	0
     1417	2023-08-25 22:17:32	4	1	1	0
     1417	2023-08-25 22:17:34	4	1	1	0
     1417	2023-08-25 22:17:42	4	1	1	0
     1417	2023-08-25 22:17:44	4	1	1	0
     1417	2023-08-25 22:17:51	4	1	1	0
     1064	2023-08-26 07:41:04	4	0	1	0
     1064	2023-08-26 07:41:07	4	0	1	0
      714	2023-08-26 13:41:11	4	0	1	0
     1064	2023-08-26 13:49:32	4	1	1	0
      714	2023-08-26 14:37:22	4	0	1	0
      714	2023-08-27 00:00:17	4	0	1	0
      714	2023-08-27 00:00:22	4	0	1	0
     1420	2023-08-27 05:46:35	4	0	1	0
     1420	2023-08-27 12:46:08	4	1	1	0
     1205	2023-08-27 13:14:57	4	0	1	0
     1205	2023-08-27 17:00:04	4	1	1	0
     1420	2023-08-28 08:16:39	4	0	1	0
     1205	2023-08-28 08:16:44	4	0	1	0
     1205	2023-08-28 12:01:43	4	1	1	0
     1420	2023-08-28 14:23:19	4	1	1	0
     2866	2023-08-29 05:26:18	4	0	1	0
     1064	2023-08-29 07:30:06	4	0	1	0
     2112	2023-08-29 07:31:20	4	0	1	0
     2112	2023-08-29 07:31:22	4	0	1	0
      470	2023-08-29 07:33:26	4	0	1	0
     2047	2023-08-29 07:34:45	4	0	1	0
     1205	2023-08-29 07:45:57	4	0	1	0
     2238	2023-08-29 07:47:09	4	0	1	0
      920	2023-08-29 07:53:20	4	0	1	0
     1217	2023-08-29 07:55:57	4	0	1	0
     2827	2023-08-29 07:57:02	4	0	1	0
     2827	2023-08-29 07:57:06	4	0	1	0
     1420	2023-08-29 07:57:56	4	0	1	0
     2761	2023-08-29 07:59:24	4	0	1	0
     2761	2023-08-29 07:59:26	4	0	1	0
     1417	2023-08-29 07:59:31	4	0	1	0
     1417	2023-08-29 07:59:32	4	0	1	0
     1417	2023-08-29 07:59:34	4	0	1	0
      324	2023-08-29 08:01:28	4	0	1	0
      324	2023-08-29 08:01:29	4	0	1	0
     2125	2023-08-29 08:04:17	4	0	1	0
     2125	2023-08-29 08:04:19	4	0	1	0
      817	2023-08-29 08:10:51	4	0	1	0
      516	2023-08-29 08:33:17	4	0	1	0
      470	2023-08-29 12:01:27	4	1	1	0
     2761	2023-08-29 12:02:31	4	1	1	0
     2761	2023-08-29 12:02:33	4	1	1	0
     1417	2023-08-29 12:02:40	4	1	1	0
     1417	2023-08-29 12:02:41	4	1	1	0
     1417	2023-08-29 12:02:42	4	1	1	0
     1417	2023-08-29 12:02:44	4	1	1	0
      817	2023-08-29 12:02:52	4	1	1	0
     1217	2023-08-29 12:03:23	4	1	1	0
     1205	2023-08-29 12:05:47	4	1	1	0
     2827	2023-08-29 12:07:04	4	1	1	0
     2827	2023-08-29 12:07:06	4	1	1	0
      920	2023-08-29 12:08:53	4	1	1	0
     1417	2023-08-29 12:10:22	4	0	1	0
     1417	2023-08-29 12:10:24	4	0	1	0
     1417	2023-08-29 12:10:26	4	0	1	0
     1417	2023-08-29 12:10:27	4	0	1	0
     2866	2023-08-29 12:10:52	4	1	1	0
     2827	2023-08-29 12:12:02	4	0	1	0
     2827	2023-08-29 12:12:04	4	0	1	0
     1205	2023-08-29 12:12:39	4	0	1	0
     2001	2023-08-29 12:13:13	4	1	1	0
     2112	2023-08-29 12:13:31	4	1	1	0
      516	2023-08-29 12:14:30	4	1	1	0
      516	2023-08-29 12:15:07	4	1	1	0
     1217	2023-08-29 12:15:44	4	0	1	0
      516	2023-08-29 12:17:45	4	0	1	0
     2761	2023-08-29 12:21:56	4	0	1	0
     2761	2023-08-29 12:21:58	4	0	1	0
     2112	2023-08-29 12:24:38	4	0	1	0
     2866	2023-08-29 12:24:55	4	0	1	0
      324	2023-08-29 12:30:07	4	1	1	0
      324	2023-08-29 12:30:21	4	1	1	0
      920	2023-08-29 12:30:44	4	0	1	0
     2047	2023-08-29 12:33:30	4	1	1	0
     2047	2023-08-29 12:35:05	4	0	1	0
      470	2023-08-29 12:39:25	4	0	1	0
      817	2023-08-29 12:41:03	4	0	1	0
     2001	2023-08-29 12:44:10	4	0	1	0
      324	2023-08-29 12:44:30	4	0	1	0
      324	2023-08-29 12:44:35	4	0	1	0
      623	2023-08-29 13:04:56	4	1	1	0
      623	2023-08-29 13:05:02	4	0	1	0
     2615	2023-08-29 13:28:00	4	1	1	0
     2615	2023-08-29 13:28:05	4	1	1	0
     2615	2023-08-29 13:31:06	4	0	1	0
     2615	2023-08-29 13:31:15	4	0	1	0
     1064	2023-08-29 16:03:49	4	1	1	0
     2866	2023-08-29 17:01:10	4	1	1	0
      817	2023-08-29 17:03:35	4	1	1	0
     1217	2023-08-29 17:03:43	4	1	1	0
     1205	2023-08-29 17:03:47	4	1	1	0
     2761	2023-08-29 17:04:18	4	1	1	0
     2761	2023-08-29 17:04:21	4	1	1	0
     1417	2023-08-29 17:04:26	4	1	1	0
     1417	2023-08-29 17:04:27	4	1	1	0
     1417	2023-08-29 17:04:29	4	1	1	0
     1417	2023-08-29 17:04:30	4	1	1	0
     1417	2023-08-29 17:04:32	4	1	1	0
     2827	2023-08-29 17:04:38	4	1	1	0
     2827	2023-08-29 17:04:39	4	1	1	0
     2827	2023-08-29 17:04:40	4	1	1	0
     2112	2023-08-29 17:07:18	4	1	1	0
     2112	2023-08-29 17:07:20	4	1	1	0
     2047	2023-08-29 17:07:40	4	1	1	0
      920	2023-08-29 17:07:51	4	1	1	0
      470	2023-08-29 17:13:21	4	1	1	0
      324	2023-08-29 18:47:26	4	1	1	0
      324	2023-08-29 18:47:27	4	1	1	0
     2238	2023-08-29 18:59:15	4	1	1	0
     2615	2023-08-29 20:05:18	4	1	1	0
     2615	2023-08-29 20:05:22	4	1	1	0
     2615	2023-08-29 20:05:29	4	1	1	0
     2615	2023-08-29 20:05:40	4	1	1	0
     2001	2023-08-29 20:22:07	4	1	1	0
      516	2023-08-29 20:29:36	4	1	1	0
     1420	2023-08-29 20:45:56	4	1	1	0
     2125	2023-08-29 22:02:58	4	1	1	0
     2125	2023-08-29 22:02:59	4	1	1	0
     2125	2023-08-29 22:03:02	4	1	1	0
      623	2023-08-29 22:44:56	4	1	1	0
     2125	2023-08-29 23:26:13	4	1	1	0
      714	2023-08-30 00:00:03	4	0	1	0
      714	2023-08-30 00:00:08	4	0	1	0
     2866	2023-08-30 05:33:22	4	0	1	0
     2866	2023-08-30 05:33:27	4	0	1	0
     2047	2023-08-30 07:32:00	4	0	1	0
     1064	2023-08-30 07:32:06	4	0	1	0
     2112	2023-08-30 07:35:46	4	0	1	0
     2112	2023-08-30 07:35:47	4	0	1	0
     2238	2023-08-30 07:39:18	4	0	1	0
     2827	2023-08-30 07:39:35	4	0	1	0
     2827	2023-08-30 07:39:37	4	0	1	0
     1205	2023-08-30 07:46:16	4	0	1	0
      324	2023-08-30 07:51:16	4	0	1	0
      324	2023-08-30 07:51:18	4	0	1	0
      470	2023-08-30 07:52:28	4	0	1	0
     2125	2023-08-30 07:52:55	4	0	1	0
     2125	2023-08-30 07:52:57	4	0	1	0
       37	2023-08-30 07:53:34	4	0	1	0
       37	2023-08-30 07:53:40	4	0	1	0
      516	2023-08-30 07:53:48	4	0	1	0
     2761	2023-08-30 07:55:08	4	0	1	0
     2761	2023-08-30 07:55:10	4	0	1	0
     1217	2023-08-30 07:56:27	4	0	1	0
      470	2023-08-30 07:57:32	4	0	1	0
     1420	2023-08-30 07:57:44	4	0	1	0
     1417	2023-08-30 07:58:31	4	0	1	0
     1417	2023-08-30 07:58:33	4	0	1	0
     1417	2023-08-30 07:58:35	4	0	1	0
     1417	2023-08-30 07:58:38	4	0	1	0
     1417	2023-08-30 07:58:42	4	0	1	0
      920	2023-08-30 08:03:50	4	0	1	0
      817	2023-08-30 08:17:25	4	0	1	0
     1417	2023-08-30 12:01:03	4	1	1	0
     1417	2023-08-30 12:01:04	4	1	1	0
     1417	2023-08-30 12:03:06	4	0	1	0
     1417	2023-08-30 12:03:07	4	0	1	0
     1417	2023-08-30 12:03:09	4	0	1	0
      470	2023-08-30 12:04:38	4	1	1	0
     2112	2023-08-30 12:05:13	4	1	1	0
     2866	2023-08-30 12:05:20	4	1	1	0
      817	2023-08-30 12:12:29	4	1	1	0
      324	2023-08-30 12:21:52	4	1	1	0
      324	2023-08-30 12:21:54	4	1	1	0
      516	2023-08-30 12:21:59	4	1	1	0
      516	2023-08-30 12:23:03	4	0	1	0
      324	2023-08-30 12:23:14	4	0	1	0
      324	2023-08-30 12:23:17	4	0	1	0
      817	2023-08-30 12:39:10	4	0	1	0
     2047	2023-08-30 12:39:47	4	1	1	0
      920	2023-08-30 12:40:03	4	1	1	0
      470	2023-08-30 12:41:05	4	0	1	0
     2047	2023-08-30 12:41:28	4	0	1	0
      920	2023-08-30 12:46:35	4	0	1	0
     2112	2023-08-30 12:48:31	4	0	1	0
     2866	2023-08-30 12:48:44	4	0	1	0
     1064	2023-08-30 16:01:19	4	1	1	0
       37	2023-08-30 16:01:34	4	1	1	0
       37	2023-08-30 16:01:36	4	1	1	0
      470	2023-08-30 17:01:05	4	1	1	0
     2238	2023-08-30 17:02:15	4	1	1	0
     2866	2023-08-30 17:02:43	4	1	1	0
     2866	2023-08-30 17:02:48	4	1	1	0
     1205	2023-08-30 17:02:57	4	1	1	0
      817	2023-08-30 17:03:03	4	1	1	0
      920	2023-08-30 17:03:05	4	1	1	0
     1217	2023-08-30 17:03:32	4	1	1	0
     2112	2023-08-30 17:04:06	4	1	1	0
     2112	2023-08-30 17:04:07	4	1	1	0
     1205	2023-08-30 17:04:19	4	1	1	0
     1417	2023-08-30 17:04:24	4	1	1	0
     1417	2023-08-30 17:04:25	4	1	1	0
     1417	2023-08-30 17:04:27	4	1	1	0
     1417	2023-08-30 17:04:29	4	1	1	0
     1417	2023-08-30 17:04:31	4	1	1	0
     1417	2023-08-30 17:04:37	4	1	1	0
     2047	2023-08-30 17:05:16	4	1	1	0
     2615	2023-08-30 17:07:15	4	1	1	0
     2615	2023-08-30 17:07:20	4	1	1	0
     2615	2023-08-30 17:07:29	4	1	1	0
     2001	2023-08-30 17:12:22	4	1	1	0
     1417	2023-08-30 17:12:29	4	1	1	0
     1417	2023-08-30 17:12:31	4	1	1	0
      623	2023-08-30 17:40:28	4	1	1	0
     2615	2023-08-30 17:41:54	4	1	1	0
      324	2023-08-30 17:46:55	4	1	1	0
      324	2023-08-30 17:46:57	4	1	1	0
      516	2023-08-30 17:47:03	4	1	1	0
     2827	2023-08-30 17:47:10	4	1	1	0
     2827	2023-08-30 17:47:16	4	1	1	0
     2827	2023-08-30 17:48:22	4	1	1	0
     2035	2023-08-30 17:55:17	4	1	1	0
     2761	2023-08-30 18:19:51	4	1	1	0
     2761	2023-08-30 18:19:53	4	1	1	0
      516	2023-08-30 18:43:35	4	1	1	0
      623	2023-08-30 18:43:38	4	1	1	0
      324	2023-08-30 18:47:10	4	1	1	0
     2125	2023-08-30 22:03:21	4	1	1	0
     2125	2023-08-30 22:03:23	4	1	1	0
     2125	2023-08-30 22:03:24	4	1	1	0
     1420	2023-08-30 22:03:29	4	1	1	0
     1420	2023-08-30 22:03:34	4	1	1	0
     2125	2023-08-30 23:36:38	4	1	1	0
     2866	2023-08-31 05:28:42	4	0	1	0
     2866	2023-08-31 05:28:47	4	0	1	0
     2125	2023-08-31 06:22:04	4	0	1	0
     2125	2023-08-31 06:22:05	4	0	1	0
     1205	2023-08-31 06:27:19	4	0	1	0
     1205	2023-08-31 06:27:22	4	0	1	0
     1064	2023-08-31 07:31:23	4	0	1	0
     2047	2023-08-31 07:38:20	4	0	1	0
       37	2023-08-31 07:38:33	4	0	1	0
       37	2023-08-31 07:38:35	4	0	1	0
     2112	2023-08-31 07:41:00	4	0	1	0
     2112	2023-08-31 07:41:01	4	0	1	0
      470	2023-08-31 07:56:18	4	0	1	0
      516	2023-08-31 07:56:57	4	0	1	0
      920	2023-08-31 07:58:13	4	0	1	0
     2761	2023-08-31 07:58:38	4	0	1	0
     2761	2023-08-31 07:58:39	4	0	1	0
     1417	2023-08-31 07:58:44	4	0	1	0
     1417	2023-08-31 07:58:46	4	0	1	0
     1417	2023-08-31 07:58:49	4	0	1	0
     2827	2023-08-31 07:59:34	4	0	1	0
     2827	2023-08-31 07:59:35	4	0	1	0
      817	2023-08-31 07:59:45	4	0	1	0
     1217	2023-08-31 08:00:00	4	0	1	0
      324	2023-08-31 08:01:06	4	0	1	0
      324	2023-08-31 08:01:08	4	0	1	0
      324	2023-08-31 08:01:31	4	0	1	0
     2238	2023-08-31 08:31:14	4	0	1	0
     1417	2023-08-31 12:02:07	4	1	1	0
     1417	2023-08-31 12:02:08	4	1	1	0
     2615	2023-08-31 12:02:13	4	1	1	0
     2615	2023-08-31 12:02:17	4	1	1	0
     2761	2023-08-31 12:02:39	4	1	1	0
     2761	2023-08-31 12:02:40	4	1	1	0
      470	2023-08-31 12:03:12	4	1	1	0
     2827	2023-08-31 12:03:14	4	1	1	0
     2827	2023-08-31 12:03:16	4	1	1	0
     1217	2023-08-31 12:03:37	4	1	1	0
     1417	2023-08-31 12:07:50	4	0	1	0
     1417	2023-08-31 12:07:51	4	0	1	0
     1417	2023-08-31 12:07:53	4	0	1	0
      516	2023-08-31 12:07:58	4	1	1	0
     2035	2023-08-31 12:09:54	4	1	1	0
      623	2023-08-31 12:10:13	4	1	1	0
     1217	2023-08-31 12:11:15	4	0	1	0
     2112	2023-08-31 12:11:48	4	1	1	0
     2866	2023-08-31 12:11:59	4	1	1	0
      516	2023-08-31 12:12:24	4	0	1	0
      324	2023-08-31 12:19:05	4	1	1	0
     2761	2023-08-31 12:25:17	4	0	1	0
     2761	2023-08-31 12:25:19	4	0	1	0
     2112	2023-08-31 12:26:07	4	0	1	0
     2866	2023-08-31 12:26:58	4	0	1	0
      623	2023-08-31 12:30:14	4	0	1	0
     2125	2023-08-31 12:30:43	4	1	1	0
     2827	2023-08-31 12:31:35	4	0	1	0
     2827	2023-08-31 12:31:37	4	0	1	0
     2125	2023-08-31 12:37:31	4	0	1	0
     2035	2023-08-31 12:38:30	4	0	1	0
      817	2023-08-31 12:44:37	4	1	1	0
      817	2023-08-31 12:47:04	4	0	1	0
      817	2023-08-31 12:47:05	4	0	1	0
      324	2023-08-31 12:47:13	4	0	1	0
      470	2023-08-31 12:49:30	4	0	1	0
     2047	2023-08-31 12:52:49	4	1	1	0
      920	2023-08-31 12:52:54	4	1	1	0
     2047	2023-08-31 12:55:54	4	0	1	0
      920	2023-08-31 12:55:58	4	0	1	0
      714	2023-08-31 15:05:46	4	0	1	0
      714	2023-08-31 15:05:50	4	0	1	0
       37	2023-08-31 16:05:54	4	1	1	0
       37	2023-08-31 16:05:55	4	1	1	0
       37	2023-08-31 16:05:56	4	1	1	0
     1064	2023-08-31 16:06:03	4	1	1	0
     2866	2023-08-31 17:01:19	4	1	1	0
      516	2023-08-31 17:01:44	4	1	1	0
      817	2023-08-31 17:03:37	4	1	1	0
      920	2023-08-31 17:03:49	4	1	1	0
     2047	2023-08-31 17:04:30	4	1	1	0
      470	2023-08-31 17:06:34	4	1	1	0
     2035	2023-08-31 17:07:16	4	1	1	0
     2112	2023-08-31 17:08:03	4	1	1	0
     2112	2023-08-31 17:08:05	4	1	1	0
     1417	2023-08-31 17:29:12	4	1	1	0
     1417	2023-08-31 17:29:14	4	1	1	0
     1417	2023-08-31 17:29:16	4	1	1	0
      324	2023-08-31 17:29:37	4	1	1	0
      324	2023-08-31 17:29:38	4	1	1	0
     1205	2023-08-31 18:07:00	4	1	1	0
     1205	2023-08-31 18:17:40	4	1	1	0
      623	2023-08-31 18:23:30	4	1	1	0
     2761	2023-08-31 18:23:54	4	1	1	0
     2761	2023-08-31 18:23:55	4	1	1	0
     1217	2023-08-31 18:24:00	4	1	1	0
     2615	2023-08-31 18:24:05	4	1	1	0
     2615	2023-08-31 18:24:10	4	1	1	0
      623	2023-08-31 18:27:01	4	1	1	0
     2615	2023-08-31 18:39:06	4	1	1	0
     2001	2023-08-31 18:47:00	4	1	1	0
     2238	2023-08-31 18:47:43	4	1	1	0
      516	2023-08-31 18:48:14	4	1	1	0
      516	2023-08-31 19:02:28	4	1	1	0
      623	2023-08-31 19:08:07	4	1	1	0
     2827	2023-08-31 19:25:51	4	1	1	0
     2827	2023-08-31 19:25:55	4	1	1	0
     2827	2023-08-31 19:25:58	4	1	1	0
     2125	2023-08-31 19:28:32	4	1	1	0
     2125	2023-08-31 19:28:34	4	1	1	0
     2125	2023-08-31 19:28:35	4	1	1	0
     2125	2023-08-31 23:40:15	4	1	1	0
      714	2023-09-01 00:00:02	4	0	1	0
      714	2023-09-01 00:00:06	4	0	1	0
     2866	2023-09-01 05:30:47	4	0	1	0
     2866	2023-09-01 05:30:52	4	0	1	0
      516	2023-09-01 06:16:42	4	0	1	0
     2001	2023-09-01 06:25:44	4	0	1	0
     1205	2023-09-01 06:44:31	4	0	1	0
     2125	2023-09-01 06:46:57	4	0	1	0
     2125	2023-09-01 06:46:59	4	0	1	0
      324	2023-09-01 06:59:19	4	0	1	0
      324	2023-09-01 06:59:21	4	0	1	0
      920	2023-09-01 07:07:31	4	1	1	0
      324	2023-09-01 07:08:38	4	0	1	0
     1420	2023-09-01 07:08:50	4	0	1	0
     1217	2023-09-01 07:13:46	4	0	1	0
     2125	2023-09-01 07:23:32	4	0	1	0
     2112	2023-09-01 07:26:50	4	0	1	0
     2112	2023-09-01 07:26:52	4	0	1	0
      817	2023-09-01 07:37:12	4	0	1	0
     2827	2023-09-01 07:38:16	4	0	1	0
     2827	2023-09-01 07:38:18	4	0	1	0
     1064	2023-09-01 07:38:24	4	0	1	0
       37	2023-09-01 07:55:39	4	0	1	0
       37	2023-09-01 07:55:42	4	0	1	0
       37	2023-09-01 07:55:43	4	0	1	0
     2047	2023-09-01 07:56:48	4	0	1	0
     1417	2023-09-01 08:00:31	4	0	1	0
     1417	2023-09-01 08:00:32	4	0	1	0
     1417	2023-09-01 08:00:36	4	0	1	0
     2761	2023-09-01 09:04:16	4	0	1	0
     2761	2023-09-01 09:04:17	4	0	1	0
